0 0.022865853658536585 0.7309253246753247 0.0125 0.0174512987012987
0 0.20762195121951219 0.7617694805194806 0.01097560975609756 0.012581168831168832
0 0.4344512195121951 0.9277597402597403 0.008841463414634146 0.013392857142857142
0 0.4875 0.9590097402597403 0.021646341463414633 0.026379870129870128
0 0.1722560975609756 0.617288961038961 0.010670731707317074 0.01461038961038961
0 0.38140243902439025 0.6132305194805194 0.015548780487804878 0.018262987012987012
0 0.2966463414634146 0.5117694805194806 0.011890243902439025 0.018668831168831168
0 0.9966463414634147 0.1010551948051948 0.012195121951219513 0.012175324675324676
0 0.4679878048780488 0.6883116883116883 0.010670731707317074 0.017045454545454544
0 0.6978658536585366 0.16193181818181818 0.015853658536585366 0.01948051948051948
0 0.3442073170731707 0.6071428571428571 0.013719512195121951 0.02150974025974026
0 0.5658536585365853 0.9918831168831169 0.009451219512195122 0.015016233766233766
0 0.9966463414634147 0.3794642857142857 0.010365853658536586 0.01176948051948052
0 0.6893292682926829 0.330762987012987 0.00975609756097561 0.00974025974025974
0 0.9320121951219512 0.7021103896103896 0.014634146341463415 0.016233766233766232
0 0.011585365853658536 0.9951298701298701 0.011280487804878048 0.015827922077922076
0 0.36128048780487804 0.5787337662337663 0.012195121951219513 0.01948051948051948
0 0.5673780487804878 0.09212662337662338 0.012804878048780487 0.01948051948051948
0 0.16859756097560977 0.5478896103896104 0.008231707317073171 0.007711038961038961
0 0.03231707317073171 0.6542207792207793 0.011890243902439025 0.016233766233766232
0 0.698780487804878 0.9301948051948052 0.00975609756097561 0.016233766233766232
0 0.9786585365853658 0.3409090909090909 0.010670731707317074 0.016639610389610388
0 0.13993902439024392 0.317775974025974 0.009451219512195122 0.012175324675324676
0 0.5753048780487805 0.9788961038961039 0.00975609756097561 0.00974025974025974
0 0.348780487804878 0.3977272727272727 0.012195121951219513 0.014204545454545454
0 0.09878048780487805 0.2832792207792208 0.010670731707317074 0.017045454545454544
1 0.9213414634146342 0.5482954545454546 0.008841463414634146 0.011363636363636364
1 0.9841463414634146 0.867288961038961 0.013414634146341463 0.015422077922077922
1 0.47591463414634144 0.1663961038961039 0.011585365853658536 0.012987012987012988
1 0.8826219512195121 0.6732954545454546 0.015853658536585366 0.017857142857142856
1 0.9024390243902439 0.637987012987013 0.016463414634146342 0.024350649350649352
1 0.05426829268292683 0.9265422077922078 0.01402439024390244 0.01461038961038961
1 0.23871951219512194 0.676948051948052 0.01402439024390244 0.017857142857142856
1 0.07286585365853658 0.21387987012987014 0.008841463414634146 0.012987012987012988
1 0.5009146341463414 0.775974025974026 0.013109756097560975 0.016233766233766232
1 0.32347560975609757 0.336038961038961 0.01524390243902439 0.023944805194805196
1 0.4164634146341463 0.06939935064935066 0.01402439024390244 0.021915584415584416
1 0.028353658536585367 0.21753246753246752 0.011280487804878048 0.015016233766233766
1 0.573780487804878 0.6493506493506493 0.01676829268292683 0.02353896103896104
1 0.22134146341463415 0.398538961038961 0.011890243902439025 0.0174512987012987
1 0.5801829268292683 0.9423701298701299 0.008841463414634146 0.00974025974025974
1 0.572560975609756 0.45616883116883117 0.00975609756097561 0.013392857142857142
1 0.15640243902439024 0.9375 0.014329268292682927 0.018262987012987012
1 0.5076219512195121 0.13068181818181818 0.011585365853658536 0.014204545454545454
1 0.08963414634146341 0.3961038961038961 0.010365853658536586 0.013798701298701298
1 0.8140243902439024 0.2597402597402597 0.012195121951219513 0.016639610389610388
1 0.05030487804878049 0.8928571428571429 0.012804878048780487 0.013392857142857142
1 0.5189024390243903 0.3112824675324675 0.0125 0.017045454545454544
1 0.6310975609756098 0.20900974025974026 0.010670731707317074 0.013392857142857142
1 0.2777439024390244 0.9931006493506493 0.011280487804878048 0.01176948051948052
1 0.8621951219512195 0.14042207792207792 0.015853658536585366 0.018262987012987012
1 0.21920731707317073 0.14366883116883117 0.0125 0.017857142857142856
1 0.8146341463414634 0.6761363636363636 0.01524390243902439 0.021915584415584416
1 0.3231707317073171 0.8681006493506493 0.010060975609756098 0.014204545454545454
1 0.536280487804878 0.3656655844155844 0.010670731707317074 0.013392857142857142
1 0.45365853658536587 0.1939935064935065 0.009451219512195122 0.012581168831168832
1 0.8167682926829268 0.5231331168831169 0.016158536585365854 0.023133116883116884
1 0.3823170731707317 0.4630681818181818 0.00975609756097561 0.01176948051948052
1 0.33932926829268295 0.45535714285714285 0.021341463414634148 0.027597402597402596
1 0.7844512195121951 0.9370941558441559 0.01097560975609756 0.016233766233766232
1 0.41371951219512193 0.3778409090909091 0.0125 0.016639610389610388
1 0.9628048780487805 0.7573051948051948 0.013414634146341463 0.015827922077922076
1 0.8728658536585366 0.5543831168831169 0.010670731707317074 0.012175324675324676
1 0.7371951219512195 0.24797077922077923 0.011585365853658536 0.015422077922077922
1 0.8033536585365854 0.10227272727272728 0.01097560975609756 0.017857142857142856
1 0.5292682926829269 0.3336038961038961 0.01097560975609756 0.0174512987012987
1 0.20579268292682926 0.17897727272727273 0.015853658536585366 0.018262987012987012
1 0.5445121951219513 0.052759740259740256 0.01097560975609756 0.015016233766233766
1 0.35 0.3380681818181818 0.0125 0.017857142857142856
1 0.5734756097560976 0.6773538961038961 0.00975609756097561 0.013798701298701298
1 0.47835365853658535 0.7719155844155844 0.013414634146341463 0.015016233766233766
1 0.9399390243902439 0.755275974025974 0.011890243902439025 0.013392857142857142
1 0.4451219512195122 0.41233766233766234 0.01524390243902439 0.018668831168831168
1 0.6289634146341463 0.3640422077922078 0.010060975609756098 0.015422077922077922
1 0.9310975609756098 0.12946428571428573 0.011280487804878048 0.012175324675324676
1 0.9103658536585366 0.7329545454545454 0.010670731707317074 0.014204545454545454
1 0.03597560975609756 0.5836038961038961 0.013109756097560975 0.015827922077922076
1 0.04359756097560975 0.17816558441558442 0.01524390243902439 0.022727272727272728
1 0.9536585365853658 0.08563311688311688 0.00853658536585366 0.01176948051948052
1 0.38689024390243903 0.6481331168831169 0.011585365853658536 0.012581168831168832
1 0.0125 0.8189935064935064 0.0125 0.01461038961038961
1 0.06676829268292683 0.560064935064935 0.01402439024390244 0.017045454545454544
1 0.4533536585365854 0.752435064935065 0.01402439024390244 0.018262987012987012
1 0.03780487804878049 0.7796266233766234 0.013414634146341463 0.018668831168831168
1 0.06676829268292683 0.7674512987012987 0.012195121951219513 0.015422077922077922
1 0.8125 0.7520292207792207 0.009146341463414634 0.01176948051948052
1 0.573170731707317 0.7398538961038961 0.013109756097560975 0.014204545454545454
1 0.08292682926829269 0.21550324675324675 0.0125 0.016233766233766232
1 0.1576219512195122 0.05073051948051948 0.010060975609756098 0.010957792207792208
1 0.8179878048780488 0.15543831168831168 0.01402439024390244 0.020698051948051948
1 0.8972560975609756 0.3319805194805195 0.013719512195121951 0.017857142857142856
1 0.9835365853658536 0.9642857142857143 0.014634146341463415 0.023133116883116884
1 0.5841463414634146 0.4172077922077922 0.013719512195121951 0.021915584415584416
1 0.04359756097560975 0.23376623376623376 0.014634146341463415 0.021103896103896104
1 0.46432926829268295 0.8368506493506493 0.0125 0.016639610389610388
1 0.998780487804878 0.885551948051948 0.01097560975609756 0.014204545454545454
1 0.25182926829268293 0.7909902597402597 0.013414634146341463 0.02150974025974026
1 0.561280487804878 0.9590097402597403 0.013414634146341463 0.013798701298701298
1 0.998780487804878 0.9237012987012987 0.011280487804878048 0.016233766233766232
1 0.2810975609756098 0.4224837662337662 0.012804878048780487 0.018262987012987012
1 0.9496951219512195 0.4659090909090909 0.008841463414634146 0.010957792207792208
1 0.948780487804878 0.8616071428571429 0.011280487804878048 0.01461038961038961
1 0.9076219512195122 0.6022727272727273 0.013414634146341463 0.015016233766233766
1 0.38353658536585367 0.911525974025974 0.011585365853658536 0.018262987012987012
1 0.3466463414634146 0.05113636363636364 0.01768292682926829 0.026379870129870128
1 0.18170731707317073 0.9768668831168831 0.014634146341463415 0.020292207792207792
