0 0.9240853658536585 0.04586038961038961 0.011890243902439025 0.016233766233766232
0 0.8323170731707317 0.7471590909090909 0.013109756097560975 0.0174512987012987
0 0.2347560975609756 0.6566558441558441 0.010365853658536586 0.014204545454545454
0 0.08902439024390243 0.3116883116883117 0.01097560975609756 0.013392857142857142
0 0.3978658536585366 0.9448051948051948 0.018292682926829267 0.026785714285714284
0 0.9701219512195122 0.30560064935064934 0.010365853658536586 0.014204545454545454
0 0.9713414634146341 0.05397727272727273 0.010365853658536586 0.010146103896103896
0 0.9201219512195122 0.45535714285714285 0.011585365853658536 0.018262987012987012
0 0.636890243902439 0.15503246753246752 0.016463414634146342 0.024350649350649352
0 0.9777439024390244 0.36810064935064934 0.010060975609756098 0.015016233766233766
0 0.027439024390243903 0.47564935064935066 0.01951219512195122 0.025974025974025976
0 0.5567073170731708 0.2297077922077922 0.016463414634146342 0.018668831168831168
0 0.2725609756097561 0.42613636363636365 0.008841463414634146 0.008928571428571428
0 0.5167682926829268 0.42491883116883117 0.012804878048780487 0.016233766233766232
0 0.4625 0.9151785714285714 0.00975609756097561 0.012987012987012988
0 0.0625 0.2609577922077922 0.010365853658536586 0.012175324675324676
0 0.9542682926829268 0.7832792207792207 0.010365853658536586 0.00974025974025974
0 0.11067073170731707 0.6521915584415584 0.01097560975609756 0.017045454545454544
0 0.8503048780487805 0.5819805194805194 0.014329268292682927 0.017045454545454544
0 0.032621951219512196 0.18060064935064934 0.01402439024390244 0.017045454545454544
0 0.5597560975609757 0.7195616883116883 0.018292682926829267 0.02719155844155844
0 0.43384146341463414 0.09780844155844155 0.010060975609756098 0.010551948051948052
0 0.7009146341463415 0.18628246753246752 0.014634146341463415 0.0174512987012987
0 0.2923780487804878 0.6229707792207793 0.012195121951219513 0.014204545454545454
0 0.4795731707317073 0.8429383116883117 0.016158536585365854 0.021915584415584416
0 0.6189024390243902 0.46185064935064934 0.010365853658536586 0.015827922077922076
0 0.0801829268292683 0.6534090909090909 0.012195121951219513 0.015016233766233766
0 0.4823170731707317 0.4549512987012987 0.00853658536585366 0.012581168831168832
0 0.663109756097561 0.7516233766233766 0.01707317073170732 0.02353896103896104
0 0.6567073170731708 0.9151785714285714 0.009146341463414634 0.008116883116883116
0 0.7158536585365853 0.7897727272727273 0.011280487804878048 0.013798701298701298
0 0.8908536585365854 0.2784090909090909 0.016463414634146342 0.024756493506493508
0 0.9722560975609756 0.21469155844155843 0.013719512195121951 0.018262987012987012
0 0.35 0.9200487012987013 0.011585365853658536 0.016639610389610388
0 0.18963414634146342 0.7455357142857143 0.00975609756097561 0.015827922077922076
0 0.7432926829268293 0.6964285714285714 0.010670731707317074 0.014204545454545454
0 0.20548780487804877 0.7775974025974026 0.013719512195121951 0.02150974025974026
0 0.10670731707317073 0.5413961038961039 0.012195121951219513 0.019886363636363636
0 0.6432926829268293 0.3664772727272727 0.009146341463414634 0.01461038961038961
0 0.36402439024390243 0.7390422077922078 0.009146341463414634 0.00974025974025974
0 0.6003048780487805 0.12702922077922077 0.013414634146341463 0.017857142857142856
0 0.3228658536585366 0.9801136363636364 0.01798780487804878 0.024350649350649352
0 0.3899390243902439 0.6611201298701299 0.009146341463414634 0.014204545454545454
0 0.7667682926829268 0.38392857142857145 0.010060975609756098 0.015016233766233766
0 0.38932926829268294 0.037337662337662336 0.00975609756097561 0.014204545454545454
0 0.47591463414634144 0.8575487012987013 0.01768292682926829 0.023944805194805196
0 0.22195121951219512 0.8510551948051948 0.012804878048780487 0.020698051948051948
0 0.49085365853658536 0.939935064935065 0.013109756097560975 0.013392857142857142
0 0.028353658536585367 0.08806818181818182 0.01707317073170732 0.023133116883116884
0 0.3277439024390244 0.23741883116883117 0.01676829268292683 0.024350649350649352
0 0.06859756097560976 0.3145292207792208 0.012804878048780487 0.015827922077922076
0 0.36097560975609755 0.8883928571428571 0.0125 0.013798701298701298
0 0.11920731707317073 0.200487012987013 0.010365853658536586 0.015422077922077922
0 0.9591463414634146 0.36363636363636365 0.011585365853658536 0.016639610389610388
0 0.45670731707317075 0.6594967532467533 0.00975609756097561 0.014204545454545454
0 0.11615853658536586 0.4310064935064935 0.012195121951219513 0.018668831168831168
0 0.03536585365853658 0.8778409090909091 0.014329268292682927 0.019886363636363636
0 0.5094512195121951 0.1672077922077922 0.012195121951219513 0.017045454545454544
0 0.5817073170731707 0.8299512987012987 0.01524390243902439 0.021915584415584416
0 0.0875 0.36891233766233766 0.008841463414634146 0.012175324675324676
0 0.14085365853658535 0.549512987012987 0.01402439024390244 0.017045454545454544
0 0.7045731707317073 0.5665584415584416 0.009451219512195122 0.015827922077922076
0 0.7905487804878049 0.4054383116883117 0.010060975609756098 0.016639610389610388
0 0.5759146341463415 0.9419642857142857 0.01402439024390244 0.015827922077922076
0 0.051524390243902436 0.21103896103896103 0.009146341463414634 0.015016233766233766
0 0.6496951219512195 0.2727272727272727 0.014634146341463415 0.018668831168831168
0 0.6652439024390244 0.23579545454545456 0.015853658536585366 0.017857142857142856
0 0.39420731707317075 0.15016233766233766 0.01707317073170732 0.02556818181818182
0 0.964329268292683 0.11201298701298701 0.012195121951219513 0.012175324675324676
0 0.21798780487804878 0.3340097402597403 0.013109756097560975 0.018262987012987012
0 0.042682926829268296 0.5430194805194806 0.011280487804878048 0.01461038961038961
0 0.3542682926829268 0.15868506493506493 0.013719512195121951 0.015016233766233766
0 0.9009146341463414 0.4318181818181818 0.013414634146341463 0.015422077922077922
0 0.30884146341463414 0.24594155844155843 0.011890243902439025 0.012987012987012988
0 0.6670731707317074 0.3587662337662338 0.009146341463414634 0.009334415584415584
0 0.7713414634146342 0.44561688311688313 0.013109756097560975 0.01461038961038961
0 0.388109756097561 0.7922077922077922 0.00975609756097561 0.013392857142857142
0 0.09176829268292683 0.6229707792207793 0.011585365853658536 0.012581168831168832
0 0.38689024390243903 0.627435064935065 0.00975609756097561 0.010957792207792208
0 0.6030487804878049 0.1396103896103896 0.0125 0.017857142857142856
0 0.45975609756097563 0.24066558441558442 0.014329268292682927 0.019886363636363636
0 0.08658536585365853 0.9797077922077922 0.016158536585365854 0.019886363636363636
0 0.4140243902439024 0.23417207792207792 0.014329268292682927 0.021103896103896104
0 0.09298780487804878 0.6834415584415584 0.011890243902439025 0.0174512987012987
1 0.7996951219512195 0.9833603896103896 0.014634146341463415 0.02150974025974026
1 0.015548780487804878 0.5653409090909091 0.012195121951219513 0.016233766233766232
1 0.4399390243902439 0.7568993506493507 0.010670731707317074 0.013798701298701298
1 0.2841463414634146 0.05032467532467533 0.011280487804878048 0.015422077922077922
1 0.886280487804878 0.8092532467532467 0.0125 0.018262987012987012
1 0.3146341463414634 0.45738636363636365 0.011890243902439025 0.015827922077922076
1 0.6698170731707317 0.5032467532467533 0.00975609756097561 0.010957792207792208
1 0.886890243902439 0.9866071428571429 0.01524390243902439 0.020698051948051948
1 0.03780487804878049 0.17978896103896103 0.009146341463414634 0.008522727272727272
1 0.6939024390243902 0.23376623376623376 0.012195121951219513 0.018668831168831168
1 0.18445121951219512 0.900974025974026 0.00975609756097561 0.010146103896103896
1 0.7451219512195122 0.637987012987013 0.014939024390243902 0.018668831168831168
1 0.3832317073170732 0.42410714285714285 0.010365853658536586 0.016639610389610388
1 0.5795731707317073 0.07548701298701299 0.019817073170731708 0.02719155844155844
1 0.7649390243902439 0.3693181818181818 0.01097560975609756 0.013392857142857142
1 0.5411585365853658 0.8555194805194806 0.014634146341463415 0.020698051948051948
1 0.3570121951219512 0.22443181818181818 0.012804878048780487 0.015422077922077922
1 0.9579268292682926 0.7077922077922078 0.012195121951219513 0.01461038961038961
1 0.9246951219512195 0.7999188311688312 0.01768292682926829 0.02719155844155844
1 0.7777439024390244 0.9224837662337663 0.010060975609756098 0.017045454545454544
1 0.751219512195122 0.1976461038961039 0.013109756097560975 0.016639610389610388
1 0.338109756097561 0.5771103896103896 0.011890243902439025 0.016233766233766232
1 0.22347560975609757 0.25243506493506496 0.010060975609756098 0.010146103896103896
1 0.22195121951219512 0.6887175324675324 0.010060975609756098 0.00974025974025974
1 0.7216463414634147 0.021915584415584416 0.015548780487804878 0.020698051948051948
1 0.7246951219512195 0.21387987012987014 0.018902439024390243 0.028814935064935064
1 0.06463414634146342 0.5535714285714286 0.014634146341463415 0.02150974025974026
1 0.35121951219512193 0.8015422077922078 0.010060975609756098 0.016639610389610388
1 0.12713414634146342 0.07224025974025974 0.010670731707317074 0.011363636363636364
1 0.7042682926829268 0.653814935064935 0.008841463414634146 0.009334415584415584
1 0.1353658536585366 0.9728084415584416 0.011585365853658536 0.01461038961038961
1 0.36859756097560975 0.19521103896103897 0.012195121951219513 0.018668831168831168
1 0.7993902439024391 0.2792207792207792 0.010670731707317074 0.012581168831168832
1 0.7667682926829268 0.06574675324675325 0.011585365853658536 0.018668831168831168
1 0.1902439024390244 0.6116071428571429 0.014634146341463415 0.019074675324675324
1 0.6390243902439025 0.1793831168831169 0.011280487804878048 0.017045454545454544
1 0.18445121951219512 0.5645292207792207 0.013109756097560975 0.021103896103896104
1 0.4481707317073171 0.37337662337662336 0.01097560975609756 0.012987012987012988
1 0.16920731707317074 0.6298701298701299 0.008231707317073171 0.008116883116883116
