0 0.5042682926829268 0.049107142857142856 0.009146341463414634 0.008928571428571428
0 0.9716463414634147 0.1534090909090909 0.010670731707317074 0.017045454545454544
0 0.625609756097561 0.3940746753246753 0.01097560975609756 0.014204545454545454
0 0.7280487804878049 0.13636363636363635 0.016158536585365854 0.019886363636363636
0 0.6725609756097561 0.9391233766233766 0.015853658536585366 0.019074675324675324
0 0.7088414634146342 0.3989448051948052 0.009451219512195122 0.013798701298701298
0 0.2820121951219512 0.7642045454545454 0.010365853658536586 0.015016233766233766
0 0.17103658536585367 0.35836038961038963 0.011280487804878048 0.017857142857142856
0 0.9942073170731708 0.5413961038961039 0.010365853658536586 0.0174512987012987
0 0.08323170731707318 0.7873376623376623 0.013109756097560975 0.020698051948051948
0 0.2554878048780488 0.9971590909090909 0.008841463414634146 0.008928571428571428
0 0.7265243902439025 0.6631493506493507 0.012804878048780487 0.01948051948051948
1 0.8692073170731708 0.027597402597402596 0.011280487804878048 0.017857142857142856
1 0.053353658536585365 0.25608766233766234 0.010060975609756098 0.00974025974025974
1 0.8054878048780488 0.23782467532467533 0.0125 0.015422077922077922
1 0.8042682926829269 0.39204545454545453 0.011280487804878048 0.014204545454545454
1 0.6896341463414634 0.08603896103896104 0.011585365853658536 0.014204545454545454
1 0.600609756097561 0.38636363636363635 0.015548780487804878 0.016639610389610388
1 0.6439024390243903 0.59375 0.014939024390243902 0.022321428571428572
1 0.16067073170731708 0.1481331168831169 0.013414634146341463 0.019074675324675324
1 0.7591463414634146 0.02353896103896104 0.01524390243902439 0.022321428571428572
1 0.5155487804878048 0.09375 0.01097560975609756 0.015016233766233766
1 0.20792682926829267 0.599025974025974 0.010365853658536586 0.013798701298701298
1 0.4774390243902439 0.143262987012987 0.007926829268292683 0.008522727272727272
1 0.11219512195121951 0.1416396103896104 0.01524390243902439 0.022321428571428572
1 0.45121951219512196 0.38961038961038963 0.01097560975609756 0.01461038961038961
1 0.9582317073170732 0.9435876623376623 0.015853658536585366 0.024756493506493508
1 0.3198170731707317 0.971185064935065 0.012804878048780487 0.019074675324675324
1 0.263109756097561 0.5539772727272727 0.010670731707317074 0.017857142857142856
1 0.7810975609756098 0.924512987012987 0.013109756097560975 0.01461038961038961
1 0.40396341463414637 0.11810064935064934 0.01524390243902439 0.021103896103896104
1 0.7792682926829269 0.10592532467532467 0.013109756097560975 0.014204545454545454
1 0.7082317073170732 0.3092532467532468 0.012804878048780487 0.017857142857142856
1 0.613719512195122 0.8287337662337663 0.010670731707317074 0.010957792207792208
1 0.22042682926829268 0.9395292207792207 0.011280487804878048 0.012987012987012988
1 0.02347560975609756 0.10876623376623376 0.013109756097560975 0.013392857142857142
1 0.020121951219512196 0.48944805194805197 0.013414634146341463 0.016639610389610388
1 0.785670731707317 0.13839285714285715 0.01768292682926829 0.02556818181818182
1 0.1551829268292683 0.8498376623376623 0.01676829268292683 0.019074675324675324
1 0.6521341463414634 0.10430194805194805 0.014634146341463415 0.019886363636363636
1 0.9655487804878049 0.08685064935064934 0.008841463414634146 0.009334415584415584
1 0.2146341463414634 0.9253246753246753 0.009451219512195122 0.013798701298701298
1 0.9759146341463415 0.5978084415584416 0.013109756097560975 0.015827922077922076
1 0.7685975609756097 0.2520292207792208 0.010670731707317074 0.01461038961038961
1 0.07042682926829268 0.9472402597402597 0.013109756097560975 0.021103896103896104
1 0.9826219512195122 0.3218344155844156 0.016463414634146342 0.023133116883116884
1 0.03597560975609756 0.7406655844155844 0.009146341463414634 0.008522727272727272
1 0.4445121951219512 0.06168831168831169 0.012804878048780487 0.015016233766233766
1 0.6344512195121951 0.10957792207792208 0.010060975609756098 0.017045454545454544
1 0.24908536585365854 0.836038961038961 0.00975609756097561 0.011363636363636364
1 0.9375 0.4127435064935065 0.016463414634146342 0.021103896103896104
1 0.10426829268292682 0.12012987012987013 0.011585365853658536 0.018262987012987012
1 0.275609756097561 0.3299512987012987 0.01097560975609756 0.015827922077922076
1 0.8536585365853658 0.14935064935064934 0.013109756097560975 0.013392857142857142
1 0.8685975609756098 0.3741883116883117 0.014634146341463415 0.020698051948051948
1 0.22713414634146342 0.9163961038961039 0.00975609756097561 0.013798701298701298
1 0.8786585365853659 0.7146915584415584 0.013414634146341463 0.019074675324675324
1 0.6228658536585366 0.737012987012987 0.014329268292682927 0.02150974025974026
1 0.2810975609756098 0.6907467532467533 0.012804878048780487 0.020698051948051948
1 0.40792682926829266 0.5543831168831169 0.014329268292682927 0.019074675324675324
1 0.0798780487804878 0.8299512987012987 0.013109756097560975 0.020698051948051948
1 0.8292682926829268 0.8944805194805194 0.011280487804878048 0.0174512987012987
1 0.4326219512195122 0.6818181818181818 0.010060975609756098 0.013798701298701298
1 0.9984756097560976 0.2597402597402597 0.012195121951219513 0.018668831168831168
1 0.5661585365853659 0.5698051948051948 0.010365853658536586 0.016233766233766232
1 0.8155487804878049 0.9281655844155844 0.0125 0.013798701298701298
1 0.5698170731707317 0.13758116883116883 0.01402439024390244 0.01948051948051948
1 0.1198170731707317 0.7723214285714286 0.012195121951219513 0.019074675324675324
1 0.34207317073170734 0.14204545454545456 0.013719512195121951 0.01948051948051948
1 0.9402439024390243 0.9699675324675324 0.012804878048780487 0.0174512987012987
1 0.4719512195121951 0.5292207792207793 0.01402439024390244 0.022321428571428572
1 0.30396341463414633 0.18709415584415584 0.013414634146341463 0.01461038961038961
1 0.5734756097560976 0.6010551948051948 0.012195121951219513 0.016639610389610388
1 0.21280487804878048 0.6465097402597403 0.014939024390243902 0.020292207792207792
1 0.8823170731707317 0.06290584415584416 0.01097560975609756 0.014204545454545454
1 0.4893292682926829 0.43912337662337664 0.01097560975609756 0.015422077922077922
1 0.8176829268292682 0.23214285714285715 0.010060975609756098 0.015422077922077922
1 0.08963414634146341 0.6298701298701299 0.00975609756097561 0.014204545454545454
1 0.42865853658536585 0.4318181818181818 0.010670731707317074 0.012581168831168832
1 0.7195121951219512 0.5819805194805194 0.011585365853658536 0.0174512987012987
1 0.6460365853658536 0.541801948051948 0.010060975609756098 0.011363636363636364
1 0.1277439024390244 0.9553571428571429 0.010670731707317074 0.017045454545454544
