0 0.39969512195121953 0.7321428571428571 0.01402439024390244 0.016639610389610388
0 0.2807926829268293 0.4277597402597403 0.010060975609756098 0.01176948051948052
0 0.2371951219512195 0.2755681818181818 0.015548780487804878 0.023133116883116884
0 0.7106707317073171 0.3782467532467532 0.00853658536585366 0.010146103896103896
0 0.5942073170731708 0.09090909090909091 0.01097560975609756 0.0174512987012987
0 0.850609756097561 0.4715909090909091 0.014939024390243902 0.020698051948051948
0 0.5551829268292683 0.6387987012987013 0.01097560975609756 0.017857142857142856
0 0.7070121951219512 0.3181818181818182 0.014329268292682927 0.018668831168831168
0 0.06219512195121951 0.7297077922077922 0.01097560975609756 0.018262987012987012
0 0.19969512195121952 0.06939935064935066 0.008841463414634146 0.010146103896103896
0 0.9134146341463415 0.8015422077922078 0.010670731707317074 0.012987012987012988
0 0.19207317073170732 0.18262987012987014 0.011280487804878048 0.015016233766233766
0 0.10548780487804878 0.23457792207792208 0.014329268292682927 0.0174512987012987
0 0.7277439024390244 0.3814935064935065 0.013719512195121951 0.015827922077922076
0 0.864329268292683 0.4099025974025974 0.01402439024390244 0.015016233766233766
0 0.2152439024390244 0.44358766233766234 0.01920731707317073 0.025162337662337664
1 0.07896341463414634 0.6875 0.0125 0.015827922077922076
1 0.499390243902439 0.20535714285714285 0.011890243902439025 0.015827922077922076
1 0.06951219512195123 0.47686688311688313 0.01402439024390244 0.02150974025974026
1 0.47012195121951217 0.1176948051948052 0.018292682926829267 0.025162337662337664
1 0.03353658536585366 0.2621753246753247 0.011280487804878048 0.016233766233766232
1 0.02774390243902439 0.7325487012987013 0.013414634146341463 0.01461038961038961
1 0.4682926829268293 0.29464285714285715 0.00975609756097561 0.01176948051948052
1 0.4582317073170732 0.8189935064935064 0.017378048780487806 0.02556818181818182
1 0.08079268292682927 0.6278409090909091 0.010670731707317074 0.010551948051948052
1 0.7722560975609756 0.9135551948051948 0.019817073170731708 0.026785714285714284
1 0.47012195121951217 0.9691558441558441 0.011280487804878048 0.01461038961038961
1 0.723780487804878 0.19480519480519481 0.00853658536585366 0.008928571428571428
1 0.8960365853658536 0.6258116883116883 0.014329268292682927 0.02150974025974026
1 0.675 0.3275162337662338 0.011280487804878048 0.016233766233766232
1 0.16981707317073172 0.05194805194805195 0.01524390243902439 0.019886363636363636
1 0.05884146341463414 0.4484577922077922 0.011890243902439025 0.016233766233766232
1 0.3746951219512195 0.45616883116883117 0.009146341463414634 0.01461038961038961
1 0.8460365853658537 0.5982142857142857 0.013109756097560975 0.016639610389610388
1 0.5679878048780488 0.8924512987012987 0.014939024390243902 0.017857142857142856
1 0.7692073170731707 0.5012175324675324 0.011890243902439025 0.016639610389610388
1 0.2048780487804878 0.16355519480519481 0.016158536585365854 0.022321428571428572
1 0.8658536585365854 0.08969155844155845 0.01402439024390244 0.022321428571428572
1 0.9054878048780488 0.5239448051948052 0.018902439024390243 0.028814935064935064
1 0.4600609756097561 0.04342532467532467 0.013414634146341463 0.019074675324675324
1 0.973780487804878 0.1700487012987013 0.013109756097560975 0.014204545454545454
1 0.9551829268292683 0.3721590909090909 0.013109756097560975 0.021103896103896104
1 0.5222560975609756 0.20657467532467533 0.011585365853658536 0.013798701298701298
1 0.5487804878048781 0.922077922077922 0.008841463414634146 0.01176948051948052
1 0.7850609756097561 0.2767857142857143 0.014329268292682927 0.016233766233766232
1 0.8594512195121952 0.7857142857142857 0.014634146341463415 0.01948051948051948
1 0.11036585365853659 0.8453733766233766 0.015548780487804878 0.022321428571428572
1 0.27652439024390246 0.9752435064935064 0.012804878048780487 0.018262987012987012
1 0.16981707317073172 0.7723214285714286 0.01402439024390244 0.01948051948051948
1 0.7125 0.5511363636363636 0.010365853658536586 0.013392857142857142
1 0.25884146341463415 0.5162337662337663 0.015853658536585366 0.02353896103896104
1 0.3777439024390244 0.851461038961039 0.012804878048780487 0.013392857142857142
1 0.275609756097561 0.640422077922078 0.014329268292682927 0.016639610389610388
1 0.374390243902439 0.23214285714285715 0.0125 0.018262987012987012
1 0.5777439024390244 0.8193993506493507 0.011585365853658536 0.017857142857142856
1 0.8448170731707317 0.9780844155844156 0.013109756097560975 0.018668831168831168
1 0.5265243902439024 0.8713474025974026 0.010060975609756098 0.016639610389610388
1 0.43871951219512195 0.838474025974026 0.013414634146341463 0.015422077922077922
1 0.4143292682926829 0.775974025974026 0.014329268292682927 0.017857142857142856
1 0.4051829268292683 0.898538961038961 0.010365853658536586 0.015422077922077922
1 0.9792682926829268 0.5876623376623377 0.013109756097560975 0.018668831168831168
1 0.41097560975609754 0.20657467532467533 0.0125 0.016639610389610388
1 0.9786585365853658 0.24918831168831168 0.010365853658536586 0.01461038961038961
1 0.5542682926829269 0.15746753246753248 0.010670731707317074 0.0174512987012987
1 0.0576219512195122 0.7747564935064936 0.01707317073170732 0.020292207792207792
1 0.3777439024390244 0.10957792207792208 0.00975609756097561 0.013392857142857142
1 0.5237804878048781 0.9237012987012987 0.010365853658536586 0.015016233766233766
1 0.8615853658536585 0.2869318181818182 0.00975609756097561 0.00974025974025974
1 0.3152439024390244 0.4614448051948052 0.013719512195121951 0.015422077922077922
1 0.36341463414634145 0.9460227272727273 0.008841463414634146 0.01461038961038961
1 0.9323170731707318 0.6298701298701299 0.013109756097560975 0.021103896103896104
1 0.7216463414634147 0.10592532467532467 0.014634146341463415 0.016639610389610388
1 0.6542682926829269 0.40787337662337664 0.011890243902439025 0.017045454545454544
1 0.31341463414634146 0.387987012987013 0.012804878048780487 0.0174512987012987
1 0.04451219512195122 0.257711038961039 0.01768292682926829 0.024756493506493508
1 0.536890243902439 0.7800324675324676 0.011280487804878048 0.017045454545454544
1 0.14512195121951219 0.5377435064935064 0.01402439024390244 0.020292207792207792
1 0.9567073170731707 0.7090097402597403 0.014634146341463415 0.023133116883116884
1 0.7253048780487805 0.9780844155844156 0.010365853658536586 0.01176948051948052
1 0.3542682926829268 0.26704545454545453 0.009146341463414634 0.008522727272727272
1 0.8268292682926829 0.3315746753246753 0.009451219512195122 0.00974025974025974
1 0.4423780487804878 0.5929383116883117 0.014329268292682927 0.018668831168831168
1 0.6365853658536585 0.03206168831168831 0.014939024390243902 0.021915584415584416
1 0.7969512195121952 0.2012987012987013 0.016158536585365854 0.024350649350649352
1 0.8341463414634146 0.9200487012987013 0.011280487804878048 0.013798701298701298
1 0.5405487804878049 0.5227272727272727 0.012195121951219513 0.01461038961038961
1 0.4695121951219512 0.65625 0.020426829268292684 0.026379870129870128
1 0.1902439024390244 0.320211038961039 0.009451219512195122 0.010146103896103896
1 0.22713414634146342 0.4074675324675325 0.013109756097560975 0.01948051948051948
1 0.14939024390243902 0.9277597402597403 0.009451219512195122 0.010146103896103896
1 0.3548780487804878 0.14042207792207792 0.01798780487804878 0.022727272727272728
1 0.8484756097560976 0.026379870129870128 0.014329268292682927 0.021915584415584416
1 0.801829268292683 0.770698051948052 0.01097560975609756 0.010551948051948052
1 0.7716463414634146 0.4602272727272727 0.01097560975609756 0.016233766233766232
1 0.4942073170731707 0.1599025974025974 0.013414634146341463 0.015016233766233766
1 0.5335365853658537 0.6318993506493507 0.013414634146341463 0.016233766233766232
1 0.8585365853658536 0.8551136363636364 0.011890243902439025 0.01948051948051948
1 0.3679878048780488 0.869724025974026 0.013414634146341463 0.01948051948051948
1 0.4871951219512195 0.02353896103896104 0.012804878048780487 0.015827922077922076
1 0.663109756097561 0.5633116883116883 0.01097560975609756 0.01176948051948052
