0 0.6704268292682927 0.8250811688311688 0.015853658536585366 0.017045454545454544
0 0.5814024390243903 0.43060064935064934 0.01402439024390244 0.02150974025974026
0 0.6280487804878049 0.015422077922077922 0.010670731707317074 0.012987012987012988
0 0.9560975609756097 0.8648538961038961 0.010670731707317074 0.013392857142857142
0 0.04451219512195122 0.3782467532467532 0.014939024390243902 0.022727272727272728
0 0.973780487804878 0.1984577922077922 0.014634146341463415 0.015827922077922076
0 0.019817073170731708 0.5478896103896104 0.010670731707317074 0.015827922077922076
0 0.5280487804878049 0.19358766233766234 0.010670731707317074 0.015422077922077922
0 0.46707317073170734 0.6233766233766234 0.00975609756097561 0.015827922077922076
0 0.6810975609756098 0.32670454545454547 0.013719512195121951 0.017857142857142856
0 0.19298780487804879 0.08806818181818182 0.009451219512195122 0.008522727272727272
0 0.6591463414634147 0.5933441558441559 0.011585365853658536 0.01176948051948052
0 0.11920731707317073 0.5267857142857143 0.0125 0.019074675324675324
0 0.41585365853658535 0.9326298701298701 0.011280487804878048 0.012581168831168832
0 0.936280487804878 0.9391233766233766 0.012804878048780487 0.019886363636363636
0 0.6121951219512195 0.7804383116883117 0.015548780487804878 0.020698051948051948
1 0.8853658536585366 0.3912337662337662 0.010060975609756098 0.010146103896103896
1 0.738719512195122 0.429788961038961 0.01097560975609756 0.013392857142857142
1 0.6469512195121951 0.8084415584415584 0.00975609756097561 0.015016233766233766
1 0.6951219512195121 0.3575487012987013 0.008841463414634146 0.008928571428571428
1 0.3018292682926829 0.817775974025974 0.01097560975609756 0.01176948051948052
1 0.6234756097560976 0.42167207792207795 0.011280487804878048 0.011363636363636364
1 0.29024390243902437 0.5044642857142857 0.0125 0.013392857142857142
1 0.47103658536585363 0.898538961038961 0.011890243902439025 0.012987012987012988
1 0.7347560975609756 0.6156655844155844 0.00975609756097561 0.015016233766233766
1 0.3539634146341463 0.143262987012987 0.010365853658536586 0.010551948051948052
1 0.26432926829268294 0.19683441558441558 0.009451219512195122 0.010551948051948052
1 0.4844512195121951 0.9878246753246753 0.010670731707317074 0.016233766233766232
1 0.864939024390244 0.825487012987013 0.009146341463414634 0.008928571428571428
1 0.8442073170731708 0.3080357142857143 0.009451219512195122 0.010957792207792208
1 0.9100609756097561 0.22483766233766234 0.011585365853658536 0.017857142857142856
1 0.6728658536585366 0.8814935064935064 0.016463414634146342 0.024350649350649352
1 0.626219512195122 0.7743506493506493 0.013109756097560975 0.015422077922077922
1 0.07408536585365853 0.8258928571428571 0.013109756097560975 0.015016233766233766
1 0.4228658536585366 0.9614448051948052 0.01402439024390244 0.017045454545454544
1 0.848780487804878 0.35267857142857145 0.010670731707317074 0.011363636363636364
1 0.8548780487804878 0.03125 0.013109756097560975 0.013798701298701298
1 0.7676829268292683 0.16599025974025974 0.014939024390243902 0.018262987012987012
1 0.6911585365853659 0.02922077922077922 0.011890243902439025 0.014204545454545454
1 0.724390243902439 0.33887987012987014 0.012195121951219513 0.017857142857142856
1 0.13384146341463415 0.10836038961038962 0.01402439024390244 0.015016233766233766
1 0.05396341463414634 0.22646103896103897 0.012804878048780487 0.015016233766233766
1 0.4036585365853659 0.3445616883116883 0.011585365853658536 0.017045454545454544
1 0.5966463414634147 0.7844967532467533 0.014329268292682927 0.021103896103896104
1 0.2786585365853659 0.8242694805194806 0.010060975609756098 0.015827922077922076
1 0.20823170731707316 0.304788961038961 0.009146341463414634 0.01176948051948052
1 0.7106707317073171 0.052353896103896104 0.013414634146341463 0.013798701298701298
1 0.5375 0.36038961038961037 0.00975609756097561 0.013798701298701298
1 0.8213414634146341 0.3685064935064935 0.010365853658536586 0.01461038961038961
1 0.886890243902439 0.9180194805194806 0.012804878048780487 0.020698051948051948
1 0.09298780487804878 0.24066558441558442 0.01707317073170732 0.02556818181818182
1 0.7265243902439025 0.16396103896103897 0.013414634146341463 0.017045454545454544
1 0.04603658536585366 0.04707792207792208 0.01097560975609756 0.012175324675324676
1 0.05579268292682927 0.5458603896103896 0.012195121951219513 0.015827922077922076
1 0.17865853658536585 0.4715909090909091 0.010060975609756098 0.016639610389610388
1 0.3847560975609756 0.5491071428571429 0.013109756097560975 0.020292207792207792
1 0.9951219512195122 0.25608766233766234 0.009451219512195122 0.010957792207792208
1 0.401219512195122 0.854301948051948 0.00975609756097561 0.010551948051948052
1 0.23109756097560977 0.44439935064935066 0.012804878048780487 0.015016233766233766
1 0.8606707317073171 0.205762987012987 0.00975609756097561 0.010146103896103896
1 0.4600609756097561 0.9090909090909091 0.015853658536585366 0.018262987012987012
1 0.1076219512195122 0.994724025974026 0.01402439024390244 0.022321428571428572
1 0.31371951219512195 0.29829545454545453 0.011280487804878048 0.018262987012987012
1 0.28810975609756095 0.7999188311688312 0.009451219512195122 0.012581168831168832
1 0.6704268292682927 0.560064935064935 0.00853658536585366 0.014204545454545454
1 0.8304878048780487 0.4496753246753247 0.01402439024390244 0.016639610389610388
1 0.47804878048780486 0.7203733766233766 0.018902439024390243 0.02353896103896104
1 0.43932926829268293 0.9131493506493507 0.01676829268292683 0.025162337662337664
1 0.7371951219512195 0.06371753246753246 0.011280487804878048 0.012175324675324676
1 0.7585365853658537 0.4180194805194805 0.011280487804878048 0.012987012987012988
1 0.23902439024390243 0.6789772727272727 0.01707317073170732 0.018668831168831168
1 0.3698170731707317 0.6590909090909091 0.01676829268292683 0.022727272727272728
1 0.21280487804878048 0.13108766233766234 0.013414634146341463 0.016233766233766232
1 0.43597560975609756 0.05762987012987013 0.00975609756097561 0.010551948051948052
1 0.04847560975609756 0.9561688311688312 0.01524390243902439 0.022321428571428572
1 0.11371951219512196 0.023944805194805196 0.010365853658536586 0.015422077922077922
1 0.14786585365853658 0.056412337662337664 0.016158536585365854 0.020698051948051948
1 0.7920731707317074 0.945211038961039 0.010060975609756098 0.01176948051948052
1 0.973170731707317 0.9553571428571429 0.011280487804878048 0.010957792207792208
1 0.5435975609756097 0.09009740259740259 0.013719512195121951 0.014204545454545454
1 0.15335365853658536 0.23295454545454544 0.010365853658536586 0.013798701298701298
1 0.13079268292682927 0.5515422077922078 0.016463414634146342 0.022727272727272728
1 0.850609756097561 0.554788961038961 0.015853658536585366 0.019074675324675324
1 0.5573170731707318 0.1424512987012987 0.014329268292682927 0.018668831168831168
1 0.5045731707317073 0.9334415584415584 0.017378048780487806 0.021915584415584416
1 0.9243902439024391 0.5734577922077922 0.010060975609756098 0.015422077922077922
1 0.36067073170731706 0.7670454545454546 0.01524390243902439 0.0174512987012987
1 0.21920731707317073 0.778814935064935 0.01097560975609756 0.018262987012987012
1 0.3591463414634146 0.46063311688311687 0.011585365853658536 0.013392857142857142
1 0.5265243902439024 0.8315746753246753 0.01768292682926829 0.021915584415584416
1 0.9179878048780488 0.6663961038961039 0.00975609756097561 0.015016233766233766
1 0.4628048780487805 0.13433441558441558 0.013109756097560975 0.0174512987012987
1 0.032926829268292684 0.989448051948052 0.011585365853658536 0.0174512987012987
1 0.11707317073170732 0.18425324675324675 0.007926829268292683 0.007305194805194805
1 0.9661585365853659 0.7167207792207793 0.015548780487804878 0.020292207792207792
1 0.625609756097561 0.48863636363636365 0.012195121951219513 0.012987012987012988
