0 0.5786585365853658 0.3242694805194805 0.009146341463414634 0.008522727272727272
0 0.30609756097560975 0.07954545454545454 0.014939024390243902 0.016639610389610388
0 0.7054878048780487 0.08076298701298701 0.007926829268292683 0.008928571428571428
0 0.8701219512195122 0.41761363636363635 0.01524390243902439 0.021915584415584416
0 0.32408536585365855 0.4212662337662338 0.010365853658536586 0.0174512987012987
0 0.038109756097560975 0.6676136363636364 0.00975609756097561 0.015016233766233766
0 0.0649390243902439 0.564935064935065 0.011280487804878048 0.018668831168831168
0 0.26371951219512196 0.7000811688311688 0.013719512195121951 0.019074675324675324
0 0.6332317073170731 0.338474025974026 0.00853658536585366 0.008116883116883116
0 0.7341463414634146 0.6603084415584416 0.010670731707317074 0.010551948051948052
0 0.22835365853658537 0.578327922077922 0.012804878048780487 0.015827922077922076
0 0.7079268292682926 0.7483766233766234 0.00975609756097561 0.01176948051948052
0 0.0676829268292683 0.40381493506493504 0.0125 0.016639610389610388
0 0.7923780487804878 0.59375 0.010365853658536586 0.010957792207792208
0 0.15091463414634146 0.6590909090909091 0.012195121951219513 0.01461038961038961
0 0.4628048780487805 0.18993506493506493 0.015853658536585366 0.018262987012987012
0 0.18201219512195121 0.09780844155844155 0.011585365853658536 0.012581168831168832
0 0.8326219512195122 0.8652597402597403 0.011280487804878048 0.015827922077922076
0 0.286280487804878 0.9257305194805194 0.017378048780487806 0.024756493506493508
0 0.7100609756097561 0.31858766233766234 0.01524390243902439 0.019074675324675324
0 0.06128048780487805 0.4289772727272727 0.010670731707317074 0.013392857142857142
0 0.7292682926829268 0.38758116883116883 0.014329268292682927 0.017857142857142856
0 0.4801829268292683 0.28084415584415584 0.010365853658536586 0.017045454545454544
0 0.6469512195121951 0.7244318181818182 0.009451219512195122 0.012175324675324676
0 0.13109756097560976 0.7362012987012987 0.013719512195121951 0.018668831168831168
0 0.30304878048780487 0.8522727272727273 0.012804878048780487 0.020292207792207792
0 0.9673780487804878 0.49188311688311687 0.013414634146341463 0.015016233766233766
0 0.7192073170731708 0.6943993506493507 0.013414634146341463 0.017857142857142856
0 0.16737804878048781 0.4468344155844156 0.013414634146341463 0.020698051948051948
0 0.38597560975609757 0.8961038961038961 0.012195121951219513 0.012175324675324676
0 0.7015243902439025 0.9866071428571429 0.01524390243902439 0.018668831168831168
0 0.6225609756097561 0.7301136363636364 0.013719512195121951 0.016639610389610388
0 0.5 0.09253246753246754 0.010365853658536586 0.015422077922077922
0 0.23658536585365852 0.6834415584415584 0.010670731707317074 0.011363636363636364
0 0.4929878048780488 0.6599025974025974 0.014329268292682927 0.01948051948051948
0 0.25945121951219513 0.2597402597402597 0.012195121951219513 0.017857142857142856
0 0.1323170731707317 0.0726461038961039 0.010365853658536586 0.015827922077922076
0 0.6896341463414634 0.4017857142857143 0.011890243902439025 0.01948051948051948
0 0.4274390243902439 0.8189935064935064 0.014634146341463415 0.017045454545454544
0 0.24390243902439024 0.29829545454545453 0.012195121951219513 0.012987012987012988
0 0.7009146341463415 0.7573051948051948 0.016158536585365854 0.0174512987012987
0 0.9725609756097561 0.3705357142857143 0.013109756097560975 0.017045454545454544
0 0.13932926829268294 0.4281655844155844 0.017378048780487806 0.022727272727272728
0 0.4371951219512195 0.41761363636363635 0.0125 0.017045454545454544
0 0.5673780487804878 0.5231331168831169 0.01402439024390244 0.015016233766233766
0 0.30091463414634145 0.41883116883116883 0.01768292682926829 0.024756493506493508
0 0.7185975609756098 0.5608766233766234 0.00975609756097561 0.01176948051948052
0 0.6701219512195122 0.41233766233766234 0.010670731707317074 0.013798701298701298
0 0.2152439024390244 0.7601461038961039 0.011890243902439025 0.014204545454545454
0 0.5734756097560976 0.2804383116883117 0.01097560975609756 0.013392857142857142
0 0.1274390243902439 0.10267857142857142 0.008841463414634146 0.012581168831168832
0 0.5567073170731708 0.856737012987013 0.009451219512195122 0.012987012987012988
0 0.21951219512195122 0.39082792207792205 0.011890243902439025 0.012581168831168832
0 0.1798780487804878 0.5040584415584416 0.012195121951219513 0.012175324675324676
0 0.22560975609756098 0.24147727272727273 0.009451219512195122 0.01461038961038961
0 0.6621951219512195 0.2362012987012987 0.01097560975609756 0.015827922077922076
1 0.47317073170731705 0.6777597402597403 0.01402439024390244 0.019886363636363636
1 0.7408536585365854 0.4135551948051948 0.010060975609756098 0.00974025974025974
1 0.561890243902439 0.036931818181818184 0.014634146341463415 0.022321428571428572
1 0.4923780487804878 0.424512987012987 0.010365853658536586 0.013798701298701298
1 0.925 0.18344155844155843 0.014939024390243902 0.015827922077922076
1 0.7432926829268293 0.9306006493506493 0.016158536585365854 0.019074675324675324
1 0.8689024390243902 0.3125 0.01768292682926829 0.022727272727272728
1 0.6920731707317073 0.7743506493506493 0.01097560975609756 0.013392857142857142
1 0.7076219512195122 0.7094155844155844 0.010670731707317074 0.0174512987012987
1 0.7954268292682927 0.6363636363636364 0.01097560975609756 0.014204545454545454
1 0.250609756097561 0.515422077922078 0.014634146341463415 0.020698051948051948
1 0.34786585365853656 0.7637987012987013 0.011890243902439025 0.013798701298701298
1 0.6487804878048781 0.7909902597402597 0.011585365853658536 0.01461038961038961
1 0.25853658536585367 0.8892045454545454 0.0125 0.019886363636363636
1 0.04847560975609756 0.3015422077922078 0.01402439024390244 0.017045454545454544
1 0.8280487804878048 0.6193181818181818 0.01402439024390244 0.020698051948051948
1 0.11676829268292684 0.4492694805194805 0.012804878048780487 0.019074675324675324
1 0.7097560975609756 0.4375 0.011280487804878048 0.0174512987012987
1 0.5496951219512195 0.29707792207792205 0.011890243902439025 0.012581168831168832
1 0.6908536585365853 0.5328733766233766 0.020121951219512196 0.028409090909090908
1 0.41859756097560974 0.6712662337662337 0.018902439024390243 0.026785714285714284
1 0.6173780487804879 0.8652597402597403 0.013719512195121951 0.019074675324675324
1 0.9384146341463414 0.916801948051948 0.008841463414634146 0.012175324675324676
1 0.4661585365853659 0.01176948051948052 0.007926829268292683 0.008928571428571428
1 0.4798780487804878 0.8656655844155844 0.008841463414634146 0.010146103896103896
1 0.4841463414634146 0.18181818181818182 0.018597560975609755 0.022727272727272728
1 0.44085365853658537 0.137987012987013 0.015548780487804878 0.02353896103896104
1 0.8301829268292683 0.7698863636363636 0.00853658536585366 0.007305194805194805
1 0.1548780487804878 0.9249188311688312 0.0125 0.018262987012987012
1 0.9588414634146342 0.30641233766233766 0.016158536585365854 0.025162337662337664
1 0.47774390243902437 0.35430194805194803 0.01524390243902439 0.01948051948051948
1 0.9838414634146342 0.8616071428571429 0.011280487804878048 0.01461038961038961
1 0.3246951219512195 0.8161525974025974 0.011890243902439025 0.013798701298701298
1 0.9856707317073171 0.200487012987013 0.011280487804878048 0.011363636363636364
1 0.023170731707317073 0.8161525974025974 0.0125 0.013798701298701298
1 0.06554878048780488 0.9573863636363636 0.013109756097560975 0.016233766233766232
1 0.4329268292682927 0.8713474025974026 0.00975609756097561 0.010146103896103896
1 0.8719512195121951 0.10957792207792208 0.012195121951219513 0.015827922077922076
1 0.2176829268292683 0.040990259740259744 0.012195121951219513 0.015016233766233766
1 0.3231707317073171 0.9476461038961039 0.011890243902439025 0.018668831168831168
1 0.37591463414634146 0.7897727272727273 0.01402439024390244 0.01461038961038961
1 0.2003048780487805 0.974025974025974 0.010060975609756098 0.010957792207792208
1 0.3067073170731707 0.317775974025974 0.01798780487804878 0.021915584415584416
1 0.9676829268292683 0.7731331168831169 0.01097560975609756 0.010551948051948052
1 0.9478658536585366 0.2390422077922078 0.00853658536585366 0.007711038961038961
1 0.3576219512195122 0.9034090909090909 0.01524390243902439 0.018668831168831168
1 0.49847560975609756 0.5535714285714286 0.014634146341463415 0.017857142857142856
1 0.4524390243902439 0.08279220779220779 0.0125 0.01948051948051948
1 0.4871951219512195 0.862012987012987 0.011585365853658536 0.019074675324675324
1 0.9064024390243902 0.19439935064935066 0.010060975609756098 0.011363636363636364
1 0.8079268292682927 0.5048701298701299 0.01798780487804878 0.021915584415584416
1 0.8701219512195122 0.356737012987013 0.009146341463414634 0.014204545454545454
1 0.6679878048780488 0.304788961038961 0.012804878048780487 0.0174512987012987
1 0.9445121951219512 0.2780032467532468 0.011890243902439025 0.016639610389610388
1 0.3564024390243902 0.864448051948052 0.00853658536585366 0.015016233766233766
1 0.3603658536585366 0.8319805194805194 0.014939024390243902 0.016639610389610388
1 0.41585365853658535 0.38555194805194803 0.013719512195121951 0.020292207792207792
1 0.21189024390243902 0.07954545454545454 0.0125 0.017045454545454544
1 0.4789634146341463 0.6749188311688312 0.010365853658536586 0.010146103896103896
1 0.6103658536585366 0.08238636363636363 0.0125 0.012581168831168832
1 0.6929878048780488 0.8847402597402597 0.011890243902439025 0.019074675324675324
1 0.5948170731707317 0.4354707792207792 0.011890243902439025 0.015016233766233766
