0 0.3932926829268293 0.33969155844155846 0.007926829268292683 0.012175324675324676
0 0.27652439024390246 0.6789772727272727 0.00975609756097561 0.008928571428571428
0 0.5493902439024391 0.8031655844155844 0.013719512195121951 0.019074675324675324
0 0.061585365853658536 0.11038961038961038 0.014634146341463415 0.022727272727272728
0 0.7082317073170732 0.09375 0.012804878048780487 0.018262987012987012
0 0.2371951219512195 0.36241883116883117 0.01097560975609756 0.014204545454545454
0 0.900609756097561 0.505275974025974 0.01676829268292683 0.024756493506493508
0 0.2548780487804878 0.3112824675324675 0.00853658536585366 0.008116883116883116
0 0.25091463414634146 0.27313311688311687 0.012195121951219513 0.014204545454545454
0 0.6182926829268293 0.03409090909090909 0.013109756097560975 0.015827922077922076
0 0.46219512195121953 0.7560876623376623 0.010365853658536586 0.014204545454545454
0 0.24146341463414633 0.06209415584415585 0.012195121951219513 0.012175324675324676
0 0.24603658536585366 0.8534902597402597 0.011890243902439025 0.012175324675324676
0 0.925609756097561 0.7804383116883117 0.01402439024390244 0.016233766233766232
0 0.863109756097561 0.22646103896103897 0.011585365853658536 0.012581168831168832
0 0.021646341463414633 0.9756493506493507 0.014329268292682927 0.022727272727272728
0 0.598780487804878 0.20819805194805194 0.01402439024390244 0.017045454545454544
0 0.6265243902439024 0.9724025974025974 0.0125 0.015016233766233766
0 0.4655487804878049 0.4890422077922078 0.020121951219512196 0.023133116883116884
0 0.5246951219512195 0.08116883116883117 0.008231707317073171 0.01176948051948052
0 0.11341463414634147 0.3425324675324675 0.01676829268292683 0.019886363636363636
0 0.6530487804878049 0.9496753246753247 0.009146341463414634 0.013798701298701298
0 0.8615853658536585 0.7857142857142857 0.013109756097560975 0.016639610389610388
0 0.3932926829268293 0.04342532467532467 0.01402439024390244 0.021915584415584416
0 0.6466463414634146 0.6513798701298701 0.007621951219512195 0.01176948051948052
0 0.10823170731707317 0.25 0.01097560975609756 0.018262987012987012
0 0.02621951219512195 0.5852272727272727 0.009146341463414634 0.010551948051948052
0 0.13048780487804879 0.20738636363636365 0.010670731707317074 0.012987012987012988
0 0.475 0.032873376623376624 0.011890243902439025 0.01176948051948052
0 0.1948170731707317 0.5121753246753247 0.015548780487804878 0.0174512987012987
0 0.7841463414634147 0.9748376623376623 0.021646341463414633 0.03125
0 0.21890243902439024 0.6505681818181818 0.014329268292682927 0.021915584415584416
0 0.8240853658536585 0.9971590909090909 0.00853658536585366 0.00974025974025974
0 0.05121951219512195 0.4724025974025974 0.014329268292682927 0.02150974025974026
0 0.43414634146341463 0.9131493506493507 0.011890243902439025 0.018668831168831168
0 0.5792682926829268 0.9719967532467533 0.009146341463414634 0.015827922077922076
0 0.5137195121951219 0.48011363636363635 0.014329268292682927 0.0174512987012987
0 0.7774390243902439 0.8380681818181818 0.011585365853658536 0.016233766233766232
0 0.9189024390243903 0.3429383116883117 0.011890243902439025 0.015422077922077922
0 0.8673780487804879 0.5551948051948052 0.013414634146341463 0.01948051948051948
0 0.36067073170731706 0.49107142857142855 0.01097560975609756 0.018262987012987012
0 0.5573170731707318 0.5994318181818182 0.011585365853658536 0.013798701298701298
0 0.2048780487804878 0.2122564935064935 0.011280487804878048 0.017857142857142856
0 0.8707317073170732 0.8311688311688312 0.010365853658536586 0.012175324675324676
0 0.7176829268292683 0.7297077922077922 0.016463414634146342 0.018262987012987012
0 0.6057926829268293 0.5353084415584416 0.01524390243902439 0.023944805194805196
0 0.6384146341463415 0.24472402597402598 0.01920731707317073 0.023944805194805196
0 0.7637195121951219 0.5332792207792207 0.011890243902439025 0.016233766233766232
0 0.7963414634146342 0.32508116883116883 0.012195121951219513 0.018262987012987012
0 0.8963414634146342 0.2849025974025974 0.010060975609756098 0.012581168831168832
0 0.49115853658536585 0.7349837662337663 0.010060975609756098 0.011363636363636364
0 0.5176829268292683 0.9407467532467533 0.011585365853658536 0.01176948051948052
0 0.20914634146341463 0.325487012987013 0.012804878048780487 0.018668831168831168
0 0.36371951219512194 0.9387175324675324 0.007926829268292683 0.008116883116883116
0 0.5039634146341463 0.7666396103896104 0.0125 0.012581168831168832
0 0.8887195121951219 0.0698051948051948 0.014939024390243902 0.01948051948051948
0 0.863109756097561 0.14894480519480519 0.00975609756097561 0.013798701298701298
0 0.4396341463414634 0.06696428571428571 0.019817073170731708 0.026379870129870128
0 0.13597560975609757 0.060470779220779224 0.00853658536585366 0.013392857142857142
0 0.8878048780487805 0.04748376623376623 0.01097560975609756 0.016639610389610388
0 0.5984756097560976 0.7390422077922078 0.011890243902439025 0.017045454545454544
0 0.8463414634146341 0.21956168831168832 0.00975609756097561 0.013392857142857142
0 0.7100609756097561 0.8275162337662337 0.012195121951219513 0.0174512987012987
0 0.017378048780487806 0.17694805194805194 0.010060975609756098 0.013798701298701298
0 0.1402439024390244 0.5369318181818182 0.010060975609756098 0.00974025974025974
0 0.424390243902439 0.1396103896103896 0.013719512195121951 0.017045454545454544
0 0.8042682926829269 0.7150974025974026 0.012195121951219513 0.018262987012987012
0 0.8914634146341464 0.24675324675324675 0.014939024390243902 0.023133116883116884
0 0.7070121951219512 0.8453733766233766 0.011280487804878048 0.017045454545454544
0 0.3048780487804878 0.12540584415584416 0.00975609756097561 0.016639610389610388
0 0.9164634146341464 0.6968344155844156 0.00975609756097561 0.015827922077922076
0 0.2871951219512195 0.1396103896103896 0.010060975609756098 0.010957792207792208
0 0.41829268292682925 0.8810876623376623 0.011280487804878048 0.0174512987012987
0 0.08780487804878048 0.2012987012987013 0.014329268292682927 0.020698051948051948
0 0.7201219512195122 0.1672077922077922 0.011585365853658536 0.017045454545454544
0 0.4685975609756098 0.5137987012987013 0.008231707317073171 0.008116883116883116
0 0.03841463414634146 0.22362012987012986 0.015548780487804878 0.017857142857142856
0 0.0701219512195122 0.44237012987012986 0.013109756097560975 0.020292207792207792
0 0.2926829268292683 0.42491883116883117 0.011890243902439025 0.015422077922077922
0 0.3771341463414634 0.573051948051948 0.011890243902439025 0.012987012987012988
0 0.6298780487804878 0.8084415584415584 0.009146341463414634 0.008116883116883116
0 0.7189024390243902 0.033279220779220776 0.012195121951219513 0.019886363636363636
0 0.7268292682926829 0.35064935064935066 0.011585365853658536 0.011363636363636364
0 0.5435975609756097 0.041396103896103896 0.0125 0.015422077922077922
0 0.10365853658536585 0.8242694805194806 0.010670731707317074 0.015422077922077922
0 0.45121951219512196 0.5004058441558441 0.01524390243902439 0.017045454545454544
0 0.6121951219512195 0.9991883116883117 0.010365853658536586 0.014204545454545454
0 0.5765243902439025 0.8315746753246753 0.01097560975609756 0.012175324675324676
0 0.14786585365853658 0.7698863636363636 0.00975609756097561 0.012175324675324676
0 0.9402439024390243 0.37662337662337664 0.010060975609756098 0.01176948051948052
0 0.5695121951219512 0.7849025974025974 0.013719512195121951 0.019074675324675324
0 0.8079268292682927 0.9622564935064936 0.009451219512195122 0.008522727272727272
0 0.7911585365853658 0.9638798701298701 0.010670731707317074 0.01176948051948052
0 0.3771341463414634 0.7536525974025974 0.01402439024390244 0.016233766233766232
0 0.43353658536585366 0.35186688311688313 0.011280487804878048 0.016233766233766232
0 0.49146341463414633 0.36038961038961037 0.009146341463414634 0.015827922077922076
0 0.7365853658536585 0.948051948051948 0.010670731707317074 0.012581168831168832
1 0.8033536585365854 0.7297077922077922 0.01768292682926829 0.025974025974025976
1 0.3426829268292683 0.5016233766233766 0.021341463414634148 0.024756493506493508
1 0.6344512195121951 0.6412337662337663 0.012804878048780487 0.013392857142857142
1 0.975 0.367288961038961 0.013109756097560975 0.015422077922077922
1 0.17256097560975608 0.2784090909090909 0.011280487804878048 0.010957792207792208
1 0.8573170731707317 0.8457792207792207 0.012804878048780487 0.020292207792207792
1 0.4923780487804878 0.8887987012987013 0.012195121951219513 0.01948051948051948
1 0.6088414634146342 0.7516233766233766 0.013414634146341463 0.018262987012987012
1 0.5131097560975609 0.442775974025974 0.01097560975609756 0.014204545454545454
1 0.848780487804878 0.4460227272727273 0.014939024390243902 0.019074675324675324
1 0.20853658536585365 0.7386363636363636 0.010670731707317074 0.01461038961038961
1 0.8652439024390244 0.922077922077922 0.00975609756097561 0.015422077922077922
1 0.08567073170731708 0.3153409090909091 0.008841463414634146 0.013798701298701298
1 0.5679878048780488 0.5028409090909091 0.014329268292682927 0.015827922077922076
1 0.8530487804878049 0.02556818181818182 0.014634146341463415 0.0174512987012987
1 0.6289634146341463 0.3429383116883117 0.011280487804878048 0.016639610389610388
1 0.2121951219512195 0.24147727272727273 0.010060975609756098 0.013798701298701298
1 0.9823170731707317 0.59375 0.013109756097560975 0.015016233766233766
1 0.9399390243902439 0.14772727272727273 0.013414634146341463 0.013798701298701298
1 0.11859756097560975 0.953327922077922 0.015548780487804878 0.017857142857142856
1 0.025914634146341462 0.24431818181818182 0.011890243902439025 0.018668831168831168
1 0.8088414634146341 0.4301948051948052 0.01524390243902439 0.0174512987012987
1 0.22926829268292684 0.849025974025974 0.01097560975609756 0.014204545454545454
1 0.7929878048780488 0.586038961038961 0.007926829268292683 0.014204545454545454
1 0.3539634146341463 0.9650974025974026 0.012195121951219513 0.017857142857142856
1 0.9649390243902439 0.7593344155844156 0.013109756097560975 0.01948051948051948
1 0.8625 0.5194805194805194 0.007926829268292683 0.006493506493506494
1 0.7283536585365854 0.8648538961038961 0.011585365853658536 0.01176948051948052
1 0.989939024390244 0.3940746753246753 0.011890243902439025 0.015016233766233766
1 0.3722560975609756 0.4090909090909091 0.011280487804878048 0.012581168831168832
1 0.5423780487804878 0.6550324675324676 0.008231707317073171 0.010146103896103896
1 0.39420731707317075 0.9837662337662337 0.013109756097560975 0.021103896103896104
1 0.5085365853658537 0.3246753246753247 0.010670731707317074 0.010957792207792208
1 0.8042682926829269 0.04626623376623377 0.014939024390243902 0.018668831168831168
1 0.8228658536585366 0.5117694805194806 0.009451219512195122 0.014204545454545454
1 0.6320121951219512 0.4257305194805195 0.014329268292682927 0.0174512987012987
1 0.5536585365853659 0.15827922077922077 0.012195121951219513 0.019886363636363636
1 0.14146341463414633 0.2784090909090909 0.015548780487804878 0.022321428571428572
1 0.36585365853658536 0.17613636363636365 0.014329268292682927 0.022321428571428572
1 0.7896341463414634 0.06696428571428571 0.011890243902439025 0.01176948051948052
1 0.5064024390243902 0.8271103896103896 0.0125 0.015827922077922076
1 0.9015243902439024 0.19358766233766234 0.012804878048780487 0.01948051948051948
1 0.37134146341463414 0.8129058441558441 0.0125 0.018668831168831168
1 0.5185975609756097 0.5905032467532467 0.0125 0.01948051948051948
1 0.3978658536585366 0.6879058441558441 0.012804878048780487 0.016233766233766232
1 0.6722560975609756 0.8120941558441559 0.0125 0.012581168831168832
1 0.2045731707317073 0.7719155844155844 0.013109756097560975 0.017857142857142856
1 0.19969512195121952 0.6022727272727273 0.0125 0.01461038961038961
1 0.27225609756097563 0.3198051948051948 0.013414634146341463 0.021103896103896104
1 0.05091463414634146 0.8900162337662337 0.011280487804878048 0.011363636363636364
1 0.1649390243902439 0.546672077922078 0.010670731707317074 0.015827922077922076
1 0.18841463414634146 0.48863636363636365 0.014634146341463415 0.019074675324675324
1 0.43597560975609756 0.9212662337662337 0.009451219512195122 0.010551948051948052
1 0.5082317073170731 0.8372564935064936 0.012195121951219513 0.019074675324675324
1 0.9920731707317073 0.8060064935064936 0.00975609756097561 0.008928571428571428
1 0.48810975609756097 0.44886363636363635 0.011585365853658536 0.012175324675324676
1 0.9253048780487805 0.4289772727272727 0.013719512195121951 0.015422077922077922
1 0.4064024390243902 0.7731331168831169 0.012195121951219513 0.012175324675324676
1 0.22347560975609757 0.9638798701298701 0.012195121951219513 0.018668831168831168
1 0.02652439024390244 0.18831168831168832 0.010060975609756098 0.015016233766233766
1 0.5237804878048781 0.755275974025974 0.014634146341463415 0.017857142857142856
1 0.7167682926829269 0.8948863636363636 0.013414634146341463 0.01461038961038961
1 0.8853658536585366 0.42694805194805197 0.015548780487804878 0.022321428571428572
1 0.5990853658536586 0.4127435064935065 0.01707317073170732 0.024350649350649352
1 0.48597560975609755 0.08969155844155845 0.00853658536585366 0.012987012987012988
1 0.9524390243902439 0.6112012987012987 0.011585365853658536 0.016233766233766232
1 0.75 0.16558441558441558 0.013414634146341463 0.0174512987012987
1 0.3350609756097561 0.8681006493506493 0.012804878048780487 0.013798701298701298
1 0.05884146341463414 0.3729707792207792 0.013109756097560975 0.018262987012987012
1 0.7292682926829268 0.12256493506493507 0.013109756097560975 0.014204545454545454
1 0.8060975609756098 0.6801948051948052 0.01798780487804878 0.025974025974025976
1 0.9140243902439025 0.882711038961039 0.01524390243902439 0.021103896103896104
1 0.35091463414634144 0.1278409090909091 0.014939024390243902 0.016233766233766232
1 0.5978658536585366 0.2849025974025974 0.013109756097560975 0.013798701298701298
