0 0.7201219512195122 0.3510551948051948 0.010365853658536586 0.012581168831168832
0 0.39390243902439026 0.588474025974026 0.009451219512195122 0.01176948051948052
0 0.33628048780487807 0.18547077922077923 0.013719512195121951 0.0174512987012987
0 0.06951219512195123 0.5121753246753247 0.015548780487804878 0.02150974025974026
0 0.6829268292682927 0.3494318181818182 0.009451219512195122 0.013798701298701298
0 0.2649390243902439 0.17775974025974026 0.009451219512195122 0.008928571428571428
0 0.9646341463414634 0.8920454545454546 0.01097560975609756 0.0174512987012987
0 0.973780487804878 0.06737012987012987 0.011280487804878048 0.018668831168831168
0 0.8475609756097561 0.9991883116883117 0.011585365853658536 0.01461038961038961
0 0.7362804878048781 0.39204545454545453 0.009451219512195122 0.013798701298701298
0 0.7685975609756097 0.6416396103896104 0.009451219512195122 0.009334415584415584
0 0.6707317073170732 0.5089285714285714 0.020731707317073172 0.025974025974025976
0 0.886280487804878 0.5661525974025974 0.010365853658536586 0.010957792207792208
0 0.09481707317073171 0.33563311688311687 0.010365853658536586 0.014204545454545454
0 0.31676829268292683 0.21631493506493507 0.010365853658536586 0.013798701298701298
0 0.8871951219512195 0.11607142857142858 0.011280487804878048 0.012581168831168832
0 0.276219512195122 0.744724025974026 0.018597560975609755 0.024756493506493508
0 0.7798780487804878 0.23863636363636365 0.01676829268292683 0.019074675324675324
0 0.05609756097560976 0.9176136363636364 0.01402439024390244 0.015827922077922076
0 0.723780487804878 0.4212662337662338 0.013719512195121951 0.017045454545454544
0 0.036280487804878046 0.13636363636363635 0.011280487804878048 0.015016233766233766
0 0.4975609756097561 0.5872564935064936 0.01097560975609756 0.015422077922077922
0 0.3070121951219512 0.2662337662337662 0.014329268292682927 0.020292207792207792
0 0.786280487804878 0.26704545454545453 0.013719512195121951 0.020292207792207792
0 0.3048780487804878 0.6205357142857143 0.011585365853658536 0.012987012987012988
0 0.21067073170731707 0.4074675324675325 0.016158536585365854 0.020698051948051948
0 0.5487804878048781 0.22605519480519481 0.0125 0.015422077922077922
0 0.8146341463414634 0.4172077922077922 0.011890243902439025 0.01461038961038961
0 0.7304878048780488 0.1075487012987013 0.00975609756097561 0.015422077922077922
0 0.25 0.5608766233766234 0.010060975609756098 0.011363636363636364
1 0.6189024390243902 0.09577922077922078 0.013414634146341463 0.019074675324675324
1 0.3298780487804878 0.5685876623376623 0.012804878048780487 0.019074675324675324
1 0.7960365853658536 0.8506493506493507 0.010365853658536586 0.01176948051948052
1 0.6009146341463415 0.6793831168831169 0.010365853658536586 0.011363636363636364
1 0.37073170731707317 0.21793831168831168 0.010365853658536586 0.01176948051948052
1 0.2673780487804878 0.961038961038961 0.018597560975609755 0.024350649350649352
1 0.7442073170731708 0.06818181818181818 0.013109756097560975 0.019886363636363636
1 0.2658536585365854 0.11931818181818182 0.0125 0.019074675324675324
1 0.3807926829268293 0.7451298701298701 0.01951219512195122 0.022321428571428572
1 0.1649390243902439 0.8336038961038961 0.01768292682926829 0.01948051948051948
1 0.6591463414634147 0.9788961038961039 0.011280487804878048 0.012987012987012988
1 0.22439024390243903 0.4849837662337662 0.00975609756097561 0.016639610389610388
1 0.7625 0.6233766233766234 0.01402439024390244 0.020698051948051948
1 0.1323170731707317 0.5202922077922078 0.011890243902439025 0.01948051948051948
1 0.11371951219512196 0.9301948051948052 0.010365853658536586 0.012581168831168832
1 0.11829268292682926 0.18303571428571427 0.01402439024390244 0.019074675324675324
1 0.2603658536585366 0.8226461038961039 0.009451219512195122 0.008928571428571428
1 0.5899390243902439 0.29991883116883117 0.013109756097560975 0.020292207792207792
1 0.3073170731707317 0.6704545454545454 0.014634146341463415 0.02150974025974026
1 0.5780487804878048 0.036931818181818184 0.0125 0.012581168831168832
1 0.8521341463414634 0.8441558441558441 0.011585365853658536 0.011363636363636364
1 0.552439024390244 0.25405844155844154 0.011280487804878048 0.012175324675324676
1 0.9414634146341463 0.5227272727272727 0.01524390243902439 0.022321428571428572
1 0.9509146341463415 0.9034090909090909 0.009451219512195122 0.01461038961038961
1 0.47103658536585363 0.7073863636363636 0.010060975609756098 0.011363636363636364
1 0.4682926829268293 0.49594155844155846 0.011585365853658536 0.018262987012987012
1 0.44390243902439025 0.05519480519480519 0.015548780487804878 0.020292207792207792
1 0.2725609756097561 0.5527597402597403 0.01676829268292683 0.02150974025974026
1 0.7445121951219512 0.4614448051948052 0.01097560975609756 0.012175324675324676
1 0.42134146341463413 0.47037337662337664 0.010365853658536586 0.010146103896103896
1 0.6814024390243902 0.9853896103896104 0.007317073170731708 0.011363636363636364
1 0.5064024390243902 0.022727272727272728 0.012195121951219513 0.0174512987012987
1 0.9375 0.6688311688311688 0.015853658536585366 0.0174512987012987
1 0.1746951219512195 0.48336038961038963 0.016158536585365854 0.018668831168831168
1 0.9765243902439025 0.9435876623376623 0.012195121951219513 0.017045454545454544
1 0.30121951219512194 0.9131493506493507 0.01097560975609756 0.018262987012987012
1 0.1722560975609756 0.8445616883116883 0.010670731707317074 0.011363636363636364
1 0.6969512195121951 0.6521915584415584 0.011280487804878048 0.0174512987012987
1 0.10335365853658536 0.3429383116883117 0.011280487804878048 0.015016233766233766
1 0.44359756097560976 0.6075487012987013 0.009451219512195122 0.012581168831168832
1 0.6179878048780488 0.38961038961038963 0.009146341463414634 0.011363636363636364
1 0.5472560975609756 0.9435876623376623 0.00975609756097561 0.010551948051948052
1 0.6945121951219512 0.7662337662337663 0.015548780487804878 0.018668831168831168
1 0.7932926829268293 0.18628246753246752 0.010060975609756098 0.015422077922077922
1 0.21585365853658536 0.6461038961038961 0.01402439024390244 0.017045454545454544
1 0.9594512195121951 0.11201298701298701 0.015853658536585366 0.022727272727272728
1 0.6582317073170731 0.8376623376623377 0.011585365853658536 0.015016233766233766
1 0.17256097560975608 0.1148538961038961 0.013414634146341463 0.015827922077922076
1 0.5676829268292682 0.25892857142857145 0.010670731707317074 0.012987012987012988
1 0.36829268292682926 0.3510551948051948 0.014329268292682927 0.021103896103896104
