0 0.5289634146341463 0.6550324675324676 0.009146341463414634 0.00974025974025974
0 0.5871951219512195 0.09009740259740259 0.011890243902439025 0.01948051948051948
0 0.03048780487804878 0.6611201298701299 0.0125 0.019074675324675324
0 0.9865853658536585 0.398538961038961 0.013414634146341463 0.01461038961038961
0 0.4850609756097561 0.44155844155844154 0.010060975609756098 0.010957792207792208
0 0.5548780487804879 0.765827922077922 0.016463414634146342 0.02150974025974026
0 0.21189024390243902 0.39732142857142855 0.013414634146341463 0.015827922077922076
0 0.5399390243902439 0.4253246753246753 0.016463414634146342 0.022727272727272728
0 0.24603658536585366 0.03206168831168831 0.009451219512195122 0.010146103896103896
0 0.5140243902439025 0.5888798701298701 0.010670731707317074 0.013798701298701298
0 0.7649390243902439 0.8965097402597403 0.01402439024390244 0.019886363636363636
0 0.21067073170731707 0.19318181818181818 0.012804878048780487 0.015422077922077922
0 0.7347560975609756 0.10308441558441558 0.010365853658536586 0.015422077922077922
0 0.4503048780487805 0.2069805194805195 0.010670731707317074 0.01176948051948052
0 0.5036585365853659 0.14853896103896103 0.01402439024390244 0.022321428571428572
0 0.7871951219512195 0.9724025974025974 0.009146341463414634 0.015016233766233766
0 0.049695121951219515 0.15827922077922077 0.01402439024390244 0.015016233766233766
0 0.2850609756097561 0.8648538961038961 0.01402439024390244 0.018262987012987012
0 0.12378048780487805 0.788961038961039 0.013719512195121951 0.018262987012987012
0 0.6161585365853659 0.6956168831168831 0.016158536585365854 0.01948051948051948
0 0.2807926829268293 0.137987012987013 0.02103658536585366 0.02719155844155844
0 0.0875 0.11647727272727272 0.013109756097560975 0.01948051948051948
0 0.13658536585365855 0.012987012987012988 0.010365853658536586 0.01176948051948052
0 0.14390243902439023 0.6002435064935064 0.013109756097560975 0.020698051948051948
0 0.9286585365853659 0.3685064935064935 0.012195121951219513 0.019886363636363636
0 0.7326219512195122 0.46469155844155846 0.01097560975609756 0.0174512987012987
0 0.09603658536585366 0.9959415584415584 0.010060975609756098 0.01461038961038961
0 0.5481707317073171 0.6700487012987013 0.015853658536585366 0.022321428571428572
0 0.463719512195122 0.9500811688311688 0.015853658536585366 0.018262987012987012
0 0.2521341463414634 0.669237012987013 0.011280487804878048 0.018262987012987012
0 0.3475609756097561 0.836038961038961 0.012804878048780487 0.015827922077922076
0 0.2658536585365854 0.0349025974025974 0.013109756097560975 0.021103896103896104
0 0.7981707317073171 0.3340097402597403 0.013414634146341463 0.019074675324675324
0 0.07378048780487804 0.07345779220779221 0.01402439024390244 0.021103896103896104
0 0.6789634146341463 0.6712662337662337 0.0125 0.019886363636363636
0 0.37652439024390244 0.2215909090909091 0.009451219512195122 0.010551948051948052
0 0.27652439024390246 0.49107142857142855 0.01097560975609756 0.012987012987012988
0 0.9902439024390244 0.09740259740259741 0.014329268292682927 0.015827922077922076
0 0.4789634146341463 0.6712662337662337 0.010365853658536586 0.015422077922077922
0 0.8259146341463415 0.7183441558441559 0.00975609756097561 0.015016233766233766
0 0.3097560975609756 0.3887987012987013 0.01097560975609756 0.017857142857142856
0 0.8859756097560976 0.6623376623376623 0.008841463414634146 0.008116883116883116
0 0.5082317073170731 0.5377435064935064 0.010670731707317074 0.012987012987012988
0 0.34542682926829266 0.7357954545454546 0.013109756097560975 0.01461038961038961
0 0.5789634146341464 0.6870941558441559 0.011890243902439025 0.013392857142857142
0 0.4847560975609756 0.8303571428571429 0.010365853658536586 0.015016233766233766
0 0.21585365853658536 0.6870941558441559 0.010365853658536586 0.015016233766233766
0 0.4451219512195122 0.26461038961038963 0.010670731707317074 0.01461038961038961
0 0.18963414634146342 0.288961038961039 0.015853658536585366 0.02150974025974026
0 0.4088414634146341 0.24797077922077923 0.01097560975609756 0.01176948051948052
0 0.22835365853658537 0.31412337662337664 0.013719512195121951 0.014204545454545454
0 0.018292682926829267 0.38839285714285715 0.010365853658536586 0.017045454545454544
0 0.30304878048780487 0.48741883116883117 0.01402439024390244 0.020292207792207792
0 0.39939024390243905 0.1984577922077922 0.014329268292682927 0.0174512987012987
0 0.7582317073170731 0.7463474025974026 0.010670731707317074 0.016233766233766232
0 0.0625 0.03449675324675325 0.014939024390243902 0.021915584415584416
0 0.26707317073170733 0.6956168831168831 0.01798780487804878 0.02150974025974026
0 0.21951219512195122 0.05519480519480519 0.010365853658536586 0.01461038961038961
0 0.9094512195121951 0.7126623376623377 0.011585365853658536 0.012175324675324676
0 0.17652439024390243 0.6903409090909091 0.02103658536585366 0.025162337662337664
0 0.5493902439024391 0.052353896103896104 0.011280487804878048 0.014204545454545454
0 0.7993902439024391 0.5271915584415584 0.01524390243902439 0.022727272727272728
0 0.10548780487804878 0.15503246753246752 0.009146341463414634 0.010957792207792208
0 0.21371951219512195 0.2398538961038961 0.010670731707317074 0.01461038961038961
0 0.9926829268292683 0.6181006493506493 0.01402439024390244 0.016233766233766232
0 0.9161585365853658 0.02922077922077922 0.017378048780487806 0.022727272727272728
0 0.4481707317073171 0.7974837662337663 0.00975609756097561 0.012987012987012988
0 0.7051829268292683 0.9500811688311688 0.015548780487804878 0.02150974025974026
0 0.15640243902439024 0.39732142857142855 0.010365853658536586 0.010551948051948052
0 0.55 0.0588474025974026 0.008841463414634146 0.010551948051948052
0 0.8576219512195122 0.7650162337662337 0.009146341463414634 0.010957792207792208
0 0.5667682926829268 0.0762987012987013 0.01097560975609756 0.015016233766233766
0 0.6865853658536586 0.25487012987012986 0.014634146341463415 0.015827922077922076
0 0.2557926829268293 0.06858766233766234 0.010365853658536586 0.015827922077922076
0 0.4240853658536585 0.2840909090909091 0.014634146341463415 0.020698051948051948
0 0.20640243902439023 0.5799512987012987 0.010670731707317074 0.01461038961038961
0 0.07195121951219512 0.28368506493506496 0.0125 0.012987012987012988
0 0.698780487804878 0.4943181818181818 0.014329268292682927 0.020698051948051948
0 0.09451219512195122 0.6132305194805194 0.01097560975609756 0.017045454545454544
0 0.7692073170731707 0.5377435064935064 0.011280487804878048 0.018668831168831168
0 0.5646341463414634 0.3449675324675325 0.010670731707317074 0.013798701298701298
0 0.9707317073170731 0.9212662337662337 0.011890243902439025 0.017857142857142856
0 0.938719512195122 0.14894480519480519 0.011585365853658536 0.0174512987012987
0 0.6225609756097561 0.8068181818181818 0.0125 0.01948051948051948
0 0.9496951219512195 0.5629058441558441 0.009451219512195122 0.008928571428571428
0 0.44603658536585367 0.7183441558441559 0.018292682926829267 0.025162337662337664
0 0.6481707317073171 0.12134740259740259 0.011280487804878048 0.017045454545454544
0 0.2679878048780488 0.15503246753246752 0.012195121951219513 0.01948051948051948
0 0.8987804878048781 0.42491883116883117 0.01676829268292683 0.022321428571428572
0 0.43353658536585366 0.29667207792207795 0.012195121951219513 0.017045454545454544
0 0.5945121951219512 0.6753246753246753 0.011585365853658536 0.012175324675324676
0 0.046646341463414634 0.22930194805194806 0.011585365853658536 0.01461038961038961
0 0.2625 0.40868506493506496 0.012804878048780487 0.017857142857142856
0 0.2774390243902439 0.7516233766233766 0.011585365853658536 0.0174512987012987
0 0.9640243902439024 0.518262987012987 0.008841463414634146 0.008116883116883116
0 0.5064024390243902 0.6838474025974026 0.010670731707317074 0.017857142857142856
1 0.9594512195121951 0.7816558441558441 0.014939024390243902 0.02150974025974026
1 0.7036585365853658 0.976461038961039 0.009451219512195122 0.010551948051948052
1 0.1152439024390244 0.7098214285714286 0.0125 0.012581168831168832
1 0.8216463414634146 0.6919642857142857 0.016158536585365854 0.022727272727272728
1 0.04695121951219512 0.5819805194805194 0.014634146341463415 0.017857142857142856
1 0.6902439024390243 0.773538961038961 0.010365853658536586 0.012175324675324676
1 0.09329268292682927 0.6505681818181818 0.013109756097560975 0.01461038961038961
1 0.34603658536585363 0.8088474025974026 0.014329268292682927 0.015016233766233766
1 0.2570121951219512 0.2800324675324675 0.010365853658536586 0.014204545454545454
1 0.8567073170731707 0.5864448051948052 0.00853658536585366 0.012175324675324676
1 0.2990853658536585 0.4675324675324675 0.011890243902439025 0.013392857142857142
1 0.27195121951219514 0.015016233766233766 0.010060975609756098 0.010146103896103896
1 0.7423780487804879 0.07224025974025974 0.011280487804878048 0.016233766233766232
1 0.2530487804878049 0.21915584415584416 0.010060975609756098 0.015016233766233766
1 0.11158536585365854 0.05844155844155844 0.0125 0.019074675324675324
1 0.6405487804878048 0.5637175324675324 0.01402439024390244 0.01948051948051948
1 0.7676829268292683 0.3222402597402597 0.010365853658536586 0.013392857142857142
1 0.388109756097561 0.836038961038961 0.012804878048780487 0.0174512987012987
1 0.2917682926829268 0.6477272727272727 0.01402439024390244 0.015827922077922076
1 0.7838414634146341 0.7008928571428571 0.011890243902439025 0.019074675324675324
1 0.28597560975609754 0.21469155844155843 0.010060975609756098 0.016639610389610388
1 0.3725609756097561 0.900974025974026 0.012195121951219513 0.01948051948051948
1 0.4274390243902439 0.7288961038961039 0.011280487804878048 0.01461038961038961
1 0.04359756097560975 0.9866071428571429 0.013719512195121951 0.014204545454545454
1 0.5442073170731707 0.8603896103896104 0.01402439024390244 0.018668831168831168
1 0.3929878048780488 0.7670454545454546 0.00975609756097561 0.009334415584415584
1 0.3780487804878049 0.35430194805194803 0.011280487804878048 0.012987012987012988
1 0.1405487804878049 0.713474025974026 0.014939024390243902 0.01948051948051948
1 0.7155487804878049 0.4050324675324675 0.0125 0.016233766233766232
1 0.3594512195121951 0.96875 0.014634146341463415 0.022321428571428572
1 0.725609756097561 0.37743506493506496 0.00975609756097561 0.016639610389610388
1 0.677439024390244 0.6493506493506493 0.01097560975609756 0.0174512987012987
1 0.09969512195121952 0.2849025974025974 0.013719512195121951 0.017857142857142856
1 0.5057926829268292 0.5982142857142857 0.012195121951219513 0.014204545454545454
1 0.2850609756097561 0.09050324675324675 0.008841463414634146 0.013798701298701298
1 0.9875 0.22808441558441558 0.010365853658536586 0.00974025974025974
1 0.7710365853658536 0.34537337662337664 0.015548780487804878 0.020698051948051948
1 0.4064024390243902 0.38758116883116883 0.010670731707317074 0.0174512987012987
1 0.8655487804878049 0.5986201298701299 0.01768292682926829 0.020698051948051948
1 0.19329268292682927 0.3648538961038961 0.011890243902439025 0.015016233766233766
1 0.551829268292683 0.24756493506493507 0.009146341463414634 0.012175324675324676
1 0.3201219512195122 0.2857142857142857 0.014329268292682927 0.021915584415584416
1 0.9542682926829268 0.033279220779220776 0.011280487804878048 0.011363636363636364
1 0.1375 0.34131493506493504 0.015548780487804878 0.02353896103896104
1 0.8911585365853658 0.13758116883116883 0.009451219512195122 0.01176948051948052
1 0.5170731707317073 0.07345779220779221 0.010670731707317074 0.016233766233766232
1 0.9975609756097561 0.09983766233766234 0.009451219512195122 0.015016233766233766
1 0.15182926829268292 0.42167207792207795 0.01524390243902439 0.021915584415584416
1 0.7332317073170732 0.6116071428571429 0.0125 0.014204545454545454
1 0.6594512195121951 0.16396103896103897 0.010670731707317074 0.016639610389610388
1 0.9728658536585366 0.6448863636363636 0.014634146341463415 0.019886363636363636
1 0.05701219512195122 0.20089285714285715 0.010670731707317074 0.012175324675324676
1 0.06585365853658537 0.05478896103896104 0.010670731707317074 0.012581168831168832
1 0.32896341463414636 0.024756493506493508 0.01524390243902439 0.01948051948051948
1 0.5317073170731708 0.8189935064935064 0.01707317073170732 0.02150974025974026
1 0.8530487804878049 0.9314123376623377 0.017378048780487806 0.01948051948051948
1 0.6804878048780488 0.07467532467532467 0.010670731707317074 0.01461038961038961
1 0.3621951219512195 0.854301948051948 0.011890243902439025 0.012175324675324676
1 0.6481707317073171 0.3628246753246753 0.014939024390243902 0.017045454545454544
1 0.3521341463414634 0.8709415584415584 0.01707317073170732 0.01948051948051948
1 0.3353658536585366 0.908685064935065 0.01097560975609756 0.01176948051948052
1 0.21189024390243902 0.32792207792207795 0.012804878048780487 0.012987012987012988
1 0.7448170731707318 0.3380681818181818 0.013719512195121951 0.020292207792207792
1 0.41341463414634144 0.5401785714285714 0.013109756097560975 0.015422077922077922
1 0.8054878048780488 0.025162337662337664 0.014939024390243902 0.022727272727272728
1 0.975609756097561 0.2621753246753247 0.014939024390243902 0.017857142857142856
1 0.3204268292682927 0.7471590909090909 0.01524390243902439 0.020698051948051948
1 0.6716463414634146 0.14488636363636365 0.010365853658536586 0.012987012987012988
1 0.33475609756097563 0.6777597402597403 0.010365853658536586 0.013392857142857142
1 0.9128048780487805 0.4805194805194805 0.014329268292682927 0.016639610389610388
1 0.11768292682926829 0.24512987012987014 0.010365853658536586 0.010146103896103896
1 0.7942073170731707 0.40381493506493504 0.01402439024390244 0.018262987012987012
1 0.625609756097561 0.13189935064935066 0.008841463414634146 0.015016233766233766
1 0.11890243902439024 0.49594155844155846 0.012195121951219513 0.017045454545454544
1 0.6253048780487804 0.21144480519480519 0.012195121951219513 0.019074675324675324
1 0.19725609756097562 0.0836038961038961 0.011280487804878048 0.015827922077922076
1 0.29542682926829267 0.695211038961039 0.010670731707317074 0.012987012987012988
1 0.651219512195122 0.547077922077922 0.012195121951219513 0.013392857142857142
1 0.4948170731707317 0.8603896103896104 0.00975609756097561 0.013392857142857142
1 0.14146341463414633 0.29829545454545453 0.014634146341463415 0.019886363636363636
1 0.7103658536585366 0.0726461038961039 0.010670731707317074 0.010146103896103896
1 0.5048780487804878 0.18222402597402598 0.01798780487804878 0.02719155844155844
1 0.40426829268292686 0.7670454545454546 0.011890243902439025 0.0174512987012987
1 0.08079268292682927 0.948051948051948 0.013414634146341463 0.01948051948051948
1 0.5835365853658536 0.1176948051948052 0.014329268292682927 0.020292207792207792
1 0.5661585365853659 0.052353896103896104 0.01402439024390244 0.017045454545454544
