0 0.9762195121951219 0.9021915584415584 0.011890243902439025 0.013798701298701298
0 0.28871951219512193 0.8372564935064936 0.008231707317073171 0.007305194805194805
0 0.9088414634146341 0.3782467532467532 0.013109756097560975 0.015827922077922076
0 0.973170731707317 0.1416396103896104 0.011890243902439025 0.013798701298701298
0 0.9838414634146342 0.8469967532467533 0.018597560975609755 0.020698051948051948
0 0.9890243902439024 0.9366883116883117 0.010670731707317074 0.013798701298701298
0 0.044817073170731705 0.8818993506493507 0.012804878048780487 0.01461038961038961
0 0.825 0.8530844155844156 0.01097560975609756 0.010957792207792208
0 0.525609756097561 0.13271103896103897 0.010670731707317074 0.016639610389610388
0 0.31128048780487805 0.6862824675324676 0.00853658536585366 0.010957792207792208
0 0.20518292682926828 0.5405844155844156 0.00975609756097561 0.015422077922077922
0 0.9935975609756098 0.5957792207792207 0.0125 0.019074675324675324
0 0.9143292682926829 0.39082792207792205 0.01097560975609756 0.013798701298701298
0 0.22042682926829268 0.37743506493506496 0.011280487804878048 0.018262987012987012
0 0.44085365853658537 0.7276785714285714 0.010060975609756098 0.01461038961038961
0 0.5820121951219512 0.8713474025974026 0.01097560975609756 0.01461038961038961
0 0.23201219512195123 0.9334415584415584 0.010365853658536586 0.016233766233766232
0 0.7307926829268293 0.2325487012987013 0.01402439024390244 0.015827922077922076
0 0.250609756097561 0.2913961038961039 0.010670731707317074 0.01176948051948052
0 0.1524390243902439 0.922077922077922 0.011280487804878048 0.015827922077922076
0 0.7948170731707317 0.28814935064935066 0.012195121951219513 0.0174512987012987
0 0.8036585365853659 0.1148538961038961 0.013109756097560975 0.021103896103896104
0 0.4817073170731707 0.6521915584415584 0.011280487804878048 0.013392857142857142
0 0.4942073170731707 0.5637175324675324 0.017378048780487806 0.019074675324675324
0 0.9015243902439024 0.2755681818181818 0.011585365853658536 0.0174512987012987
0 0.4899390243902439 0.3851461038961039 0.012195121951219513 0.017857142857142856
0 0.30152439024390243 0.913961038961039 0.00853658536585366 0.015016233766233766
0 0.06463414634146342 0.6030844155844156 0.01707317073170732 0.025974025974025976
0 0.9929878048780488 0.698051948051948 0.013109756097560975 0.014204545454545454
0 0.9539634146341464 0.9176136363636364 0.011890243902439025 0.01176948051948052
0 0.21676829268292683 0.29707792207792205 0.01097560975609756 0.013798701298701298
0 0.27378048780487807 0.5101461038961039 0.014329268292682927 0.018668831168831168
0 0.5 0.020292207792207792 0.013109756097560975 0.018668831168831168
0 0.7621951219512195 0.768262987012987 0.011890243902439025 0.017045454545454544
0 0.0801829268292683 0.13433441558441558 0.010670731707317074 0.015422077922077922
0 0.450609756097561 0.9521103896103896 0.020121951219512196 0.024756493506493508
0 0.738719512195122 0.0864448051948052 0.011585365853658536 0.012581168831168832
0 0.26615853658536587 0.14082792207792208 0.014939024390243902 0.015827922077922076
0 0.899390243902439 0.6968344155844156 0.01524390243902439 0.02150974025974026
0 0.6085365853658536 0.8181818181818182 0.00975609756097561 0.010957792207792208
0 0.28841463414634144 0.4159902597402597 0.016158536585365854 0.018262987012987012
0 0.6966463414634146 0.6083603896103896 0.010365853658536586 0.010551948051948052
0 0.9655487804878049 0.5661525974025974 0.020426829268292684 0.024350649350649352
0 0.750609756097561 0.09212662337662338 0.010365853658536586 0.01176948051948052
0 0.3829268292682927 0.6919642857142857 0.011280487804878048 0.018262987012987012
0 0.5823170731707317 0.48336038961038963 0.010365853658536586 0.016639610389610388
0 0.6048780487804878 0.23863636363636365 0.016463414634146342 0.02353896103896104
0 0.3003048780487805 0.7646103896103896 0.011585365853658536 0.015827922077922076
0 0.8939024390243903 0.14732142857142858 0.008841463414634146 0.010957792207792208
0 0.2725609756097561 0.7366071428571429 0.013109756097560975 0.0174512987012987
0 0.7902439024390244 0.7090097402597403 0.0125 0.015016233766233766
0 0.6073170731707317 0.1956168831168831 0.012804878048780487 0.018262987012987012
0 0.885060975609756 0.663961038961039 0.008841463414634146 0.012581168831168832
0 0.7417682926829269 0.16477272727272727 0.014939024390243902 0.018262987012987012
0 0.3405487804878049 0.7650162337662337 0.009451219512195122 0.013392857142857142
0 0.6484756097560975 0.42288961038961037 0.012804878048780487 0.0174512987012987
0 0.5027439024390243 0.8478084415584416 0.011585365853658536 0.018668831168831168
0 0.3207317073170732 0.17857142857142858 0.015548780487804878 0.017045454545454544
0 0.9115853658536586 0.4512987012987013 0.016158536585365854 0.024756493506493508
0 0.2628048780487805 0.033685064935064936 0.011585365853658536 0.012175324675324676
0 0.738719512195122 0.31737012987012986 0.011280487804878048 0.015016233766233766
0 0.5667682926829268 0.8348214285714286 0.01097560975609756 0.010957792207792208
0 0.8030487804878049 0.382711038961039 0.00975609756097561 0.010957792207792208
0 0.926219512195122 0.6530032467532467 0.02195121951219512 0.032467532467532464
0 0.43658536585365854 0.43060064935064934 0.011585365853658536 0.018668831168831168
0 0.8411585365853659 0.05438311688311688 0.01097560975609756 0.014204545454545454
0 0.9939024390243902 0.09862012987012987 0.020121951219512196 0.02353896103896104
0 0.4713414634146341 0.6087662337662337 0.01097560975609756 0.013798701298701298
0 0.6332317073170731 0.3729707792207792 0.012195121951219513 0.017857142857142856
0 0.8420731707317073 0.3457792207792208 0.011280487804878048 0.017857142857142856
0 0.8335365853658536 0.4987824675324675 0.016463414634146342 0.01948051948051948
0 0.4097560975609756 0.3287337662337662 0.014634146341463415 0.022727272727272728
0 0.25335365853658537 0.11444805194805195 0.01097560975609756 0.015422077922077922
0 0.724390243902439 0.5166396103896104 0.012195121951219513 0.015016233766233766
0 0.7338414634146342 0.9265422077922078 0.01097560975609756 0.012987012987012988
0 0.43871951219512195 0.08928571428571429 0.016158536585365854 0.021103896103896104
0 0.1323170731707317 0.786525974025974 0.012195121951219513 0.013392857142857142
0 0.01951219512195122 0.5925324675324676 0.018902439024390243 0.025162337662337664
0 0.5823170731707317 0.29707792207792205 0.015548780487804878 0.0174512987012987
0 0.6213414634146341 0.056006493506493504 0.014329268292682927 0.020292207792207792
0 0.4740853658536585 0.33887987012987014 0.010670731707317074 0.01176948051948052
0 0.37591463414634146 0.854301948051948 0.00975609756097561 0.01176948051948052
0 0.5600609756097561 0.5487012987012987 0.01097560975609756 0.017045454545454544
0 0.5902439024390244 0.8125 0.01524390243902439 0.021915584415584416
0 0.08079268292682927 0.7674512987012987 0.011280487804878048 0.017045454545454544
0 0.9399390243902439 0.6696428571428571 0.011280487804878048 0.01176948051948052
0 0.7685975609756097 0.9951298701298701 0.0125 0.015422077922077922
0 0.11890243902439024 0.29383116883116883 0.011585365853658536 0.013798701298701298
0 0.2939024390243902 0.6148538961038961 0.01097560975609756 0.015016233766233766
0 0.22378048780487805 0.05762987012987013 0.010670731707317074 0.012987012987012988
0 0.36310975609756097 0.7171266233766234 0.014939024390243902 0.015827922077922076
0 0.5554878048780488 0.22564935064935066 0.011890243902439025 0.012581168831168832
0 0.8280487804878048 0.25243506493506496 0.015548780487804878 0.024350649350649352
0 0.7045731707317073 0.9330357142857143 0.0125 0.019074675324675324
0 0.41829268292682925 0.6948051948051948 0.018902439024390243 0.025162337662337664
0 0.7338414634146342 0.5645292207792207 0.01524390243902439 0.023944805194805196
0 0.7426829268292683 0.036525974025974024 0.020426829268292684 0.02353896103896104
1 0.36890243902439024 0.18668831168831168 0.010060975609756098 0.011363636363636364
1 0.4774390243902439 0.08035714285714286 0.012195121951219513 0.01461038961038961
1 0.5192073170731707 0.2747564935064935 0.011280487804878048 0.015827922077922076
1 0.2704268292682927 0.6262175324675324 0.016463414634146342 0.020698051948051948
1 0.5948170731707317 0.7678571428571429 0.009451219512195122 0.016233766233766232
1 0.2942073170731707 0.3940746753246753 0.014939024390243902 0.019074675324675324
1 0.35823170731707316 0.7901785714285714 0.013109756097560975 0.013392857142857142
1 0.032926829268292684 0.1185064935064935 0.013109756097560975 0.013798701298701298
1 0.4143292682926829 0.7731331168831169 0.013414634146341463 0.016233766233766232
1 0.42804878048780487 0.48295454545454547 0.013719512195121951 0.016639610389610388
1 0.8847560975609756 0.5900974025974026 0.010365853658536586 0.017045454545454544
1 0.6417682926829268 0.205762987012987 0.013719512195121951 0.019886363636363636
1 0.03231707317073171 0.8214285714285714 0.011890243902439025 0.018262987012987012
1 0.5807926829268293 0.5819805194805194 0.009451219512195122 0.015016233766233766
1 0.95 0.893262987012987 0.009451219512195122 0.00974025974025974
1 0.9542682926829268 0.18831168831168832 0.01097560975609756 0.01176948051948052
1 0.7658536585365854 0.30357142857142855 0.013109756097560975 0.018262987012987012
1 0.25884146341463415 0.288961038961039 0.013109756097560975 0.01948051948051948
1 0.6765243902439024 0.5819805194805194 0.013414634146341463 0.017045454545454544
1 0.5917682926829269 0.24675324675324675 0.00975609756097561 0.012175324675324676
1 0.45670731707317075 0.6347402597402597 0.01798780487804878 0.027597402597402596
1 0.43384146341463414 0.6956168831168831 0.011280487804878048 0.013798701298701298
1 0.4582317073170732 0.32589285714285715 0.010365853658536586 0.017045454545454544
1 0.18871951219512195 0.26420454545454547 0.010670731707317074 0.0174512987012987
1 0.9524390243902439 0.6854707792207793 0.0125 0.01461038961038961
1 0.26615853658536587 0.29910714285714285 0.0125 0.017857142857142856
1 0.7006097560975609 0.19602272727272727 0.00853658536585366 0.009334415584415584
1 0.6905487804878049 0.5 0.015548780487804878 0.024350649350649352
1 0.07042682926829268 0.40868506493506496 0.009146341463414634 0.010551948051948052
1 0.7615853658536585 0.11079545454545454 0.014939024390243902 0.022321428571428572
1 0.8048780487804879 0.9224837662337663 0.02103658536585366 0.030032467532467532
1 0.7786585365853659 0.11323051948051949 0.011280487804878048 0.01461038961038961
1 0.36371951219512194 0.9780844155844156 0.012195121951219513 0.013798701298701298
1 0.043292682926829265 0.6116071428571429 0.01097560975609756 0.016233766233766232
1 0.7115853658536585 0.549512987012987 0.018902439024390243 0.021103896103896104
1 0.8030487804878049 0.6704545454545454 0.01097560975609756 0.015016233766233766
1 0.7914634146341464 0.8064123376623377 0.010670731707317074 0.010146103896103896
1 0.6426829268292683 0.5799512987012987 0.011280487804878048 0.015422077922077922
1 0.5951219512195122 0.7146915584415584 0.00975609756097561 0.00974025974025974
1 0.10548780487804878 0.12621753246753248 0.011890243902439025 0.01948051948051948
1 0.9832317073170732 0.4383116883116883 0.01768292682926829 0.022321428571428572
1 0.45182926829268294 0.3400974025974026 0.009451219512195122 0.013392857142857142
1 0.8317073170731707 0.8863636363636364 0.014329268292682927 0.022321428571428572
1 0.05304878048780488 0.2362012987012987 0.011280487804878048 0.016639610389610388
1 0.6643292682926829 0.22118506493506493 0.01402439024390244 0.02150974025974026
1 0.5527439024390244 0.2463474025974026 0.011585365853658536 0.0174512987012987
1 0.44115853658536586 0.442775974025974 0.014634146341463415 0.01948051948051948
1 0.5204268292682926 0.049107142857142856 0.013109756097560975 0.01948051948051948
1 0.19634146341463415 0.22808441558441558 0.01402439024390244 0.017045454545454544
1 0.1277439024390244 0.8961038961038961 0.012804878048780487 0.017045454545454544
1 0.901829268292683 0.1757305194805195 0.010670731707317074 0.016639610389610388
1 0.4719512195121951 0.16558441558441558 0.00975609756097561 0.010551948051948052
1 0.2634146341463415 0.39082792207792205 0.014329268292682927 0.017857142857142856
1 0.3225609756097561 0.45089285714285715 0.012804878048780487 0.012987012987012988
1 0.11280487804878049 0.4642857142857143 0.011585365853658536 0.01461038961038961
1 0.13475609756097562 0.4395292207792208 0.013109756097560975 0.020698051948051948
