0 0.8503048780487805 0.307224025974026 0.014329268292682927 0.018262987012987012
0 0.7689024390243903 0.3997564935064935 0.010060975609756098 0.010957792207792208
0 0.5932926829268292 0.18871753246753248 0.012804878048780487 0.018668831168831168
0 0.8673780487804879 0.6461038961038961 0.011280487804878048 0.010957792207792208
0 0.044817073170731705 0.022727272727272728 0.014634146341463415 0.015827922077922076
0 0.041463414634146344 0.6038961038961039 0.01402439024390244 0.015016233766233766
0 0.635670731707317 0.6099837662337663 0.010060975609756098 0.01461038961038961
0 0.8527439024390244 0.42613636363636365 0.014634146341463415 0.017045454545454544
0 0.061890243902439024 0.18344155844155843 0.01402439024390244 0.015827922077922076
0 0.5728658536585366 0.7191558441558441 0.009451219512195122 0.013392857142857142
0 0.3539634146341463 0.935064935064935 0.015853658536585366 0.023944805194805196
0 0.6530487804878049 0.375 0.00853658536585366 0.012987012987012988
0 0.33932926829268295 0.7276785714285714 0.0125 0.015422077922077922
0 0.9496951219512195 0.8291396103896104 0.01097560975609756 0.014204545454545454
0 0.6115853658536585 0.4253246753246753 0.011280487804878048 0.016639610389610388
0 0.0850609756097561 0.2747564935064935 0.011890243902439025 0.012175324675324676
0 0.5902439024390244 0.46469155844155846 0.016158536585365854 0.024756493506493508
0 0.1978658536585366 0.5247564935064936 0.013414634146341463 0.016639610389610388
0 0.4600609756097561 0.7021103896103896 0.013719512195121951 0.017045454545454544
0 0.24847560975609756 0.9724025974025974 0.013719512195121951 0.021103896103896104
0 0.06310975609756098 0.698051948051948 0.013719512195121951 0.021915584415584416
0 0.7408536585365854 0.33035714285714285 0.014634146341463415 0.022727272727272728
0 0.39725609756097563 0.6570616883116883 0.013109756097560975 0.019074675324675324
0 0.07713414634146341 0.6712662337662337 0.01402439024390244 0.017857142857142856
0 0.1655487804878049 0.9354707792207793 0.010670731707317074 0.015016233766233766
0 0.7521341463414634 0.2877435064935065 0.011280487804878048 0.012987012987012988
0 0.38414634146341464 0.8068181818181818 0.012195121951219513 0.018262987012987012
0 0.02378048780487805 0.3912337662337662 0.012195121951219513 0.014204545454545454
0 0.2942073170731707 0.9837662337662337 0.016158536585365854 0.018668831168831168
0 0.49664634146341463 0.5125811688311688 0.010670731707317074 0.012581168831168832
0 0.2301829268292683 0.3843344155844156 0.0125 0.014204545454545454
0 0.5371951219512195 0.4338474025974026 0.013109756097560975 0.018668831168831168
0 0.9551829268292683 0.3372564935064935 0.013109756097560975 0.020698051948051948
0 0.6807926829268293 0.6550324675324676 0.0125 0.019074675324675324
0 0.4509146341463415 0.9537337662337663 0.014939024390243902 0.016639610389610388
0 0.24542682926829268 0.19724025974025974 0.010060975609756098 0.01461038961038961
0 0.9048780487804878 0.5121753246753247 0.00975609756097561 0.015827922077922076
0 0.5810975609756097 0.12946428571428573 0.01402439024390244 0.0174512987012987
0 0.04207317073170732 0.4172077922077922 0.013719512195121951 0.017857142857142856
0 0.7832317073170731 0.17694805194805194 0.014329268292682927 0.022321428571428572
0 0.2975609756097561 0.025974025974025976 0.014329268292682927 0.0174512987012987
0 0.3871951219512195 0.7528409090909091 0.007926829268292683 0.010957792207792208
0 0.43871951219512195 0.29464285714285715 0.011585365853658536 0.018668831168831168
0 0.8917682926829268 0.13636363636363635 0.014939024390243902 0.019074675324675324
0 0.6640243902439025 0.24025974025974026 0.011280487804878048 0.018668831168831168
0 0.4716463414634146 0.29667207792207795 0.015548780487804878 0.019886363636363636
0 0.028963414634146343 0.6879058441558441 0.014634146341463415 0.017045454545454544
0 0.8073170731707318 0.37905844155844154 0.01524390243902439 0.01948051948051948
0 0.12957317073170732 0.551948051948052 0.014634146341463415 0.018668831168831168
0 0.5746951219512195 0.16233766233766234 0.014634146341463415 0.016233766233766232
0 0.21280487804878048 0.9362824675324676 0.012195121951219513 0.017045454545454544
0 0.8786585365853659 0.6659902597402597 0.010365853658536586 0.013798701298701298
0 0.7262195121951219 0.4492694805194805 0.011585365853658536 0.016233766233766232
0 0.9990853658536586 0.04301948051948052 0.011890243902439025 0.01948051948051948
0 0.5280487804878049 0.3664772727272727 0.010060975609756098 0.013392857142857142
0 0.3591463414634146 0.6870941558441559 0.01707317073170732 0.018668831168831168
0 0.7481707317073171 0.7126623376623377 0.011280487804878048 0.01176948051948052
0 0.20762195121951219 0.903814935064935 0.013719512195121951 0.02150974025974026
0 0.31890243902439025 0.05844155844155844 0.010670731707317074 0.012175324675324676
0 0.43597560975609756 0.45454545454545453 0.00853658536585366 0.008522727272727272
0 0.3432926829268293 0.317775974025974 0.016463414634146342 0.02150974025974026
0 0.12378048780487805 0.7224025974025974 0.014939024390243902 0.02150974025974026
0 0.40426829268292686 0.4715909090909091 0.008841463414634146 0.014204545454545454
0 0.8347560975609756 0.29383116883116883 0.00975609756097561 0.009334415584415584
0 0.5564024390243902 0.9468344155844156 0.014329268292682927 0.021915584415584416
0 0.325 0.6241883116883117 0.01524390243902439 0.022727272727272728
0 0.18109756097560975 0.36038961038961037 0.013414634146341463 0.02150974025974026
0 0.03414634146341464 0.8494318181818182 0.011890243902439025 0.012581168831168832
0 0.4875 0.4577922077922078 0.00975609756097561 0.008928571428571428
0 0.15609756097560976 0.15543831168831168 0.00975609756097561 0.015422077922077922
0 0.40853658536585363 0.817775974025974 0.014939024390243902 0.019074675324675324
0 0.5432926829268293 0.9131493506493507 0.014329268292682927 0.02150974025974026
0 0.5085365853658537 0.44439935064935066 0.01097560975609756 0.016639610389610388
0 0.19207317073170732 0.42207792207792205 0.01097560975609756 0.013392857142857142
0 0.20091463414634148 0.6229707792207793 0.018292682926829267 0.023944805194805196
0 0.2503048780487805 0.3405032467532468 0.01951219512195122 0.023944805194805196
0 0.9484756097560976 0.8392857142857143 0.013719512195121951 0.01461038961038961
0 0.9734756097560976 0.3299512987012987 0.012195121951219513 0.012175324675324676
0 0.4801829268292683 0.481737012987013 0.011280487804878048 0.012581168831168832
0 0.4920731707317073 0.2820616883116883 0.011585365853658536 0.013392857142857142
0 0.5652439024390243 0.18831168831168832 0.008841463414634146 0.010957792207792208
0 0.26158536585365855 0.8798701298701299 0.018902439024390243 0.021915584415584416
0 0.3692073170731707 0.03977272727272727 0.016158536585365854 0.01948051948051948
0 0.41280487804878047 0.13352272727272727 0.009451219512195122 0.012987012987012988
0 0.32865853658536587 0.7353896103896104 0.00853658536585366 0.008116883116883116
0 0.5350609756097561 0.6160714285714286 0.016463414634146342 0.024350649350649352
0 0.21951219512195122 0.5101461038961039 0.011890243902439025 0.013798701298701298
1 0.4765243902439024 0.23579545454545456 0.010670731707317074 0.013392857142857142
1 0.7518292682926829 0.08035714285714286 0.010670731707317074 0.016233766233766232
1 0.4402439024390244 0.5507305194805194 0.013719512195121951 0.020698051948051948
1 0.6542682926829269 0.7297077922077922 0.0125 0.013392857142857142
1 0.6067073170731707 0.5827922077922078 0.01707317073170732 0.019074675324675324
1 0.9606707317073171 0.16599025974025974 0.011890243902439025 0.01948051948051948
1 0.4942073170731707 0.3843344155844156 0.013719512195121951 0.018668831168831168
1 0.2978658536585366 0.3494318181818182 0.011280487804878048 0.018668831168831168
1 0.5582317073170732 0.7508116883116883 0.01768292682926829 0.023133116883116884
1 0.3121951219512195 0.11201298701298701 0.0125 0.015016233766233766
1 0.8832317073170731 0.24310064935064934 0.010670731707317074 0.01461038961038961
1 0.8771341463414634 0.021915584415584416 0.01402439024390244 0.015827922077922076
1 0.5978658536585366 0.7905844155844156 0.011280487804878048 0.017045454545454544
1 0.2070121951219512 0.3133116883116883 0.016158536585365854 0.018668831168831168
1 0.9853658536585366 0.6891233766233766 0.016463414634146342 0.018262987012987012
1 0.25365853658536586 0.916801948051948 0.015548780487804878 0.021915584415584416
1 0.9612804878048781 0.8823051948051948 0.00853658536585366 0.010957792207792208
1 0.6155487804878049 0.46266233766233766 0.011280487804878048 0.012175324675324676
1 0.813719512195122 0.6063311688311688 0.0125 0.013392857142857142
1 0.5588414634146341 0.38758116883116883 0.018597560975609755 0.02719155844155844
1 0.17103658536585367 0.994724025974026 0.010060975609756098 0.00974025974025974
1 0.6503048780487805 0.3352272727272727 0.013719512195121951 0.017857142857142856
1 0.8942073170731707 0.7857142857142857 0.014634146341463415 0.015827922077922076
1 0.03597560975609756 0.8754058441558441 0.011585365853658536 0.013798701298701298
1 0.8496951219512195 0.96875 0.011280487804878048 0.018262987012987012
1 0.14146341463414633 0.7037337662337663 0.014634146341463415 0.019886363636363636
1 0.04420731707317073 0.637987012987013 0.010060975609756098 0.015827922077922076
1 0.2685975609756098 0.7017045454545454 0.012804878048780487 0.019886363636363636
1 0.3847560975609756 0.8555194805194806 0.00975609756097561 0.013798701298701298
1 0.7128048780487805 0.6834415584415584 0.01097560975609756 0.017045454545454544
1 0.39939024390243905 0.6830357142857143 0.01707317073170732 0.023944805194805196
1 0.7798780487804878 0.41030844155844154 0.012804878048780487 0.020292207792207792
1 0.4634146341463415 0.6424512987012987 0.013109756097560975 0.017045454545454544
1 0.6039634146341464 0.08076298701298701 0.011890243902439025 0.015422077922077922
1 0.8954268292682926 0.26542207792207795 0.011585365853658536 0.012581168831168832
1 0.573170731707317 0.1452922077922078 0.01097560975609756 0.012987012987012988
1 0.48597560975609755 0.762987012987013 0.011585365853658536 0.013392857142857142
1 0.5603658536585366 0.6781655844155844 0.013719512195121951 0.015016233766233766
1 0.6414634146341464 0.5706168831168831 0.016463414634146342 0.01948051948051948
1 0.6798780487804879 0.7106331168831169 0.012804878048780487 0.017857142857142856
1 0.3667682926829268 0.919237012987013 0.011890243902439025 0.013798701298701298
1 0.19847560975609757 0.6785714285714286 0.011890243902439025 0.018668831168831168
1 0.6076219512195122 0.6672077922077922 0.012804878048780487 0.018262987012987012
1 0.725 0.29829545454545453 0.00853658536585366 0.012175324675324676
1 0.3448170731707317 0.4127435064935065 0.01798780487804878 0.024350649350649352
1 0.9981707317073171 0.9496753246753247 0.013109756097560975 0.01461038961038961
1 0.4478658536585366 0.8709415584415584 0.009146341463414634 0.012987012987012988
1 0.013109756097560975 0.9537337662337663 0.011585365853658536 0.012581168831168832
1 0.1402439024390244 0.2544642857142857 0.014939024390243902 0.022727272727272728
1 0.1472560975609756 0.5767045454545454 0.01402439024390244 0.018262987012987012
1 0.8134146341463414 0.648538961038961 0.013414634146341463 0.014204545454545454
1 0.8609756097560975 0.024350649350649352 0.011585365853658536 0.012175324675324676
1 0.07591463414634146 0.10592532467532467 0.00975609756097561 0.015827922077922076
1 0.3978658536585366 0.2483766233766234 0.014329268292682927 0.016233766233766232
1 0.3149390243902439 0.9241071428571429 0.015548780487804878 0.02150974025974026
1 0.6954268292682927 0.40787337662337664 0.011585365853658536 0.017045454545454544
1 0.22378048780487805 0.8916396103896104 0.0125 0.015827922077922076
1 0.07896341463414634 0.6140422077922078 0.018902439024390243 0.028409090909090908
1 0.03353658536585366 0.08563311688311688 0.01524390243902439 0.0174512987012987
1 0.7466463414634147 0.6168831168831169 0.00975609756097561 0.013798701298701298
1 0.14817073170731707 0.875 0.010365853658536586 0.015016233766233766
1 0.9371951219512196 0.9346590909090909 0.009146341463414634 0.015016233766233766
1 0.04939024390243903 0.05438311688311688 0.011585365853658536 0.018668831168831168
1 0.9826219512195122 0.9809253246753247 0.011280487804878048 0.013798701298701298
1 0.6246951219512196 0.450487012987013 0.013109756097560975 0.013392857142857142
