0 0.07591463414634146 0.12134740259740259 0.00853658536585366 0.010957792207792208
0 0.2527439024390244 0.9935064935064936 0.010670731707317074 0.016639610389610388
0 0.5301829268292683 0.778814935064935 0.010365853658536586 0.010551948051948052
0 0.738719512195122 0.3112824675324675 0.009146341463414634 0.012987012987012988
0 0.9490853658536585 0.0588474025974026 0.014329268292682927 0.019074675324675324
1 0.1496951219512195 0.09740259740259741 0.010365853658536586 0.016639610389610388
1 0.6692073170731707 0.8060064935064936 0.010365853658536586 0.010551948051948052
1 0.24115853658536585 0.564935064935065 0.015853658536585366 0.019074675324675324
1 0.5198170731707317 0.2905844155844156 0.010365853658536586 0.015422077922077922
1 0.4871951219512195 0.713474025974026 0.00853658536585366 0.010957792207792208
1 0.7128048780487805 0.9180194805194806 0.012195121951219513 0.018262987012987012
1 0.9969512195121951 0.533685064935065 0.00853658536585366 0.010957792207792208
1 0.5417682926829268 0.7938311688311688 0.01524390243902439 0.02150974025974026
1 0.9582317073170732 0.7386363636363636 0.011280487804878048 0.012581168831168832
1 0.38170731707317074 0.5430194805194806 0.010670731707317074 0.013392857142857142
1 0.3679878048780488 0.7512175324675324 0.013109756097560975 0.020698051948051948
1 0.19329268292682927 0.7025162337662337 0.010365853658536586 0.015422077922077922
1 0.3826219512195122 0.7633928571428571 0.00975609756097561 0.011363636363636364
1 0.775609756097561 0.6785714285714286 0.013719512195121951 0.014204545454545454
1 0.8100609756097561 0.4342532467532468 0.0125 0.013798701298701298
1 0.9780487804878049 0.617288961038961 0.01402439024390244 0.0174512987012987
1 0.15670731707317073 0.31006493506493504 0.014939024390243902 0.0174512987012987
1 0.8097560975609757 0.017857142857142856 0.0125 0.012581168831168832
1 0.525609756097561 0.7106331168831169 0.01402439024390244 0.020292207792207792
1 0.23506097560975608 0.961038961038961 0.011585365853658536 0.011363636363636364
1 0.27652439024390246 0.2694805194805195 0.0125 0.015422077922077922
1 0.10060975609756098 0.3417207792207792 0.011280487804878048 0.017045454545454544
1 0.5057926829268292 0.1396103896103896 0.013414634146341463 0.017045454545454544
1 0.21402439024390243 0.9496753246753247 0.019817073170731708 0.023133116883116884
1 0.8786585365853659 0.6879058441558441 0.009146341463414634 0.01461038961038961
1 0.964329268292683 0.7337662337662337 0.011585365853658536 0.011363636363636364
1 0.5695121951219512 0.9496753246753247 0.01768292682926829 0.023133116883116884
1 0.6426829268292683 0.7167207792207793 0.010060975609756098 0.014204545454545454
