0 0.028658536585365855 0.45008116883116883 0.014329268292682927 0.02150974025974026
0 0.6658536585365854 0.15097402597402598 0.016158536585365854 0.019886363636363636
0 0.2152439024390244 0.5170454545454546 0.013719512195121951 0.018668831168831168
0 0.25396341463414634 0.5596590909090909 0.020731707317073172 0.02353896103896104
0 0.9103658536585366 0.137987012987013 0.011890243902439025 0.013392857142857142
0 0.31676829268292683 0.7098214285714286 0.010365853658536586 0.017045454545454544
0 0.30335365853658536 0.9825487012987013 0.011890243902439025 0.01461038961038961
0 0.26158536585365855 0.8745941558441559 0.011585365853658536 0.0174512987012987
0 0.1902439024390244 0.7832792207792207 0.011890243902439025 0.0174512987012987
0 0.4225609756097561 0.9951298701298701 0.013719512195121951 0.020292207792207792
0 0.36585365853658536 0.35267857142857145 0.013719512195121951 0.015422077922077922
0 0.09329268292682927 0.6806006493506493 0.018292682926829267 0.022321428571428572
0 0.7149390243902439 0.08847402597402597 0.012804878048780487 0.013798701298701298
0 0.04054878048780488 0.5146103896103896 0.013414634146341463 0.014204545454545454
0 0.4198170731707317 0.36444805194805197 0.010060975609756098 0.01176948051948052
0 0.8310975609756097 0.09699675324675325 0.0125 0.020292207792207792
0 0.06067073170731707 0.5758928571428571 0.011890243902439025 0.015422077922077922
0 0.4685975609756098 0.8031655844155844 0.01402439024390244 0.015422077922077922
0 0.5481707317073171 0.4439935064935065 0.012195121951219513 0.016233766233766232
0 0.12713414634146342 0.5673701298701299 0.010365853658536586 0.014204545454545454
0 0.40182926829268295 0.231737012987013 0.010670731707317074 0.012175324675324676
0 0.5609756097560976 0.06534090909090909 0.014634146341463415 0.017857142857142856
0 0.2731707317073171 0.7775974025974026 0.012804878048780487 0.017857142857142856
0 0.9713414634146341 0.9683441558441559 0.01097560975609756 0.01461038961038961
0 0.2146341463414634 0.6554383116883117 0.01524390243902439 0.017857142857142856
0 0.1076219512195122 0.4699675324675325 0.016463414634146342 0.018262987012987012
0 0.2420731707317073 0.6193181818181818 0.013719512195121951 0.020698051948051948
0 0.6411585365853658 0.2832792207792208 0.009146341463414634 0.010551948051948052
0 0.6844512195121951 0.3555194805194805 0.010365853658536586 0.016233766233766232
0 0.1655487804878049 0.3867694805194805 0.01402439024390244 0.01461038961038961
0 0.10274390243902438 0.7491883116883117 0.015853658536585366 0.017857142857142856
0 0.24847560975609756 0.41030844155844154 0.010060975609756098 0.012175324675324676
0 0.636280487804878 0.3530844155844156 0.01402439024390244 0.016639610389610388
0 0.7884146341463415 0.5137987012987013 0.0125 0.01461038961038961
0 0.5384146341463415 0.3051948051948052 0.0125 0.012987012987012988
0 0.6460365853658536 0.18628246753246752 0.00975609756097561 0.010551948051948052
0 0.042682926829268296 0.6826298701298701 0.01097560975609756 0.010551948051948052
0 0.4865853658536585 0.596185064935065 0.0125 0.020292207792207792
0 0.8542682926829268 0.23214285714285715 0.012195121951219513 0.016233766233766232
0 0.3518292682926829 0.08035714285714286 0.013109756097560975 0.01461038961038961
0 0.06280487804878049 0.7167207792207793 0.010060975609756098 0.010146103896103896
0 0.15609756097560976 0.9829545454545454 0.013719512195121951 0.015827922077922076
0 0.22591463414634147 0.7650162337662337 0.010365853658536586 0.015016233766233766
0 0.21951219512195122 0.12337662337662338 0.0125 0.016639610389610388
0 0.6515243902439024 0.21022727272727273 0.010060975609756098 0.010957792207792208
0 0.4295731707317073 0.06655844155844155 0.010365853658536586 0.015827922077922076
0 0.4478658536585366 0.9460227272727273 0.010060975609756098 0.015016233766233766
0 0.12225609756097561 0.926948051948052 0.02195121951219512 0.026379870129870128
0 0.635670731707317 0.7114448051948052 0.01097560975609756 0.0174512987012987
0 0.9085365853658537 0.442775974025974 0.01402439024390244 0.022321428571428572
0 0.3564024390243902 0.2857142857142857 0.014634146341463415 0.019074675324675324
0 0.9990853658536586 0.18344155844155843 0.011585365853658536 0.015016233766233766
0 0.5521341463414634 0.2702922077922078 0.011280487804878048 0.017045454545454544
0 0.7472560975609757 0.9411525974025974 0.01524390243902439 0.017045454545454544
0 0.16128048780487805 0.027597402597402596 0.012804878048780487 0.015827922077922076
0 0.9615853658536585 0.7455357142857143 0.011890243902439025 0.014204545454545454
0 0.06524390243902439 0.15827922077922077 0.014634146341463415 0.020292207792207792
0 0.2503048780487805 0.14650974025974026 0.013109756097560975 0.016639610389610388
0 0.025914634146341462 0.788961038961039 0.00975609756097561 0.013798701298701298
0 0.5826219512195122 0.9829545454545454 0.013414634146341463 0.015827922077922076
0 0.6347560975609756 0.16314935064935066 0.014634146341463415 0.022727272727272728
0 0.1527439024390244 0.3494318181818182 0.015853658536585366 0.0174512987012987
0 0.8338414634146342 0.6631493506493507 0.011280487804878048 0.013392857142857142
0 0.6634146341463415 0.757711038961039 0.010060975609756098 0.010957792207792208
0 0.12469512195121951 0.08279220779220779 0.013414634146341463 0.017857142857142856
0 0.7737804878048781 0.9362824675324676 0.018292682926829267 0.025162337662337664
0 0.6548780487804878 0.1737012987012987 0.009451219512195122 0.008522727272727272
0 0.3125 0.04017857142857143 0.013719512195121951 0.015422077922077922
0 0.1548780487804878 0.6574675324675324 0.012195121951219513 0.015016233766233766
0 0.7628048780487805 0.5722402597402597 0.01097560975609756 0.017857142857142856
1 0.8746951219512196 0.27516233766233766 0.01097560975609756 0.017857142857142856
1 0.7573170731707317 0.8766233766233766 0.014939024390243902 0.0174512987012987
1 0.17347560975609755 0.7102272727272727 0.011890243902439025 0.015016233766233766
1 0.9277439024390244 0.9756493506493507 0.010060975609756098 0.014204545454545454
1 0.8667682926829269 0.07589285714285714 0.011280487804878048 0.013392857142857142
1 0.802439024390244 0.7248376623376623 0.011890243902439025 0.016639610389610388
1 0.1951219512195122 0.9046266233766234 0.013109756097560975 0.015016233766233766
1 0.7655487804878048 0.591314935064935 0.007926829268292683 0.011363636363636364
1 0.5853658536585366 0.07873376623376624 0.014329268292682927 0.015422077922077922
1 0.4929878048780488 0.20738636363636365 0.0125 0.019886363636363636
1 0.6289634146341463 0.9123376623376623 0.011280487804878048 0.017857142857142856
1 0.9432926829268292 0.39569805194805197 0.015853658536585366 0.017045454545454544
1 0.12134146341463414 0.32832792207792205 0.01402439024390244 0.018262987012987012
1 0.25365853658536586 0.08238636363636363 0.009451219512195122 0.01176948051948052
1 0.4560975609756098 0.3380681818181818 0.013719512195121951 0.014204545454545454
1 0.7134146341463414 0.4630681818181818 0.014329268292682927 0.015422077922077922
1 0.6698170731707317 0.3425324675324675 0.012804878048780487 0.013392857142857142
1 0.12286585365853658 0.11241883116883117 0.0125 0.01461038961038961
1 0.5082317073170731 0.7913961038961039 0.015853658536585366 0.02150974025974026
1 0.19969512195121952 0.12621753246753248 0.00975609756097561 0.011363636363636364
1 0.7554878048780488 0.7349837662337663 0.010365853658536586 0.016233766233766232
1 0.17865853658536585 0.9099025974025974 0.014634146341463415 0.021915584415584416
1 0.8722560975609757 0.5223214285714286 0.012195121951219513 0.019074675324675324
1 0.1152439024390244 0.9963474025974026 0.013414634146341463 0.0174512987012987
1 0.2548780487804878 0.757711038961039 0.015853658536585366 0.02353896103896104
1 0.2701219512195122 0.349025974025974 0.011585365853658536 0.018668831168831168
1 0.6246951219512196 0.37743506493506496 0.014634146341463415 0.015827922077922076
1 0.8960365853658536 0.8831168831168831 0.012195121951219513 0.016639610389610388
1 0.7097560975609756 0.890827922077922 0.0125 0.016233766233766232
1 0.47621951219512193 0.9951298701298701 0.013719512195121951 0.015827922077922076
1 0.21920731707317073 0.7962662337662337 0.01097560975609756 0.015422077922077922
1 0.45426829268292684 0.362012987012987 0.015548780487804878 0.024350649350649352
1 0.5125 0.13758116883116883 0.010365853658536586 0.016233766233766232
1 0.9740853658536586 0.6416396103896104 0.010670731707317074 0.016639610389610388
1 0.6121951219512195 0.03896103896103896 0.01097560975609756 0.0174512987012987
1 0.5277439024390244 0.11972402597402597 0.011585365853658536 0.018262987012987012
1 0.4371951219512195 0.6939935064935064 0.010670731707317074 0.014204545454545454
1 0.7588414634146341 0.6010551948051948 0.010365853658536586 0.016233766233766232
1 0.25640243902439025 0.612012987012987 0.012804878048780487 0.01461038961038961
