0 0.42347560975609755 0.231737012987013 0.011890243902439025 0.015016233766233766
0 0.38902439024390245 0.7844967532467533 0.011280487804878048 0.015016233766233766
0 0.9698170731707317 0.09375 0.00975609756097561 0.012175324675324676
0 0.8301829268292683 0.827922077922078 0.01707317073170732 0.02556818181818182
0 0.1871951219512195 0.9902597402597403 0.01097560975609756 0.011363636363636364
0 0.8338414634146342 0.045048701298701296 0.0125 0.017857142857142856
0 0.7564024390243902 0.747564935064935 0.010365853658536586 0.014204545454545454
0 0.054878048780487805 0.9752435064935064 0.013719512195121951 0.018262987012987012
0 0.7878048780487805 0.43709415584415584 0.012804878048780487 0.01948051948051948
0 0.2 0.8559253246753247 0.011890243902439025 0.01461038961038961
0 0.6036585365853658 0.48133116883116883 0.016463414634146342 0.02556818181818182
0 0.3463414634146341 0.5734577922077922 0.013109756097560975 0.015016233766233766
0 0.5344512195121951 0.7637987012987013 0.012804878048780487 0.013392857142857142
0 0.8533536585365854 0.8916396103896104 0.013414634146341463 0.021103896103896104
0 0.8658536585365854 0.24675324675324675 0.0125 0.013798701298701298
0 0.05518292682926829 0.6351461038961039 0.011890243902439025 0.015422077922077922
1 0.598170731707317 0.2950487012987013 0.018902439024390243 0.025974025974025976
1 0.022865853658536585 0.8892045454545454 0.013109756097560975 0.014204545454545454
1 0.6219512195121951 0.14772727272727273 0.012804878048780487 0.020698051948051948
1 0.8451219512195122 0.5503246753246753 0.016158536585365854 0.0174512987012987
1 0.1125 0.6424512987012987 0.014634146341463415 0.016233766233766232
1 0.16097560975609757 0.5535714285714286 0.012804878048780487 0.019074675324675324
1 0.05274390243902439 0.06574675324675325 0.013109756097560975 0.021103896103896104
1 0.02225609756097561 0.05113636363636364 0.013719512195121951 0.017857142857142856
1 0.8329268292682926 0.01948051948051948 0.011280487804878048 0.01176948051948052
1 0.7655487804878048 0.9383116883116883 0.013109756097560975 0.020292207792207792
1 0.2121951219512195 0.4577922077922078 0.012195121951219513 0.018262987012987012
1 0.3698170731707317 0.757711038961039 0.01798780487804878 0.025974025974025976
1 0.21951219512195122 0.775974025974026 0.011585365853658536 0.016233766233766232
1 0.811280487804878 0.3847402597402597 0.012195121951219513 0.01948051948051948
1 0.17164634146341465 0.6124188311688312 0.011585365853658536 0.015016233766233766
1 0.2301829268292683 0.08685064935064934 0.012804878048780487 0.019074675324675324
1 0.24115853658536585 0.5202922077922078 0.011890243902439025 0.012581168831168832
1 0.18628048780487805 0.9131493506493507 0.012804878048780487 0.013392857142857142
1 0.024390243902439025 0.7873376623376623 0.01402439024390244 0.0174512987012987
1 0.9140243902439025 0.752435064935065 0.015548780487804878 0.017857142857142856
1 0.9746951219512195 0.8534902597402597 0.011585365853658536 0.015827922077922076
1 0.04390243902439024 0.7313311688311688 0.00975609756097561 0.016233766233766232
1 0.22073170731707317 0.5381493506493507 0.008231707317073171 0.012987012987012988
1 0.325 0.6416396103896104 0.010060975609756098 0.015016233766233766
1 0.43658536585365854 0.12337662337662338 0.009451219512195122 0.016233766233766232
1 0.27713414634146344 0.19439935064935066 0.019817073170731708 0.025162337662337664
1 0.5625 0.6781655844155844 0.013414634146341463 0.017045454545454544
1 0.28536585365853656 0.44886363636363635 0.0125 0.01461038961038961
1 0.8057926829268293 0.8405032467532467 0.012804878048780487 0.015422077922077922
1 0.7820121951219512 0.7321428571428571 0.009451219512195122 0.01176948051948052
1 0.5527439024390244 0.2556818181818182 0.014329268292682927 0.019074675324675324
1 0.5810975609756097 0.547077922077922 0.009146341463414634 0.012175324675324676
1 0.4996951219512195 0.4253246753246753 0.013719512195121951 0.021103896103896104
1 0.13689024390243903 0.2077922077922078 0.011890243902439025 0.01176948051948052
1 0.4948170731707317 0.40381493506493504 0.010060975609756098 0.016233766233766232
1 0.05457317073170732 0.3977272727272727 0.01097560975609756 0.011363636363636364
1 0.7966463414634146 0.26339285714285715 0.00975609756097561 0.016639610389610388
1 0.5359756097560976 0.3380681818181818 0.013109756097560975 0.01461038961038961
1 0.7155487804878049 0.21550324675324675 0.01097560975609756 0.015422077922077922
1 0.7292682926829268 0.4419642857142857 0.013109756097560975 0.01948051948051948
1 0.23414634146341465 0.3952922077922078 0.01097560975609756 0.015422077922077922
1 0.2783536585365854 0.6765422077922078 0.014939024390243902 0.021103896103896104
1 0.23567073170731706 0.262987012987013 0.010365853658536586 0.016639610389610388
1 0.3274390243902439 0.8396915584415584 0.009451219512195122 0.011363636363636364
1 0.8551829268292683 0.5357142857142857 0.010060975609756098 0.010146103896103896
1 0.4573170731707317 0.765422077922078 0.011280487804878048 0.015827922077922076
1 0.42865853658536585 0.6278409090909091 0.012195121951219513 0.018668831168831168
1 0.1350609756097561 0.7175324675324676 0.014329268292682927 0.016233766233766232
1 0.676829268292683 0.6132305194805194 0.010060975609756098 0.016639610389610388
1 0.4475609756097561 0.022321428571428572 0.011890243902439025 0.012987012987012988
1 0.5201219512195122 0.6883116883116883 0.011280487804878048 0.017045454545454544
1 0.1899390243902439 0.3060064935064935 0.01097560975609756 0.016639610389610388
1 0.9353658536585366 0.4094967532467532 0.010365853658536586 0.016233766233766232
1 0.8228658536585366 0.48011363636363635 0.01402439024390244 0.01948051948051948
1 0.42835365853658536 0.48660714285714285 0.010670731707317074 0.012987012987012988
1 0.20121951219512196 0.8096590909090909 0.013109756097560975 0.013798701298701298
1 0.813719512195122 0.5413961038961039 0.014329268292682927 0.018668831168831168
1 0.17347560975609755 0.692775974025974 0.020121951219512196 0.028003246753246752
1 0.9094512195121951 0.7008928571428571 0.012195121951219513 0.016639610389610388
1 0.11158536585365854 0.23457792207792208 0.011585365853658536 0.012987012987012988
1 0.8472560975609756 0.05073051948051948 0.013719512195121951 0.017857142857142856
1 0.46737804878048783 0.7573051948051948 0.014634146341463415 0.022727272727272728
1 0.873780487804878 0.6801948051948052 0.013414634146341463 0.0174512987012987
1 0.39390243902439026 0.6335227272727273 0.00975609756097561 0.012987012987012988
1 0.8524390243902439 0.807224025974026 0.009451219512195122 0.015827922077922076
1 0.27713414634146344 0.40584415584415584 0.01097560975609756 0.018262987012987012
1 0.748780487804878 0.24878246753246752 0.011585365853658536 0.014204545454545454
1 0.813109756097561 0.4310064935064935 0.01097560975609756 0.018262987012987012
1 0.8786585365853659 0.59375 0.011890243902439025 0.01176948051948052
1 0.8899390243902439 0.049107142857142856 0.013414634146341463 0.014204545454545454
1 0.8612804878048781 0.5762987012987013 0.011890243902439025 0.018668831168831168
1 0.7463414634146341 0.48214285714285715 0.008841463414634146 0.012581168831168832
1 0.1496951219512195 0.10592532467532467 0.014634146341463415 0.0174512987012987
1 0.6079268292682927 0.6672077922077922 0.010670731707317074 0.01461038961038961
1 0.9085365853658537 0.3900162337662338 0.011280487804878048 0.0174512987012987
1 0.6012195121951219 0.7516233766233766 0.010060975609756098 0.012987012987012988
1 0.05121951219512195 0.7585227272727273 0.0125 0.014204545454545454
1 0.12408536585365854 0.8851461038961039 0.01707317073170732 0.021915584415584416
1 0.3719512195121951 0.5742694805194806 0.010670731707317074 0.014204545454545454
1 0.5640243902439024 0.012175324675324676 0.008231707317073171 0.008928571428571428
1 0.6429878048780487 0.14123376623376624 0.01402439024390244 0.022321428571428572
1 0.5734756097560976 0.6907467532467533 0.013109756097560975 0.015016233766233766
1 0.2094512195121951 0.8129058441558441 0.00975609756097561 0.014204545454545454
1 0.3378048780487805 0.791801948051948 0.01524390243902439 0.017045454545454544
1 0.41524390243902437 0.023133116883116884 0.011890243902439025 0.017045454545454544
1 0.2655487804878049 0.17207792207792208 0.012804878048780487 0.017857142857142856
1 0.8399390243902439 0.413961038961039 0.01402439024390244 0.017045454545454544
1 0.4201219512195122 0.6055194805194806 0.01097560975609756 0.015422077922077922
1 0.3935975609756098 0.7715097402597403 0.009451219512195122 0.010551948051948052
1 0.8679878048780488 0.19155844155844157 0.013109756097560975 0.016233766233766232
1 0.925609756097561 0.275974025974026 0.013414634146341463 0.01461038961038961
1 0.2420731707317073 0.30357142857142855 0.00853658536585366 0.01461038961038961
1 0.23841463414634145 0.34415584415584416 0.010365853658536586 0.012987012987012988
1 0.3067073170731707 0.38961038961038963 0.016158536585365854 0.019886363636363636
1 0.16859756097560977 0.984172077922078 0.010060975609756098 0.01461038961038961
1 0.9820121951219513 0.7256493506493507 0.012804878048780487 0.019886363636363636
