0 0.9960365853658537 0.3612012987012987 0.01097560975609756 0.012987012987012988
0 0.1527439024390244 0.887987012987013 0.011280487804878048 0.015016233766233766
0 0.688109756097561 0.8794642857142857 0.01097560975609756 0.0174512987012987
0 0.20792682926829267 0.15949675324675325 0.0125 0.019074675324675324
0 0.8582317073170732 0.9882305194805194 0.010060975609756098 0.017045454545454544
0 0.8981707317073171 0.13189935064935066 0.015853658536585366 0.017857142857142856
0 0.5234756097560975 0.9050324675324676 0.01097560975609756 0.012581168831168832
0 0.4853658536585366 0.01461038961038961 0.00975609756097561 0.01461038961038961
0 0.13323170731707318 0.9569805194805194 0.016158536585365854 0.018262987012987012
0 0.3301829268292683 0.5308441558441559 0.01097560975609756 0.010551948051948052
0 0.4865853658536585 0.7203733766233766 0.011280487804878048 0.016233766233766232
0 0.9435975609756098 0.28612012987012986 0.012804878048780487 0.016233766233766232
0 0.7597560975609756 0.4902597402597403 0.012195121951219513 0.016639610389610388
0 0.9503048780487805 0.7353896103896104 0.014634146341463415 0.020292207792207792
0 0.021646341463414633 0.025974025974025976 0.00975609756097561 0.015422077922077922
0 0.6057926829268293 0.8676948051948052 0.013109756097560975 0.016639610389610388
0 0.8527439024390244 0.8169642857142857 0.009146341463414634 0.011363636363636364
0 0.3567073170731707 0.3628246753246753 0.018292682926829267 0.02719155844155844
0 0.19420731707317074 0.7321428571428571 0.011280487804878048 0.017045454545454544
0 0.23871951219512194 0.4935064935064935 0.014329268292682927 0.018262987012987012
0 0.2975609756097561 0.320211038961039 0.011280487804878048 0.015827922077922076
0 0.8402439024390244 0.18141233766233766 0.009146341463414634 0.008116883116883116
0 0.35 0.9155844155844156 0.011280487804878048 0.015827922077922076
0 0.2652439024390244 0.5353084415584416 0.018902439024390243 0.026379870129870128
0 0.3597560975609756 0.5718344155844156 0.009146341463414634 0.008928571428571428
0 0.9213414634146342 0.14285714285714285 0.014939024390243902 0.016639610389610388
0 0.4875 0.5292207792207793 0.012195121951219513 0.019886363636363636
0 0.17591463414634145 0.2203733766233766 0.015853658536585366 0.024350649350649352
0 0.21859756097560976 0.19805194805194806 0.012195121951219513 0.015016233766233766
0 0.6320121951219512 0.46063311688311687 0.010365853658536586 0.00974025974025974
0 0.35091463414634144 0.6647727272727273 0.01402439024390244 0.020698051948051948
0 0.676219512195122 0.0836038961038961 0.013414634146341463 0.018262987012987012
0 0.5817073170731707 0.6996753246753247 0.01097560975609756 0.012581168831168832
0 0.8585365853658536 0.255275974025974 0.011585365853658536 0.01176948051948052
0 0.6088414634146342 0.08035714285714286 0.00975609756097561 0.010551948051948052
0 0.7954268292682927 0.0349025974025974 0.01951219512195122 0.02719155844155844
0 0.2125 0.41680194805194803 0.009146341463414634 0.010146103896103896
0 0.8509146341463415 0.22930194805194806 0.013414634146341463 0.013798701298701298
0 0.13140243902439025 0.9034090909090909 0.00975609756097561 0.015827922077922076
0 0.44390243902439025 0.06939935064935066 0.009451219512195122 0.008928571428571428
0 0.9469512195121951 0.5316558441558441 0.012804878048780487 0.015827922077922076
0 0.06432926829268293 0.3469967532467532 0.00975609756097561 0.015016233766233766
0 0.4027439024390244 0.10551948051948051 0.013414634146341463 0.016233766233766232
0 0.16067073170731708 0.07670454545454546 0.013109756097560975 0.018668831168831168
0 0.37835365853658537 0.6838474025974026 0.011585365853658536 0.0174512987012987
0 0.5585365853658537 0.2987012987012987 0.014634146341463415 0.017857142857142856
0 0.2649390243902439 0.8441558441558441 0.017378048780487806 0.025974025974025976
0 0.7719512195121951 0.31493506493506496 0.00975609756097561 0.015422077922077922
0 0.1323170731707317 0.5762987012987013 0.01402439024390244 0.015016233766233766
0 0.5588414634146341 0.4431818181818182 0.010060975609756098 0.010146103896103896
0 0.2707317073170732 0.49837662337662336 0.011585365853658536 0.01176948051948052
0 0.7948170731707317 0.13230519480519481 0.00975609756097561 0.01176948051948052
0 0.749390243902439 0.4342532467532468 0.014329268292682927 0.020292207792207792
0 0.6838414634146341 0.7138798701298701 0.012195121951219513 0.017045454545454544
0 0.04024390243902439 0.734172077922078 0.014634146341463415 0.018668831168831168
0 0.08109756097560976 0.7690746753246753 0.014634146341463415 0.015827922077922076
0 0.4792682926829268 0.6521915584415584 0.013719512195121951 0.015016233766233766
0 0.10396341463414634 0.9517045454545454 0.012195121951219513 0.01461038961038961
0 0.5060975609756098 0.4991883116883117 0.012804878048780487 0.014204545454545454
0 0.4268292682926829 0.43141233766233766 0.013719512195121951 0.021915584415584416
0 0.6591463414634147 0.4289772727272727 0.0125 0.015827922077922076
0 0.11951219512195121 0.711038961038961 0.012804878048780487 0.013392857142857142
0 0.3722560975609756 0.661525974025974 0.011585365853658536 0.017045454545454544
0 0.2228658536585366 0.07548701298701299 0.011585365853658536 0.018668831168831168
0 0.7911585365853658 0.4099025974025974 0.01707317073170732 0.02556818181818182
0 0.18689024390243902 0.5872564935064936 0.011585365853658536 0.0174512987012987
0 0.18689024390243902 0.022321428571428572 0.016158536585365854 0.021915584415584416
0 0.24085365853658536 0.810064935064935 0.010670731707317074 0.010551948051948052
0 0.5548780487804879 0.7828733766233766 0.013719512195121951 0.01948051948051948
0 0.7664634146341464 0.6181006493506493 0.016463414634146342 0.018262987012987012
0 0.8429878048780488 0.10551948051948051 0.015548780487804878 0.02150974025974026
0 0.4689024390243902 0.979301948051948 0.011585365853658536 0.01461038961038961
0 0.08841463414634146 0.2849025974025974 0.010365853658536586 0.013392857142857142
0 0.510060975609756 0.32711038961038963 0.013109756097560975 0.015422077922077922
0 0.07865853658536585 0.6217532467532467 0.013109756097560975 0.020292207792207792
1 0.6972560975609756 0.17167207792207792 0.01920731707317073 0.026785714285714284
1 0.5240853658536585 0.9500811688311688 0.011890243902439025 0.012175324675324676
1 0.7847560975609756 0.3534902597402597 0.016158536585365854 0.02353896103896104
1 0.07804878048780488 0.05357142857142857 0.010670731707317074 0.016233766233766232
1 0.023170731707317073 0.734577922077922 0.013719512195121951 0.02150974025974026
1 0.6829268292682927 0.14732142857142858 0.011890243902439025 0.0174512987012987
1 0.5545731707317073 0.14894480519480519 0.009451219512195122 0.013392857142857142
1 0.9390243902439024 0.8498376623376623 0.01402439024390244 0.021103896103896104
1 0.6125 0.689935064935065 0.011585365853658536 0.016233766233766232
1 0.1445121951219512 0.30641233766233766 0.009451219512195122 0.011363636363636364
1 0.0899390243902439 0.6875 0.010365853658536586 0.010146103896103896
1 0.21646341463414634 0.8766233766233766 0.012804878048780487 0.016233766233766232
1 0.6015243902439025 0.5202922077922078 0.011585365853658536 0.013798701298701298
1 0.7567073170731707 0.3336038961038961 0.01097560975609756 0.017857142857142856
1 0.13902439024390245 0.7402597402597403 0.012804878048780487 0.019074675324675324
1 0.11219512195121951 0.14082792207792208 0.010365853658536586 0.01176948051948052
1 0.7314024390243903 0.9078733766233766 0.013719512195121951 0.02150974025974026
1 0.5634146341463414 0.15665584415584416 0.010670731707317074 0.011363636363636364
1 0.3954268292682927 0.7633928571428571 0.009146341463414634 0.01176948051948052
1 0.6542682926829269 0.7337662337662337 0.012804878048780487 0.01461038961038961
1 0.964329268292683 0.7690746753246753 0.011585365853658536 0.01176948051948052
1 0.38628048780487806 0.2780032467532468 0.018292682926829267 0.02719155844155844
1 0.1948170731707317 0.10349025974025974 0.018597560975609755 0.023944805194805196
1 0.4350609756097561 0.4878246753246753 0.010670731707317074 0.015422077922077922
1 0.1524390243902439 0.4082792207792208 0.012804878048780487 0.013392857142857142
1 0.6112804878048781 0.2573051948051948 0.013414634146341463 0.019886363636363636
1 0.04542682926829268 0.9464285714285714 0.013719512195121951 0.020698051948051948
1 0.749390243902439 0.39488636363636365 0.013109756097560975 0.015827922077922076
1 0.3856707317073171 0.05397727272727273 0.01402439024390244 0.019886363636363636
1 0.3932926829268293 0.6363636363636364 0.014329268292682927 0.017857142857142856
1 0.536890243902439 0.23863636363636365 0.00975609756097561 0.010957792207792208
1 0.6115853658536585 0.20251623376623376 0.011280487804878048 0.012987012987012988
1 0.7670731707317073 0.9797077922077922 0.00975609756097561 0.013798701298701298
1 0.8524390243902439 0.6205357142857143 0.014329268292682927 0.0174512987012987
1 0.1978658536585366 0.7698863636363636 0.01920731707317073 0.02353896103896104
1 0.04725609756097561 0.07873376623376624 0.01402439024390244 0.02150974025974026
1 0.48628048780487804 0.38758116883116883 0.013109756097560975 0.015827922077922076
1 0.09481707317073171 0.174512987012987 0.01524390243902439 0.021915584415584416
1 0.061585365853658536 0.4338474025974026 0.02195121951219512 0.025974025974025976
1 0.6524390243902439 0.23782467532467533 0.011890243902439025 0.018262987012987012
1 0.19817073170731708 0.9127435064935064 0.009146341463414634 0.009334415584415584
1 0.9905487804878049 0.8713474025974026 0.007621951219512195 0.01176948051948052
1 0.525 0.8291396103896104 0.010060975609756098 0.01461038961038961
1 0.6100609756097561 0.9549512987012987 0.008841463414634146 0.009334415584415584
1 0.12469512195121951 0.2930194805194805 0.0125 0.015827922077922076
1 0.24817073170731707 0.838474025974026 0.01097560975609756 0.015422077922077922
1 0.24176829268292682 0.11525974025974026 0.023170731707317073 0.03206168831168831
1 0.5451219512195122 0.8303571428571429 0.010365853658536586 0.015016233766233766
1 0.936280487804878 0.7573051948051948 0.01402439024390244 0.017045454545454544
1 0.39207317073170733 0.6030844155844156 0.016158536585365854 0.024350649350649352
1 0.5384146341463415 0.2792207792207792 0.013109756097560975 0.017045454545454544
1 0.07865853658536585 0.07589285714285714 0.016463414634146342 0.01948051948051948
1 0.28567073170731705 0.061282467532467536 0.010365853658536586 0.012175324675324676
1 0.8439024390243902 0.2913961038961039 0.014329268292682927 0.022321428571428572
1 0.626219512195122 0.864448051948052 0.011890243902439025 0.018262987012987012
1 0.3277439024390244 0.9496753246753247 0.011890243902439025 0.012987012987012988
1 0.5088414634146341 0.6335227272727273 0.013109756097560975 0.015422077922077922
1 0.017378048780487806 0.8246753246753247 0.011585365853658536 0.019074675324675324
1 0.32378048780487806 0.030844155844155844 0.014634146341463415 0.01948051948051948
1 0.02621951219512195 0.3806818181818182 0.011585365853658536 0.015422077922077922
1 0.7545731707317073 0.1241883116883117 0.011280487804878048 0.017045454545454544
1 0.22652439024390245 0.42045454545454547 0.012804878048780487 0.016233766233766232
1 0.9780487804878049 0.47930194805194803 0.011585365853658536 0.01176948051948052
1 0.5719512195121951 0.5296266233766234 0.012195121951219513 0.015827922077922076
1 0.9408536585365853 0.788961038961039 0.009146341463414634 0.009334415584415584
1 0.1420731707317073 0.7073863636363636 0.014939024390243902 0.020292207792207792
1 0.11646341463414635 0.7719155844155844 0.012195121951219513 0.017045454545454544
1 0.36371951219512194 0.08441558441558442 0.009451219512195122 0.010957792207792208
1 0.9728658536585366 0.39285714285714285 0.009451219512195122 0.012987012987012988
1 0.17804878048780487 0.6842532467532467 0.010670731707317074 0.013798701298701298
1 0.27408536585365856 0.4387175324675325 0.0125 0.017857142857142856
1 0.7009146341463415 0.48944805194805197 0.010670731707317074 0.011363636363636364
1 0.44664634146341464 0.28936688311688313 0.010670731707317074 0.015827922077922076
1 0.7158536585365853 0.26582792207792205 0.013719512195121951 0.02150974025974026
1 0.29634146341463413 0.2288961038961039 0.011280487804878048 0.010957792207792208
1 0.20426829268292682 0.5917207792207793 0.020121951219512196 0.02922077922077922
1 0.7844512195121951 0.10470779220779221 0.012195121951219513 0.017045454545454544
1 0.7423780487804879 0.6753246753246753 0.009146341463414634 0.008928571428571428
1 0.9426829268292682 0.9200487012987013 0.01097560975609756 0.010957792207792208
1 0.21432926829268292 0.7106331168831169 0.012804878048780487 0.018262987012987012
1 0.4716463414634146 0.7800324675324676 0.013109756097560975 0.016233766233766232
1 0.6088414634146342 0.942775974025974 0.010670731707317074 0.012581168831168832
1 0.044817073170731705 0.25162337662337664 0.015548780487804878 0.0174512987012987
1 0.7582317073170731 0.6607142857142857 0.010060975609756098 0.00974025974025974
1 0.24908536585365854 0.7077922077922078 0.015548780487804878 0.016639610389610388
1 0.11189024390243903 0.810064935064935 0.013414634146341463 0.01948051948051948
1 0.8795731707317073 0.9715909090909091 0.0125 0.017857142857142856
1 0.6646341463414634 0.5340909090909091 0.0125 0.018668831168831168
