0 0.8987804878048781 0.34212662337662336 0.009451219512195122 0.013798701298701298
0 0.9911585365853659 0.07873376623376624 0.010060975609756098 0.015016233766233766
0 0.19085365853658537 0.8685064935064936 0.010060975609756098 0.017045454545454544
0 0.5158536585365854 0.859577922077922 0.01097560975609756 0.014204545454545454
0 0.9414634146341463 0.22362012987012986 0.014939024390243902 0.023133116883116884
0 0.27926829268292686 0.6497564935064936 0.014634146341463415 0.016233766233766232
0 0.686280487804878 0.14123376623376624 0.010365853658536586 0.015827922077922076
0 0.7990853658536585 0.2573051948051948 0.01707317073170732 0.024756493506493508
0 0.3280487804878049 0.9577922077922078 0.009146341463414634 0.012175324675324676
0 0.02103658536585366 0.8981331168831169 0.01798780487804878 0.023944805194805196
0 0.20548780487804877 0.317775974025974 0.009146341463414634 0.01461038961038961
0 0.5966463414634147 0.29017857142857145 0.010670731707317074 0.012175324675324676
0 0.9170731707317074 0.5271915584415584 0.01097560975609756 0.01461038961038961
0 0.05975609756097561 0.6635551948051948 0.009451219512195122 0.009334415584415584
0 0.8213414634146341 0.6907467532467533 0.013109756097560975 0.018262987012987012
0 0.5814024390243903 0.4825487012987013 0.011280487804878048 0.017857142857142856
0 0.9042682926829269 0.2702922077922078 0.013109756097560975 0.020292207792207792
0 0.2801829268292683 0.31412337662337664 0.013109756097560975 0.019074675324675324
0 0.6176829268292683 0.5771103896103896 0.01402439024390244 0.01948051948051948
0 0.07621951219512195 0.653814935064935 0.015548780487804878 0.02150974025974026
0 0.4530487804878049 0.48133116883116883 0.010060975609756098 0.013798701298701298
0 0.7039634146341464 0.4383116883116883 0.011280487804878048 0.016233766233766232
0 0.6692073170731707 0.859577922077922 0.011890243902439025 0.018668831168831168
0 0.8384146341463414 0.49959415584415584 0.015548780487804878 0.01948051948051948
0 0.24695121951219512 0.7012987012987013 0.011280487804878048 0.012581168831168832
0 0.7158536585365853 0.3940746753246753 0.013109756097560975 0.017857142857142856
0 0.1701219512195122 0.362012987012987 0.0125 0.015422077922077922
0 0.9701219512195122 0.48660714285714285 0.015548780487804878 0.02150974025974026
0 0.901219512195122 0.38392857142857145 0.014329268292682927 0.022727272727272728
1 0.10579268292682927 0.06696428571428571 0.010365853658536586 0.010957792207792208
1 0.4817073170731707 0.07751623376623376 0.011585365853658536 0.013798701298701298
1 0.5070121951219512 0.5868506493506493 0.012195121951219513 0.017857142857142856
1 0.9576219512195122 0.5848214285714286 0.014329268292682927 0.018262987012987012
1 0.5557926829268293 0.36363636363636365 0.012804878048780487 0.018262987012987012
1 0.6228658536585366 0.14935064935064934 0.013719512195121951 0.020292207792207792
1 0.7219512195121951 0.027597402597402596 0.011280487804878048 0.012581168831168832
1 0.2646341463414634 0.07711038961038962 0.010365853658536586 0.016233766233766232
1 0.5746951219512195 0.9078733766233766 0.00975609756097561 0.015422077922077922
1 0.47286585365853656 0.5320616883116883 0.01707317073170732 0.023944805194805196
1 0.5606707317073171 0.7800324675324676 0.017378048780487806 0.01948051948051948
1 0.10396341463414634 0.1331168831168831 0.011280487804878048 0.018262987012987012
1 0.19664634146341464 0.33766233766233766 0.020731707317073172 0.025162337662337664
1 0.9801829268292683 0.544237012987013 0.011585365853658536 0.017045454545454544
1 0.02103658536585366 0.533685064935065 0.011890243902439025 0.013798701298701298
1 0.7496951219512196 0.2463474025974026 0.011585365853658536 0.019074675324675324
1 0.5884146341463414 0.3234577922077922 0.009451219512195122 0.012987012987012988
1 0.9067073170731708 0.15949675324675325 0.012804878048780487 0.013798701298701298
1 0.6585365853658537 0.963474025974026 0.01097560975609756 0.015827922077922076
1 0.4798780487804878 0.3676948051948052 0.011890243902439025 0.014204545454545454
1 0.2371951219512195 0.9155844155844156 0.013109756097560975 0.019074675324675324
1 0.5109756097560976 0.21915584415584416 0.014939024390243902 0.018262987012987012
1 0.1298780487804878 0.6221590909090909 0.011280487804878048 0.016639610389610388
1 0.6064024390243903 0.41112012987012986 0.009451219512195122 0.010146103896103896
1 0.7972560975609756 0.4237012987012987 0.010365853658536586 0.01461038961038961
1 0.9457317073170731 0.35267857142857145 0.013414634146341463 0.018262987012987012
1 0.6161585365853659 0.06696428571428571 0.010670731707317074 0.014204545454545454
1 0.017378048780487806 0.17775974025974026 0.010365853658536586 0.012581168831168832
1 0.200609756097561 0.18222402597402598 0.012195121951219513 0.012175324675324676
1 0.3021341463414634 0.8628246753246753 0.016158536585365854 0.022727272727272728
1 0.7554878048780488 0.9553571428571429 0.011280487804878048 0.010957792207792208
1 0.5216463414634146 0.49512987012987014 0.01676829268292683 0.018668831168831168
1 0.7536585365853659 0.08522727272727272 0.01402439024390244 0.021915584415584416
1 0.7945121951219513 0.6237824675324676 0.010060975609756098 0.012581168831168832
1 0.650609756097561 0.5 0.013414634146341463 0.016639610389610388
1 0.35060975609756095 0.25040584415584416 0.016463414634146342 0.018262987012987012
1 0.7576219512195121 0.7037337662337663 0.015548780487804878 0.02353896103896104
1 0.37134146341463414 0.6793831168831169 0.010365853658536586 0.00974025974025974
1 0.1420731707317073 0.775974025974026 0.00853658536585366 0.010146103896103896
1 0.17286585365853657 0.429788961038961 0.011585365853658536 0.015827922077922076
1 0.2030487804878049 0.2711038961038961 0.018292682926829267 0.024756493506493508
1 0.8658536585365854 0.14935064935064934 0.015548780487804878 0.020698051948051948
1 0.7164634146341463 0.898538961038961 0.013414634146341463 0.015016233766233766
1 0.13871951219512196 0.8157467532467533 0.010670731707317074 0.017045454545454544
1 0.16219512195121952 0.037743506493506496 0.012195121951219513 0.014204545454545454
1 0.2896341463414634 0.9756493506493507 0.00975609756097561 0.013798701298701298
1 0.9170731707317074 0.24066558441558442 0.011280487804878048 0.01461038961038961
1 0.5807926829268293 0.39042207792207795 0.012195121951219513 0.018668831168831168
1 0.03780487804878049 0.1992694805194805 0.010060975609756098 0.015827922077922076
1 0.6673780487804878 0.8871753246753247 0.011585365853658536 0.015827922077922076
1 0.47774390243902437 0.8116883116883117 0.011585365853658536 0.016639610389610388
1 0.8289634146341464 0.08076298701298701 0.015853658536585366 0.019074675324675324
1 0.0676829268292683 0.03165584415584415 0.011585365853658536 0.01176948051948052
1 0.7826219512195122 0.7861201298701299 0.012195121951219513 0.0174512987012987
1 0.6076219512195122 0.7244318181818182 0.011585365853658536 0.012175324675324676
1 0.21829268292682927 0.8056006493506493 0.01402439024390244 0.015016233766233766
1 0.32347560975609757 0.400974025974026 0.00975609756097561 0.010957792207792208
1 0.7798780487804878 0.47037337662337664 0.010670731707317074 0.011363636363636364
1 0.17408536585365852 0.03855519480519481 0.011280487804878048 0.014204545454545454
1 0.95 0.11972402597402597 0.009146341463414634 0.013392857142857142
1 0.27682926829268295 0.8883928571428571 0.013719512195121951 0.0174512987012987
1 0.3573170731707317 0.6603084415584416 0.0125 0.015016233766233766
1 0.1378048780487805 0.8900162337662337 0.009146341463414634 0.01461038961038961
1 0.7484756097560976 0.21387987012987014 0.009451219512195122 0.014204545454545454
1 0.9588414634146342 0.275974025974026 0.011585365853658536 0.0174512987012987
1 0.8448170731707317 0.630275974025974 0.010365853658536586 0.015827922077922076
1 0.5503048780487805 0.942775974025974 0.011585365853658536 0.01461038961038961
1 0.16158536585365854 0.7877435064935064 0.01097560975609756 0.015422077922077922
1 0.7390243902439024 0.5048701298701299 0.009146341463414634 0.015016233766233766
1 0.8222560975609756 0.849025974025974 0.007926829268292683 0.007711038961038961
1 0.573780487804878 0.622564935064935 0.015853658536585366 0.024756493506493508
1 0.9149390243902439 0.7913961038961039 0.009451219512195122 0.015422077922077922
1 0.24634146341463414 0.016639610389610388 0.010670731707317074 0.010551948051948052
1 0.5310975609756098 0.4342532467532468 0.013414634146341463 0.01461038961038961
1 0.7064024390243903 0.4650974025974026 0.011890243902439025 0.015827922077922076
1 0.3359756097560976 0.3189935064935065 0.01524390243902439 0.020698051948051948
1 0.4024390243902439 0.3587662337662338 0.0125 0.016233766233766232
1 0.6939024390243902 0.21956168831168832 0.013719512195121951 0.020698051948051948
1 0.08902439024390243 0.19886363636363635 0.011585365853658536 0.018262987012987012
1 0.614939024390244 0.2637987012987013 0.017378048780487806 0.021103896103896104
1 0.886280487804878 0.5515422077922078 0.020731707317073172 0.030032467532467532
1 0.43109756097560975 0.47686688311688313 0.012195121951219513 0.018262987012987012
1 0.711890243902439 0.11038961038961038 0.010670731707317074 0.010551948051948052
1 0.9670731707317073 0.6103896103896104 0.011280487804878048 0.012175324675324676
1 0.11676829268292684 0.38839285714285715 0.012804878048780487 0.020698051948051948
1 0.1902439024390244 0.3612012987012987 0.012195121951219513 0.01461038961038961
1 0.7926829268292683 0.11891233766233766 0.00853658536585366 0.008522727272727272
