0 0.8496951219512195 0.045048701298701296 0.0125 0.016639610389610388
0 0.4917682926829268 0.3843344155844156 0.009146341463414634 0.012175324675324676
0 0.6475609756097561 0.6935876623376623 0.010060975609756098 0.010551948051948052
0 0.0649390243902439 0.6866883116883117 0.01402439024390244 0.020292207792207792
0 0.5734756097560976 0.7297077922077922 0.01097560975609756 0.01461038961038961
0 0.2176829268292683 0.22849025974025974 0.011585365853658536 0.01461038961038961
1 0.18384146341463414 0.5231331168831169 0.012195121951219513 0.01461038961038961
1 0.9862804878048781 0.2049512987012987 0.011890243902439025 0.01176948051948052
1 0.688719512195122 0.2203733766233766 0.011585365853658536 0.012175324675324676
1 0.2344512195121951 0.056412337662337664 0.009146341463414634 0.012581168831168832
1 0.3173780487804878 0.765827922077922 0.012804878048780487 0.018262987012987012
1 0.8356707317073171 0.856737012987013 0.013719512195121951 0.015827922077922076
1 0.7225609756097561 0.33969155844155846 0.010365853658536586 0.016233766233766232
1 0.2814024390243902 0.2885551948051948 0.009451219512195122 0.011363636363636364
1 0.3603658536585366 0.23457792207792208 0.011890243902439025 0.01176948051948052
1 0.2942073170731707 0.8624188311688312 0.012804878048780487 0.016233766233766232
1 0.4658536585365854 0.6842532467532467 0.011890243902439025 0.016233766233766232
1 0.4073170731707317 0.617288961038961 0.014939024390243902 0.016639610389610388
1 0.9783536585365854 0.71875 0.01097560975609756 0.014204545454545454
1 0.09359756097560976 0.33563311688311687 0.008841463414634146 0.015422077922077922
1 0.6033536585365854 0.024350649350649352 0.010670731707317074 0.013798701298701298
1 0.6978658536585366 0.48011363636363635 0.008231707317073171 0.01461038961038961
1 0.30121951219512194 0.6124188311688312 0.015548780487804878 0.02150974025974026
1 0.4823170731707317 0.3210227272727273 0.008231707317073171 0.013392857142857142
1 0.864939024390244 0.6156655844155844 0.009146341463414634 0.008522727272727272
1 0.5527439024390244 0.11566558441558442 0.015853658536585366 0.017857142857142856
1 0.7993902439024391 0.8104707792207793 0.011585365853658536 0.018668831168831168
1 0.7457317073170732 0.8125 0.011280487804878048 0.01461038961038961
1 0.10548780487804878 0.4257305194805195 0.011280487804878048 0.012175324675324676
1 0.28536585365853656 0.18303571428571427 0.012804878048780487 0.018262987012987012
1 0.6945121951219512 0.09577922077922078 0.015853658536585366 0.01948051948051948
1 0.6371951219512195 0.3676948051948052 0.01097560975609756 0.015422077922077922
1 0.1524390243902439 0.37987012987012986 0.011890243902439025 0.015016233766233766
1 0.33719512195121953 0.8973214285714286 0.011280487804878048 0.013798701298701298
1 0.37347560975609756 0.33035714285714285 0.011280487804878048 0.013392857142857142
1 0.5719512195121951 0.8409090909090909 0.01402439024390244 0.016639610389610388
1 0.2634146341463415 0.03571428571428571 0.016463414634146342 0.025162337662337664
1 0.12439024390243902 0.18628246753246752 0.013719512195121951 0.018668831168831168
1 0.8545731707317074 0.38920454545454547 0.008841463414634146 0.009334415584415584
1 0.7015243902439025 0.11079545454545454 0.012195121951219513 0.016233766233766232
1 0.6655487804878049 0.049512987012987016 0.011585365853658536 0.019074675324675324
1 0.13902439024390245 0.3287337662337662 0.014634146341463415 0.020292207792207792
1 0.3021341463414634 0.27516233766233766 0.014939024390243902 0.02150974025974026
1 0.8612804878048781 0.4281655844155844 0.014939024390243902 0.023133116883116884
1 0.23841463414634145 0.2159090909090909 0.014329268292682927 0.021915584415584416
1 0.8417682926829269 0.6789772727272727 0.02195121951219512 0.026379870129870128
1 0.12560975609756098 0.797077922077922 0.010365853658536586 0.016639610389610388
1 0.8189024390243902 0.6237824675324676 0.010060975609756098 0.010957792207792208
1 0.7094512195121951 0.052759740259740256 0.014634146341463415 0.018668831168831168
1 0.5003048780487804 0.987012987012987 0.012195121951219513 0.014204545454545454
1 0.19725609756097562 0.791801948051948 0.009451219512195122 0.009334415584415584
1 0.28262195121951217 0.929788961038961 0.008841463414634146 0.008928571428571428
1 0.2503048780487805 0.15219155844155843 0.01707317073170732 0.021103896103896104
1 0.4189024390243902 0.5397727272727273 0.021341463414634148 0.03165584415584415
1 0.7698170731707317 0.8425324675324676 0.011585365853658536 0.015827922077922076
1 0.9829268292682927 0.4614448051948052 0.013109756097560975 0.018262987012987012
1 0.3908536585365854 0.9281655844155844 0.011890243902439025 0.019074675324675324
1 0.9692073170731708 0.5032467532467533 0.016463414634146342 0.018262987012987012
1 0.9570121951219512 0.9752435064935064 0.011890243902439025 0.016233766233766232
1 0.09054878048780488 0.11282467532467533 0.009451219512195122 0.015016233766233766
1 0.8161585365853659 0.06290584415584416 0.008231707317073171 0.012581168831168832
1 0.23506097560975608 0.8116883116883117 0.011890243902439025 0.015016233766233766
1 0.20853658536585365 0.7406655844155844 0.012195121951219513 0.019886363636363636
1 0.09573170731707317 0.8871753246753247 0.013109756097560975 0.018262987012987012
1 0.3125 0.21469155844155843 0.009146341463414634 0.012175324675324676
1 0.6490853658536585 0.9882305194805194 0.011890243902439025 0.019074675324675324
1 0.37378048780487805 0.5551948051948052 0.00975609756097561 0.012987012987012988
1 0.8612804878048781 0.04220779220779221 0.016158536585365854 0.023133116883116884
1 0.6234756097560976 0.06818181818181818 0.018597560975609755 0.024756493506493508
1 0.4228658536585366 0.7483766233766234 0.014634146341463415 0.017857142857142856
1 0.8121951219512196 0.4586038961038961 0.015548780487804878 0.018668831168831168
1 0.5929878048780488 0.643262987012987 0.011280487804878048 0.010957792207792208
1 0.5609756097560976 0.26866883116883117 0.012195121951219513 0.0174512987012987
1 0.7692073170731707 0.6846590909090909 0.014329268292682927 0.020292207792207792
1 0.49573170731707317 0.5710227272727273 0.012804878048780487 0.018668831168831168
1 0.6435975609756097 0.3737824675324675 0.011890243902439025 0.016233766233766232
1 0.7890243902439025 0.025162337662337664 0.014634146341463415 0.017045454545454544
1 0.6826219512195122 0.9176136363636364 0.013414634146341463 0.01461038961038961
1 0.7905487804878049 0.8786525974025974 0.011890243902439025 0.018262987012987012
1 0.6146341463414634 0.8965097402597403 0.011890243902439025 0.012987012987012988
1 0.286890243902439 0.6939935064935064 0.010365853658536586 0.015422077922077922
1 0.32195121951219513 0.4338474025974026 0.016463414634146342 0.018262987012987012
1 0.8951219512195122 0.17248376623376624 0.009146341463414634 0.008928571428571428
1 0.4472560975609756 0.9959415584415584 0.01097560975609756 0.016639610389610388
1 0.46189024390243905 0.7625811688311688 0.011890243902439025 0.013392857142857142
1 0.16920731707317074 0.8745941558441559 0.011890243902439025 0.015016233766233766
1 0.8048780487804879 0.971185064935065 0.01097560975609756 0.017045454545454544
1 0.5109756097560976 0.2617694805194805 0.011280487804878048 0.010957792207792208
1 0.3823170731707317 0.041396103896103896 0.013109756097560975 0.016233766233766232
1 0.05426829268292683 0.661525974025974 0.010060975609756098 0.011363636363636364
1 0.7009146341463415 0.37012987012987014 0.017378048780487806 0.022321428571428572
1 0.3847560975609756 0.6765422077922078 0.0125 0.012581168831168832
1 0.18536585365853658 0.9074675324675324 0.012804878048780487 0.018668831168831168
1 0.5942073170731708 0.24797077922077923 0.009146341463414634 0.01461038961038961
1 0.21189024390243902 0.4253246753246753 0.013719512195121951 0.014204545454545454
1 0.3884146341463415 0.599025974025974 0.015853658536585366 0.022321428571428572
1 0.8908536585365854 0.9046266233766234 0.010060975609756098 0.016639610389610388
1 0.21128048780487804 0.10957792207792208 0.011585365853658536 0.0174512987012987
