0 0.613109756097561 0.9801136363636364 0.009146341463414634 0.013798701298701298
0 0.3003048780487805 0.05357142857142857 0.010365853658536586 0.015016233766233766
0 0.42652439024390243 0.037743506493506496 0.015548780487804878 0.023133116883116884
0 0.8423780487804878 0.9667207792207793 0.012804878048780487 0.019074675324675324
0 0.7088414634146342 0.10186688311688312 0.012804878048780487 0.012987012987012988
0 0.2682926829268293 0.20089285714285715 0.015853658536585366 0.024350649350649352
0 0.0975609756097561 0.299512987012987 0.011280487804878048 0.015827922077922076
0 0.4676829268292683 0.799512987012987 0.012195121951219513 0.018668831168831168
0 0.5704268292682927 0.11282467532467533 0.01768292682926829 0.024756493506493508
0 0.6231707317073171 0.6375811688311688 0.010060975609756098 0.015422077922077922
0 0.35823170731707316 0.19480519480519481 0.014634146341463415 0.017857142857142856
0 0.535670731707317 0.8262987012987013 0.01798780487804878 0.021103896103896104
1 0.738109756097561 0.4719967532467532 0.014634146341463415 0.017045454545454544
1 0.9140243902439025 0.932224025974026 0.010060975609756098 0.00974025974025974
1 0.4426829268292683 0.583198051948052 0.01798780487804878 0.026785714285714284
1 0.6012195121951219 0.9853896103896104 0.011890243902439025 0.014204545454545454
1 0.18445121951219512 0.4659090909090909 0.013109756097560975 0.017045454545454544
1 0.8814024390243902 0.22118506493506493 0.014939024390243902 0.018262987012987012
1 0.16676829268292684 0.22727272727272727 0.012804878048780487 0.012987012987012988
1 0.6871951219512196 0.7272727272727273 0.015853658536585366 0.024350649350649352
1 0.8753048780487804 0.5905032467532467 0.01798780487804878 0.025974025974025976
1 0.21310975609756097 0.1416396103896104 0.01097560975609756 0.013392857142857142
1 0.18658536585365854 0.755275974025974 0.017378048780487806 0.023944805194805196
1 0.34847560975609754 0.7987012987012987 0.01524390243902439 0.020292207792207792
1 0.41036585365853656 0.19439935064935066 0.015853658536585366 0.018262987012987012
1 0.8378048780487805 0.349025974025974 0.010365853658536586 0.017045454545454544
1 0.5682926829268292 0.9050324675324676 0.013414634146341463 0.015827922077922076
1 0.6692073170731707 0.2086038961038961 0.009451219512195122 0.009334415584415584
1 0.7347560975609756 0.6213474025974026 0.014329268292682927 0.0174512987012987
1 0.4329268292682927 0.3632305194805195 0.01707317073170732 0.020292207792207792
1 0.5896341463414634 0.4147727272727273 0.01097560975609756 0.017045454545454544
1 0.8987804878048781 0.41233766233766234 0.020426829268292684 0.027597402597402596
1 0.18597560975609756 0.8189935064935064 0.012804878048780487 0.014204545454545454
1 0.49115853658536585 0.01948051948051948 0.01097560975609756 0.010551948051948052
1 0.6448170731707317 0.536525974025974 0.011280487804878048 0.015827922077922076
1 0.5207317073170732 0.22767857142857142 0.011890243902439025 0.019074675324675324
1 0.8984756097560975 0.8506493506493507 0.014939024390243902 0.023133116883116884
1 0.5829268292682926 0.5036525974025974 0.011890243902439025 0.013798701298701298
1 0.7625 0.3782467532467532 0.00853658536585366 0.007711038961038961
1 0.29024390243902437 0.08441558441558442 0.011890243902439025 0.014204545454545454
1 0.022865853658536585 0.5742694805194806 0.015548780487804878 0.019886363636363636
1 0.6012195121951219 0.22808441558441558 0.013109756097560975 0.016233766233766232
1 0.7439024390243902 0.6879058441558441 0.011280487804878048 0.0174512987012987
1 0.11219512195121951 0.5941558441558441 0.010365853658536586 0.012987012987012988
1 0.6079268292682927 0.13433441558441558 0.013719512195121951 0.020292207792207792
1 0.05 0.4017857142857143 0.010060975609756098 0.015422077922077922
1 0.37378048780487805 0.7090097402597403 0.008841463414634146 0.013798701298701298
1 0.9939024390243902 0.617288961038961 0.015548780487804878 0.020292207792207792
1 0.28871951219512193 0.3599837662337662 0.01402439024390244 0.02150974025974026
1 0.07347560975609756 0.4862012987012987 0.008841463414634146 0.012175324675324676
1 0.9753048780487805 0.7857142857142857 0.010670731707317074 0.010551948051948052
1 0.15945121951219512 0.25892857142857145 0.012804878048780487 0.012987012987012988
1 0.7481707317073171 0.4979707792207792 0.014329268292682927 0.017857142857142856
1 0.36310975609756097 0.15300324675324675 0.013414634146341463 0.017045454545454544
1 0.3384146341463415 0.6229707792207793 0.011890243902439025 0.01176948051948052
1 0.3542682926829268 0.833198051948052 0.014634146341463415 0.021103896103896104
