0 0.0975609756097561 0.29707792207792205 0.011585365853658536 0.015016233766233766
0 0.7375 0.7025162337662337 0.01524390243902439 0.022727272727272728
0 0.8960365853658536 0.6732954545454546 0.011585365853658536 0.015422077922077922
0 0.9875 0.2711038961038961 0.010060975609756098 0.009334415584415584
1 0.9829268292682927 0.5361201298701299 0.014634146341463415 0.01948051948051948
1 0.6332317073170731 0.614448051948052 0.009146341463414634 0.009334415584415584
1 0.9807926829268293 0.3153409090909091 0.012195121951219513 0.015016233766233766
1 0.4375 0.5738636363636364 0.011890243902439025 0.018668831168831168
1 0.7106707317073171 0.1525974025974026 0.013109756097560975 0.01948051948051948
1 0.8542682926829268 0.28814935064935066 0.013414634146341463 0.0174512987012987
1 0.9560975609756097 0.2913961038961039 0.01097560975609756 0.013392857142857142
1 0.3780487804878049 0.6619318181818182 0.015548780487804878 0.024350649350649352
1 0.7246951219512195 0.0633116883116883 0.014634146341463415 0.022321428571428572
1 0.06219512195121951 0.05925324675324675 0.0125 0.016233766233766232
1 0.5326219512195122 0.04586038961038961 0.009451219512195122 0.014204545454545454
1 0.20121951219512196 0.1010551948051948 0.020426829268292684 0.02353896103896104
1 0.8932926829268293 0.15300324675324675 0.0125 0.019074675324675324
1 0.12591463414634146 0.23863636363636365 0.010670731707317074 0.014204545454545454
1 0.3975609756097561 0.15016233766233766 0.011585365853658536 0.012581168831168832
1 0.8579268292682927 0.6607142857142857 0.009146341463414634 0.015827922077922076
1 0.3975609756097561 0.8758116883116883 0.013414634146341463 0.01461038961038961
1 0.5689024390243902 0.3656655844155844 0.011585365853658536 0.01176948051948052
1 0.9082317073170731 0.3287337662337662 0.013109756097560975 0.013392857142857142
1 0.5810975609756097 0.12824675324675325 0.011280487804878048 0.013798701298701298
1 0.9201219512195122 0.4622564935064935 0.013414634146341463 0.016233766233766232
1 0.3719512195121951 0.18181818181818182 0.009451219512195122 0.012987012987012988
1 0.3003048780487805 0.9943181818181818 0.02347560975609756 0.032873376623376624
1 0.18109756097560975 0.14082792207792208 0.01402439024390244 0.020292207792207792
1 0.5125 0.765827922077922 0.012804878048780487 0.017045454545454544
1 0.1573170731707317 0.9829545454545454 0.011890243902439025 0.012175324675324676
1 0.5969512195121951 0.29180194805194803 0.013109756097560975 0.01948051948051948
1 0.3954268292682927 0.4979707792207792 0.01524390243902439 0.023944805194805196
1 0.6463414634146342 0.7150974025974026 0.011280487804878048 0.013798701298701298
1 0.2375 0.7804383116883117 0.011585365853658536 0.014204545454545454
1 0.775609756097561 0.9537337662337663 0.0125 0.019886363636363636
1 0.9655487804878049 0.5673701298701299 0.014329268292682927 0.018668831168831168
1 0.11067073170731707 0.8896103896103896 0.010365853658536586 0.00974025974025974
1 0.7018292682926829 0.7853084415584416 0.011585365853658536 0.011363636363636364
1 0.42652439024390243 0.39082792207792205 0.012804878048780487 0.012987012987012988
