0 0.5115853658536585 0.8632305194805194 0.0125 0.01461038961038961
0 0.28841463414634144 0.44642857142857145 0.01402439024390244 0.020292207792207792
0 0.9621951219512195 0.6534090909090909 0.010670731707317074 0.01461038961038961
0 0.9195121951219513 0.47362012987012986 0.01402439024390244 0.020698051948051948
0 0.9121951219512195 0.827922077922078 0.012195121951219513 0.018262987012987012
0 0.8 0.9403409090909091 0.016463414634146342 0.018262987012987012
0 0.24329268292682926 0.27881493506493504 0.010670731707317074 0.0174512987012987
0 0.6564024390243902 0.3262987012987013 0.015853658536585366 0.0174512987012987
0 0.7530487804878049 0.8737824675324676 0.011585365853658536 0.013392857142857142
0 0.2329268292682927 0.34334415584415584 0.013109756097560975 0.0174512987012987
0 0.8847560975609756 0.9910714285714286 0.015853658536585366 0.017857142857142856
0 0.3399390243902439 0.42694805194805197 0.009451219512195122 0.010146103896103896
0 0.29085365853658535 0.1680194805194805 0.011890243902439025 0.01461038961038961
0 0.9234756097560975 0.648538961038961 0.010670731707317074 0.016639610389610388
0 0.8810975609756098 0.7556818181818182 0.011890243902439025 0.016639610389610388
0 0.05365853658536585 0.630275974025974 0.01097560975609756 0.018262987012987012
0 0.1975609756097561 0.7857142857142857 0.016463414634146342 0.021103896103896104
0 0.8375 0.9760551948051948 0.011280487804878048 0.01461038961038961
0 0.9701219512195122 0.9285714285714286 0.013109756097560975 0.019074675324675324
0 0.4317073170731707 0.8222402597402597 0.0125 0.017857142857142856
0 0.3679878048780488 0.24431818181818182 0.011585365853658536 0.018262987012987012
0 0.8423780487804878 0.6428571428571429 0.0125 0.01948051948051948
0 0.46128048780487807 0.325487012987013 0.013109756097560975 0.013798701298701298
0 0.38384146341463415 0.36891233766233766 0.014329268292682927 0.018668831168831168
0 0.03689024390243902 0.8060064935064936 0.015548780487804878 0.020292207792207792
0 0.022560975609756097 0.5328733766233766 0.009146341463414634 0.00974025974025974
0 0.5865853658536585 0.24391233766233766 0.011585365853658536 0.017857142857142856
0 0.5557926829268293 0.794237012987013 0.014329268292682927 0.0174512987012987
0 0.35579268292682925 0.15178571428571427 0.011280487804878048 0.017045454545454544
0 0.1847560975609756 0.5580357142857143 0.01676829268292683 0.025974025974025976
0 0.511280487804878 0.5133928571428571 0.011585365853658536 0.016233766233766232
0 0.7899390243902439 0.23457792207792208 0.012195121951219513 0.014204545454545454
0 0.9057926829268292 0.1891233766233766 0.018597560975609755 0.025974025974025976
0 0.21432926829268292 0.518262987012987 0.011585365853658536 0.01176948051948052
0 0.8356707317073171 0.7491883116883117 0.011890243902439025 0.01948051948051948
0 0.2329268292682927 0.9249188311688312 0.01402439024390244 0.016233766233766232
0 0.33628048780487807 0.16071428571428573 0.013719512195121951 0.016639610389610388
0 0.3524390243902439 0.09050324675324675 0.011280487804878048 0.01461038961038961
0 0.2807926829268293 0.3494318181818182 0.01097560975609756 0.016233766233766232
0 0.6408536585365854 0.3961038961038961 0.011890243902439025 0.014204545454545454
0 0.27987804878048783 0.5568181818181818 0.01402439024390244 0.019074675324675324
0 0.6640243902439025 0.10633116883116883 0.00853658536585366 0.007711038961038961
0 0.925609756097561 0.919237012987013 0.016463414634146342 0.021915584415584416
0 0.926219512195122 0.17410714285714285 0.0125 0.017045454545454544
0 0.33445121951219514 0.0799512987012987 0.011280487804878048 0.012581168831168832
0 0.9945121951219512 0.20900974025974026 0.0125 0.01948051948051948
0 0.3719512195121951 0.4127435064935065 0.016158536585365854 0.018262987012987012
0 0.8740853658536586 0.38961038961038963 0.012804878048780487 0.01948051948051948
0 0.9606707317073171 0.20982142857142858 0.012804878048780487 0.017045454545454544
0 0.45182926829268294 0.7236201298701299 0.012195121951219513 0.0174512987012987
0 0.4533536585365854 0.4172077922077922 0.020121951219512196 0.023944805194805196
0 0.23780487804878048 0.6002435064935064 0.010670731707317074 0.015827922077922076
0 0.8579268292682927 0.07508116883116883 0.011280487804878048 0.016233766233766232
0 0.9692073170731708 0.6185064935064936 0.011890243902439025 0.01461038961038961
0 0.9676829268292683 0.6810064935064936 0.014329268292682927 0.017857142857142856
0 0.4768292682926829 0.7974837662337663 0.01097560975609756 0.015016233766233766
0 0.3692073170731707 0.8867694805194806 0.00975609756097561 0.00974025974025974
0 0.5219512195121951 0.8056006493506493 0.010365853658536586 0.012581168831168832
0 0.9942073170731708 0.6448863636363636 0.015548780487804878 0.017045454545454544
0 0.9496951219512195 0.5332792207792207 0.014329268292682927 0.018262987012987012
0 0.963109756097561 0.588474025974026 0.018292682926829267 0.024756493506493508
0 0.2554878048780488 0.7061688311688312 0.01707317073170732 0.02150974025974026
0 0.5786585365853658 0.9622564935064936 0.01676829268292683 0.019074675324675324
0 0.8463414634146341 0.4387175324675325 0.014939024390243902 0.02150974025974026
0 0.03689024390243902 0.3823051948051948 0.012804878048780487 0.015827922077922076
1 0.45884146341463417 0.22767857142857142 0.01097560975609756 0.011363636363636364
1 0.2579268292682927 0.5620941558441559 0.014634146341463415 0.016639610389610388
1 0.823170731707317 0.8607954545454546 0.013414634146341463 0.018668831168831168
1 0.9448170731707317 0.6647727272727273 0.011585365853658536 0.015016233766233766
1 0.7414634146341463 0.12053571428571429 0.007926829268292683 0.006899350649350649
1 0.1954268292682927 0.2621753246753247 0.01402439024390244 0.020292207792207792
1 0.8542682926829268 0.5008116883116883 0.016158536585365854 0.018668831168831168
1 0.6423780487804878 0.9212662337662337 0.010670731707317074 0.015827922077922076
1 0.13628048780487806 0.6270292207792207 0.013719512195121951 0.020698051948051948
1 0.6304878048780488 0.030032467532467532 0.011585365853658536 0.015827922077922076
1 0.7737804878048781 0.653814935064935 0.014329268292682927 0.015422077922077922
1 0.9984756097560976 0.49959415584415584 0.012804878048780487 0.020698051948051948
1 0.9057926829268292 0.20170454545454544 0.015853658536585366 0.018668831168831168
1 0.031097560975609756 0.630275974025974 0.016463414634146342 0.019074675324675324
1 0.6804878048780488 0.6728896103896104 0.013109756097560975 0.013798701298701298
1 0.8753048780487804 0.45738636363636365 0.012804878048780487 0.01948051948051948
1 0.5182926829268293 0.6956168831168831 0.009451219512195122 0.014204545454545454
1 0.7878048780487805 0.020292207792207792 0.010365853658536586 0.015016233766233766
1 0.988719512195122 0.14285714285714285 0.01097560975609756 0.012581168831168832
1 0.8170731707317073 0.017857142857142856 0.012195121951219513 0.012175324675324676
1 0.9753048780487805 0.17694805194805194 0.011585365853658536 0.019074675324675324
1 0.15060975609756097 0.3157467532467532 0.013719512195121951 0.019886363636363636
1 0.3935975609756098 0.635551948051948 0.014329268292682927 0.017857142857142856
1 0.6893292682926829 0.6505681818181818 0.012804878048780487 0.014204545454545454
1 0.9289634146341463 0.3851461038961039 0.013109756097560975 0.021103896103896104
1 0.3179878048780488 0.6497564935064936 0.01097560975609756 0.015016233766233766
1 0.5286585365853659 0.9825487012987013 0.015548780487804878 0.021915584415584416
1 0.7240853658536586 0.04301948051948052 0.014939024390243902 0.022321428571428572
1 0.7375 0.984577922077922 0.010365853658536586 0.012175324675324676
1 0.47804878048780486 0.20089285714285715 0.013719512195121951 0.020292207792207792
1 0.7432926829268293 0.8348214285714286 0.01097560975609756 0.01176948051948052
1 0.5551829268292683 0.5795454545454546 0.0125 0.016233766233766232
1 0.07042682926829268 0.45616883116883117 0.02103658536585366 0.023944805194805196
1 0.7685975609756097 0.9882305194805194 0.010060975609756098 0.009334415584415584
1 0.8240853658536585 0.14123376623376624 0.011890243902439025 0.015016233766233766
1 0.9564024390243903 0.25405844155844154 0.0125 0.017857142857142856
1 0.7564024390243902 0.9354707792207793 0.014939024390243902 0.017857142857142856
1 0.07865853658536585 0.4991883116883117 0.014329268292682927 0.022727272727272728
1 0.27652439024390246 0.679788961038961 0.012804878048780487 0.017045454545454544
1 0.39146341463414636 0.7329545454545454 0.01798780487804878 0.024350649350649352
1 0.7801829268292683 0.17045454545454544 0.01676829268292683 0.024756493506493508
1 0.8405487804878049 0.05357142857142857 0.015853658536585366 0.022321428571428572
1 0.15609756097560976 0.20900974025974026 0.00975609756097561 0.015422077922077922
1 0.6018292682926829 0.650974025974026 0.010060975609756098 0.011363636363636364
1 0.9804878048780488 0.048701298701298704 0.018597560975609755 0.024756493506493508
