0 0.738109756097561 0.7431006493506493 0.01097560975609756 0.012175324675324676
0 0.7548780487804878 0.8648538961038961 0.013109756097560975 0.020698051948051948
0 0.8432926829268292 0.200487012987013 0.014634146341463415 0.01948051948051948
0 0.1704268292682927 0.9431818181818182 0.01097560975609756 0.0174512987012987
0 0.9856707317073171 0.23944805194805194 0.010670731707317074 0.01176948051948052
0 0.7859756097560976 0.546672077922078 0.014634146341463415 0.021103896103896104
0 0.5871951219512195 0.9626623376623377 0.015548780487804878 0.017045454545454544
0 0.10853658536585366 0.8352272727272727 0.011585365853658536 0.017857142857142856
0 0.7490853658536586 0.29464285714285715 0.018902439024390243 0.02719155844155844
0 0.3332317073170732 0.3652597402597403 0.00975609756097561 0.015016233766233766
0 0.48597560975609755 0.8693181818181818 0.013109756097560975 0.019886363636363636
0 0.19359756097560976 0.26420454545454547 0.013719512195121951 0.019074675324675324
0 0.4798780487804878 0.23660714285714285 0.013109756097560975 0.013392857142857142
0 0.17865853658536585 0.19521103896103897 0.013414634146341463 0.015422077922077922
0 0.5634146341463414 0.5 0.011585365853658536 0.017045454545454544
0 0.07195121951219512 0.9736201298701299 0.013719512195121951 0.017045454545454544
0 0.8033536585365854 0.8486201298701299 0.011280487804878048 0.012581168831168832
0 0.09329268292682927 0.8173701298701299 0.013109756097560975 0.016639610389610388
0 0.2277439024390244 0.4967532467532468 0.010365853658536586 0.016639610389610388
0 0.13902439024390245 0.8892045454545454 0.010670731707317074 0.014204545454545454
0 0.7570121951219512 0.8181818181818182 0.011890243902439025 0.012987012987012988
0 0.9152439024390244 0.16112012987012986 0.01097560975609756 0.016639610389610388
0 0.29847560975609755 0.625 0.011890243902439025 0.018668831168831168
0 0.05853658536585366 0.7325487012987013 0.010060975609756098 0.012581168831168832
0 0.10792682926829268 0.6741071428571429 0.013109756097560975 0.017857142857142856
0 0.7189024390243902 0.41964285714285715 0.01402439024390244 0.01461038961038961
0 0.0625 0.5880681818181818 0.01768292682926829 0.023133116883116884
0 0.7475609756097561 0.2528409090909091 0.010670731707317074 0.012581168831168832
0 0.2786585365853659 0.1793831168831169 0.013109756097560975 0.01948051948051948
0 0.8310975609756097 0.299512987012987 0.014329268292682927 0.019074675324675324
0 0.12134146341463414 0.8092532467532467 0.014939024390243902 0.015827922077922076
0 0.24878048780487805 0.15503246753246752 0.01676829268292683 0.018668831168831168
0 0.3670731707317073 0.3559253246753247 0.013719512195121951 0.01948051948051948
0 0.9225609756097561 0.18831168831168832 0.01524390243902439 0.02150974025974026
0 0.6713414634146342 0.8875811688311688 0.014939024390243902 0.017045454545454544
0 0.7140243902439024 0.026785714285714284 0.011280487804878048 0.016233766233766232
0 0.7975609756097561 0.11728896103896104 0.010670731707317074 0.015422077922077922
0 0.7850609756097561 0.929788961038961 0.013719512195121951 0.021103896103896104
0 0.39878048780487807 0.9646915584415584 0.015853658536585366 0.018668831168831168
0 0.3274390243902439 0.9760551948051948 0.013109756097560975 0.013798701298701298
0 0.2783536585365854 0.8027597402597403 0.013414634146341463 0.016639610389610388
0 0.8606707317073171 0.695211038961039 0.013719512195121951 0.015016233766233766
0 0.38414634146341464 0.0633116883116883 0.014329268292682927 0.020698051948051948
0 0.37317073170731707 0.47362012987012986 0.011890243902439025 0.019074675324675324
0 0.17347560975609755 0.46387987012987014 0.010365853658536586 0.017045454545454544
0 0.9567073170731707 0.893262987012987 0.014634146341463415 0.019886363636363636
0 0.7664634146341464 0.9890422077922078 0.0125 0.013798701298701298
0 0.8835365853658537 0.19277597402597402 0.012195121951219513 0.018668831168831168
0 0.3649390243902439 0.23579545454545456 0.011585365853658536 0.015827922077922076
0 0.9109756097560976 0.7743506493506493 0.0125 0.012987012987012988
0 0.2451219512195122 0.13839285714285715 0.0125 0.013392857142857142
0 0.7716463414634146 0.0872564935064935 0.012804878048780487 0.017045454545454544
0 0.1795731707317073 0.5864448051948052 0.012804878048780487 0.014204545454545454
0 0.05060975609756098 0.4752435064935065 0.01707317073170732 0.023944805194805196
0 0.33201219512195124 0.721185064935065 0.011280487804878048 0.012581168831168832
0 0.07926829268292683 0.255275974025974 0.011890243902439025 0.014204545454545454
0 0.8176829268292682 0.4005681818181818 0.012195121951219513 0.015016233766233766
0 0.08170731707317073 0.6469155844155844 0.01524390243902439 0.019886363636363636
0 0.7585365853658537 0.40462662337662336 0.010670731707317074 0.016639610389610388
0 0.19969512195121952 0.9448051948051948 0.012195121951219513 0.015422077922077922
0 0.5542682926829269 0.8526785714285714 0.00975609756097561 0.014204545454545454
0 0.051829268292682924 0.15706168831168832 0.011585365853658536 0.017045454545454544
0 0.5759146341463415 0.05925324675324675 0.010060975609756098 0.016639610389610388
0 0.30121951219512194 0.06412337662337662 0.01798780487804878 0.025974025974025976
0 0.7323170731707317 0.5957792207792207 0.011585365853658536 0.015422077922077922
0 0.8969512195121951 0.048295454545454544 0.010365853658536586 0.010551948051948052
0 0.785670731707317 0.45292207792207795 0.013414634146341463 0.013798701298701298
0 0.9722560975609756 0.2913961038961039 0.009146341463414634 0.012175324675324676
0 0.014939024390243902 0.14042207792207792 0.0125 0.013392857142857142
0 0.40396341463414637 0.021103896103896104 0.012804878048780487 0.016233766233766232
0 0.8414634146341463 0.7694805194805194 0.010060975609756098 0.015422077922077922
0 0.04420731707317073 0.494724025974026 0.00701219512195122 0.008928571428571428
0 0.23384146341463416 0.9983766233766234 0.013414634146341463 0.017045454545454544
0 0.24115853658536585 0.19521103896103897 0.00975609756097561 0.00974025974025974
0 0.7685975609756097 0.6635551948051948 0.012804878048780487 0.013392857142857142
0 0.39176829268292684 0.21753246753246752 0.014329268292682927 0.020292207792207792
0 0.1277439024390244 0.15949675324675325 0.013109756097560975 0.013392857142857142
0 0.6420731707317073 0.523538961038961 0.01097560975609756 0.010957792207792208
1 0.2774390243902439 0.12134740259740259 0.008841463414634146 0.010957792207792208
1 0.05731707317073171 0.06818181818181818 0.013414634146341463 0.020698051948051948
1 0.3926829268292683 0.02922077922077922 0.009146341463414634 0.015827922077922076
1 0.41798780487804876 0.9334415584415584 0.010060975609756098 0.011363636363636364
1 0.3024390243902439 0.5081168831168831 0.013719512195121951 0.020698051948051948
1 0.875 0.6891233766233766 0.0125 0.014204545454545454
1 0.6347560975609756 0.7767857142857143 0.010060975609756098 0.010146103896103896
1 0.7204268292682927 0.1314935064935065 0.0125 0.015422077922077922
1 0.9466463414634146 0.7625811688311688 0.010060975609756098 0.013392857142857142
1 0.04603658536585366 0.7678571428571429 0.012195121951219513 0.015827922077922076
1 0.5942073170731708 0.695211038961039 0.011280487804878048 0.0174512987012987
1 0.7820121951219512 0.8616071428571429 0.0125 0.013392857142857142
1 0.14176829268292682 0.237012987012987 0.01676829268292683 0.024350649350649352
1 0.42804878048780487 0.1858766233766234 0.00975609756097561 0.01176948051948052
1 0.16737804878048781 0.9732142857142857 0.012804878048780487 0.01461038961038961
1 0.3027439024390244 0.20982142857142858 0.015853658536585366 0.023944805194805196
1 0.060365853658536583 0.5020292207792207 0.015548780487804878 0.016639610389610388
1 0.6365853658536585 0.6343344155844156 0.011890243902439025 0.015827922077922076
1 0.3335365853658537 0.6655844155844156 0.010060975609756098 0.015827922077922076
1 0.31615853658536586 0.3096590909090909 0.011890243902439025 0.01948051948051948
1 0.4097560975609756 0.760551948051948 0.01402439024390244 0.021915584415584416
1 0.29634146341463413 0.4788961038961039 0.0125 0.019074675324675324
1 0.4530487804878049 0.18628246753246752 0.00975609756097561 0.012581168831168832
1 0.8362804878048781 0.1497564935064935 0.01097560975609756 0.01461038961038961
1 0.45670731707317075 0.3685064935064935 0.011890243902439025 0.018262987012987012
1 0.036585365853658534 0.04991883116883117 0.011585365853658536 0.01461038961038961
1 0.04542682926829268 0.700487012987013 0.013109756097560975 0.016639610389610388
1 0.07713414634146341 0.41233766233766234 0.013109756097560975 0.01461038961038961
1 0.8454268292682927 0.4914772727272727 0.011585365853658536 0.01461038961038961
1 0.6225609756097561 0.9569805194805194 0.010060975609756098 0.015016233766233766
1 0.3722560975609756 0.21347402597402598 0.009146341463414634 0.012581168831168832
1 0.9457317073170731 0.9833603896103896 0.0125 0.017045454545454544
1 0.7384146341463415 0.3786525974025974 0.00975609756097561 0.013798701298701298
1 0.5179878048780487 0.016639610389610388 0.013109756097560975 0.015422077922077922
1 0.6951219512195121 0.4119318181818182 0.014634146341463415 0.017045454545454544
1 0.05945121951219512 0.13392857142857142 0.011585365853658536 0.017857142857142856
1 0.8585365853658536 0.14123376623376624 0.010060975609756098 0.012581168831168832
1 0.9009146341463414 0.9050324675324676 0.011280487804878048 0.014204545454545454
1 0.3856707317073171 0.442775974025974 0.014939024390243902 0.019074675324675324
1 0.07682926829268293 0.935064935064935 0.011890243902439025 0.018262987012987012
1 0.10426829268292682 0.8790584415584416 0.010365853658536586 0.0174512987012987
1 0.4472560975609756 0.731737012987013 0.010365853658536586 0.01176948051948052
1 0.6225609756097561 0.8441558441558441 0.010060975609756098 0.015827922077922076
1 0.13414634146341464 0.4484577922077922 0.01676829268292683 0.022727272727272728
1 0.5862804878048781 0.5726461038961039 0.0125 0.01461038961038961
1 0.686280487804878 0.5316558441558441 0.013414634146341463 0.019074675324675324
1 0.5835365853658536 0.9902597402597403 0.012804878048780487 0.013392857142857142
1 0.9490853658536585 0.7398538961038961 0.011585365853658536 0.019074675324675324
1 0.11402439024390244 0.476461038961039 0.01097560975609756 0.017857142857142856
1 0.04695121951219512 0.6728896103896104 0.00975609756097561 0.014204545454545454
1 0.5826219512195122 0.9034090909090909 0.01798780487804878 0.019886363636363636
1 0.738719512195122 0.5247564935064936 0.010060975609756098 0.010957792207792208
1 0.047865853658536586 0.3429383116883117 0.011585365853658536 0.013798701298701298
1 0.6103658536585366 0.47564935064935066 0.014329268292682927 0.018668831168831168
1 0.8530487804878049 0.31412337662337664 0.010365853658536586 0.0174512987012987
1 0.16402439024390245 0.13839285714285715 0.01097560975609756 0.016639610389610388
1 0.5213414634146342 0.6363636363636364 0.00853658536585366 0.015016233766233766
1 0.4292682926829268 0.814935064935065 0.012804878048780487 0.016233766233766232
1 0.24786585365853658 0.4163961038961039 0.014329268292682927 0.021915584415584416
1 0.8908536585365854 0.8745941558441559 0.01097560975609756 0.016639610389610388
1 0.7085365853658536 0.6018668831168831 0.011585365853658536 0.015422077922077922
1 0.8048780487804879 0.5535714285714286 0.014329268292682927 0.019886363636363636
1 0.2814024390243902 0.3632305194805195 0.0125 0.01948051948051948
1 0.5054878048780488 0.35186688311688313 0.013719512195121951 0.020698051948051948
1 0.588719512195122 0.049107142857142856 0.01402439024390244 0.022321428571428572
1 0.31646341463414634 0.7268668831168831 0.012195121951219513 0.01948051948051948
1 0.6951219512195121 0.05397727272727273 0.012804878048780487 0.015016233766233766
1 0.8935975609756097 0.9338474025974026 0.011280487804878048 0.012987012987012988
1 0.014634146341463415 0.6903409090909091 0.010060975609756098 0.010957792207792208
1 0.6140243902439024 0.02150974025974026 0.010060975609756098 0.014204545454545454
1 0.1277439024390244 0.5762987012987013 0.013109756097560975 0.013798701298701298
1 0.9996951219512196 0.9719967532467533 0.012195121951219513 0.012987012987012988
1 0.9585365853658536 0.768262987012987 0.010365853658536586 0.016233766233766232
1 0.8 0.37905844155844154 0.010365853658536586 0.012581168831168832
1 0.438109756097561 0.6465097402597403 0.012195121951219513 0.012987012987012988
1 0.3496951219512195 0.9103084415584416 0.010670731707317074 0.015016233766233766
1 0.24939024390243902 0.5405844155844156 0.00853658536585366 0.007711038961038961
1 0.5432926829268293 0.34131493506493504 0.0125 0.015827922077922076
1 0.8920731707317073 0.887987012987013 0.009146341463414634 0.013392857142857142
1 0.3728658536585366 0.275974025974026 0.013414634146341463 0.015016233766233766
1 0.5649390243902439 0.724025974025974 0.014329268292682927 0.021915584415584416
1 0.5414634146341464 0.6448863636363636 0.010365853658536586 0.010957792207792208
1 0.7362804878048781 0.6245941558441559 0.0125 0.016233766233766232
1 0.3594512195121951 0.8299512987012987 0.01097560975609756 0.010957792207792208
1 0.8356707317073171 0.4159902597402597 0.014939024390243902 0.021915584415584416
1 0.39878048780487807 0.9103084415584416 0.009146341463414634 0.012581168831168832
1 0.635670731707317 0.5852272727272727 0.016463414634146342 0.023133116883116884
