0 0.5780487804878048 0.9013798701298701 0.013414634146341463 0.0174512987012987
0 0.11310975609756098 0.8234577922077922 0.010060975609756098 0.013798701298701298
0 0.12073170731707317 0.5539772727272727 0.008231707317073171 0.007305194805194805
0 0.26402439024390245 0.5397727272727273 0.013109756097560975 0.015827922077922076
0 0.6371951219512195 0.299512987012987 0.013109756097560975 0.015016233766233766
0 0.9371951219512196 0.5 0.011890243902439025 0.017857142857142856
0 0.2817073170731707 0.049512987012987016 0.013719512195121951 0.019074675324675324
0 0.34237804878048783 0.3242694805194805 0.010670731707317074 0.014204545454545454
0 0.5929878048780488 0.35267857142857145 0.0125 0.015827922077922076
0 0.23079268292682928 0.6461038961038961 0.013719512195121951 0.018668831168831168
0 0.041158536585365856 0.4492694805194805 0.01402439024390244 0.015422077922077922
0 0.49847560975609756 0.08563311688311688 0.013109756097560975 0.016233766233766232
0 0.21158536585365853 0.7406655844155844 0.011585365853658536 0.018262987012987012
0 0.09878048780487805 0.05438311688311688 0.011585365853658536 0.015422077922077922
0 0.999390243902439 0.24675324675324675 0.00975609756097561 0.015827922077922076
0 0.2676829268292683 0.6103896103896104 0.011585365853658536 0.017045454545454544
0 0.9100609756097561 0.09212662337662338 0.01097560975609756 0.011363636363636364
0 0.411890243902439 0.5109577922077922 0.00853658536585366 0.01461038961038961
0 0.739939024390244 0.08441558441558442 0.0125 0.015016233766233766
0 0.9875 0.30560064935064934 0.011280487804878048 0.016233766233766232
0 0.4067073170731707 0.8400974025974026 0.012804878048780487 0.017857142857142856
0 0.2149390243902439 0.53125 0.008231707317073171 0.013798701298701298
0 0.6963414634146341 0.6116071428571429 0.0125 0.016639610389610388
0 0.20152439024390245 0.6810064935064936 0.012195121951219513 0.015422077922077922
0 0.32621951219512196 0.1956168831168831 0.010670731707317074 0.010146103896103896
0 0.6716463414634146 0.6282467532467533 0.010060975609756098 0.013798701298701298
0 0.760670731707317 0.5965909090909091 0.011280487804878048 0.010957792207792208
0 0.7548780487804878 0.9586038961038961 0.01097560975609756 0.01176948051948052
0 0.6018292682926829 0.7719155844155844 0.013414634146341463 0.020698051948051948
0 0.26920731707317075 0.4935064935064935 0.013719512195121951 0.0174512987012987
0 0.6673780487804878 0.8737824675324676 0.010365853658536586 0.010146103896103896
0 0.7780487804878049 0.9090909090909091 0.010670731707317074 0.010957792207792208
0 0.16676829268292684 0.04383116883116883 0.013414634146341463 0.015422077922077922
0 0.17164634146341465 0.0872564935064935 0.011280487804878048 0.016639610389610388
0 0.7634146341463415 0.922077922077922 0.012195121951219513 0.018668831168831168
0 0.19908536585365855 0.00974025974025974 0.008841463414634146 0.007711038961038961
0 0.2658536585365854 0.21631493506493507 0.012195121951219513 0.012175324675324676
0 0.20670731707317072 0.4301948051948052 0.01524390243902439 0.022727272727272728
0 0.1954268292682927 0.5340909090909091 0.010670731707317074 0.014204545454545454
0 0.19146341463414634 0.9545454545454546 0.010670731707317074 0.013798701298701298
0 0.10945121951219512 0.9237012987012987 0.014939024390243902 0.02353896103896104
0 0.7420731707317073 0.716314935064935 0.011585365853658536 0.0174512987012987
0 0.7655487804878048 0.5004058441558441 0.01097560975609756 0.017045454545454544
0 0.1423780487804878 0.3246753246753247 0.011585365853658536 0.013798701298701298
0 0.04847560975609756 0.9862012987012987 0.009451219512195122 0.012987012987012988
0 0.22347560975609757 0.4034090909090909 0.01768292682926829 0.01948051948051948
0 0.8341463414634146 0.369724025974026 0.008231707317073171 0.006899350649350649
0 0.7939024390243903 0.46185064935064934 0.011280487804878048 0.015422077922077922
0 0.5283536585365853 0.9366883116883117 0.013719512195121951 0.017045454545454544
0 0.4692073170731707 0.8043831168831169 0.0125 0.012987012987012988
0 0.9762195121951219 0.06696428571428571 0.013414634146341463 0.015827922077922076
0 0.27378048780487807 0.4082792207792208 0.01097560975609756 0.011363636363636364
0 0.05274390243902439 0.9058441558441559 0.011585365853658536 0.016639610389610388
0 0.7993902439024391 0.7686688311688312 0.013109756097560975 0.013392857142857142
0 0.7185975609756098 0.9435876623376623 0.0125 0.0174512987012987
0 0.15853658536585366 0.6185064935064936 0.01402439024390244 0.015016233766233766
0 0.6643292682926829 0.9107142857142857 0.011585365853658536 0.015016233766233766
0 0.7356707317073171 0.4025974025974026 0.01097560975609756 0.01461038961038961
0 0.9954268292682927 0.7122564935064936 0.011280487804878048 0.016639610389610388
0 0.8664634146341463 0.41883116883116883 0.011890243902439025 0.019074675324675324
0 0.7344512195121952 0.19074675324675325 0.00853658536585366 0.015016233766233766
0 0.8210365853658537 0.037337662337662336 0.011280487804878048 0.013392857142857142
0 0.660670731707317 0.14082792207792208 0.011585365853658536 0.018668831168831168
0 0.37408536585365854 0.5608766233766234 0.00975609756097561 0.010551948051948052
0 0.561280487804878 0.9415584415584416 0.007621951219512195 0.011363636363636364
0 0.6625 0.4155844155844156 0.010060975609756098 0.015422077922077922
0 0.41554878048780486 0.4403409090909091 0.01097560975609756 0.013798701298701298
0 0.699390243902439 0.8323863636363636 0.01097560975609756 0.014204545454545454
0 0.04542682926829268 0.7256493506493507 0.010060975609756098 0.013798701298701298
0 0.10701219512195122 0.5836038961038961 0.013414634146341463 0.02150974025974026
0 0.8429878048780488 0.8064123376623377 0.010060975609756098 0.013392857142857142
0 0.2548780487804878 0.40137987012987014 0.01097560975609756 0.014204545454545454
0 0.5960365853658537 0.19521103896103897 0.0125 0.019886363636363636
0 0.6542682926829269 0.8656655844155844 0.012195121951219513 0.018668831168831168
0 0.14573170731707316 0.26704545454545453 0.010670731707317074 0.016639610389610388
0 0.8981707317073171 0.017045454545454544 0.011585365853658536 0.012987012987012988
0 0.5304878048780488 0.8668831168831169 0.01524390243902439 0.017857142857142856
0 0.3375 0.515827922077922 0.015548780487804878 0.020292207792207792
0 0.34176829268292686 0.2950487012987013 0.013719512195121951 0.015422077922077922
0 0.07591463414634146 0.12581168831168832 0.011890243902439025 0.014204545454545454
1 0.10853658536585366 0.8060064935064936 0.011890243902439025 0.012987012987012988
1 0.0798780487804878 0.5174512987012987 0.011890243902439025 0.015016233766233766
1 0.613109756097561 0.7025162337662337 0.008231707317073171 0.010957792207792208
1 0.5777439024390244 0.4695616883116883 0.010670731707317074 0.010146103896103896
1 0.14603658536585365 0.6505681818181818 0.010060975609756098 0.014204545454545454
1 0.2996951219512195 0.6047077922077922 0.01097560975609756 0.013392857142857142
1 0.8182926829268292 0.9054383116883117 0.01707317073170732 0.025162337662337664
1 0.5707317073170731 0.020698051948051948 0.013109756097560975 0.013798701298701298
1 0.12286585365853658 0.8875811688311688 0.016158536585365854 0.019074675324675324
1 0.15182926829268292 0.1331168831168831 0.010670731707317074 0.017857142857142856
1 0.7454268292682927 0.9232954545454546 0.020121951219512196 0.028409090909090908
1 0.7753048780487805 0.8823051948051948 0.016463414634146342 0.021103896103896104
1 0.07469512195121951 0.1757305194805195 0.014634146341463415 0.016639610389610388
1 0.13597560975609757 0.5004058441558441 0.011890243902439025 0.016233766233766232
1 0.4198170731707317 0.17816558441558442 0.013719512195121951 0.015016233766233766
1 0.2777439024390244 0.20738636363636365 0.014329268292682927 0.02150974025974026
1 0.05274390243902439 0.3096590909090909 0.01768292682926829 0.019886363636363636
1 0.9384146341463414 0.1590909090909091 0.012195121951219513 0.013392857142857142
1 0.21128048780487804 0.6367694805194806 0.00853658536585366 0.009334415584415584
1 0.7179878048780488 0.09415584415584416 0.012195121951219513 0.015016233766233766
1 0.8442073170731708 0.04220779220779221 0.010670731707317074 0.011363636363636364
1 0.7240853658536586 0.07508116883116883 0.010670731707317074 0.011363636363636364
1 0.07926829268292683 0.8429383116883117 0.00975609756097561 0.016233766233766232
1 0.9408536585365853 0.596185064935065 0.013414634146341463 0.020698051948051948
1 0.7179878048780488 0.1911525974025974 0.011280487804878048 0.018668831168831168
1 0.751219512195122 0.5689935064935064 0.010670731707317074 0.0174512987012987
1 0.5307926829268292 0.825487012987013 0.013109756097560975 0.020698051948051948
1 0.1875 0.8831168831168831 0.0125 0.01461038961038961
1 0.025609756097560974 0.8522727272727273 0.010365853658536586 0.0174512987012987
1 0.14115853658536584 0.6956168831168831 0.014939024390243902 0.022727272727272728
1 0.3298780487804878 0.9699675324675324 0.011890243902439025 0.014204545454545454
1 0.6259146341463414 0.06777597402597403 0.010365853658536586 0.011363636363636364
1 0.032926829268292684 0.6635551948051948 0.014634146341463415 0.016233766233766232
1 0.6530487804878049 0.2913961038961039 0.011585365853658536 0.011363636363636364
1 0.2972560975609756 0.036931818181818184 0.010670731707317074 0.01176948051948052
1 0.2152439024390244 0.671672077922078 0.010670731707317074 0.012175324675324676
1 0.39939024390243905 0.18831168831168832 0.009451219512195122 0.008928571428571428
1 0.12225609756097561 0.9768668831168831 0.012804878048780487 0.017045454545454544
1 0.7469512195121951 0.1992694805194805 0.012195121951219513 0.016233766233766232
1 0.598170731707317 0.6525974025974026 0.0125 0.01461038961038961
1 0.3128048780487805 0.3469967532467532 0.012195121951219513 0.012987012987012988
1 0.03902439024390244 0.28287337662337664 0.0125 0.019074675324675324
1 0.313109756097561 0.45535714285714285 0.011890243902439025 0.018668831168831168
1 0.20213414634146343 0.3640422077922078 0.011890243902439025 0.014204545454545454
1 0.973780487804878 0.23457792207792208 0.01097560975609756 0.012175324675324676
1 0.3600609756097561 0.554788961038961 0.011280487804878048 0.016639610389610388
1 0.12896341463414634 0.817775974025974 0.013414634146341463 0.021103896103896104
1 0.09939024390243903 0.8839285714285714 0.00853658536585366 0.01176948051948052
1 0.10823170731707317 0.5162337662337663 0.0125 0.015827922077922076
1 0.8490853658536586 0.9744318181818182 0.009451219512195122 0.012581168831168832
1 0.22713414634146342 0.17897727272727273 0.01798780487804878 0.02719155844155844
1 0.8445121951219512 0.0929383116883117 0.010670731707317074 0.017045454545454544
1 0.3054878048780488 0.604301948051948 0.011280487804878048 0.010957792207792208
1 0.7426829268292683 0.2719155844155844 0.01402439024390244 0.018668831168831168
1 0.27987804878048783 0.4659090909090909 0.010365853658536586 0.016639610389610388
1 0.8109756097560976 0.2702922077922078 0.014329268292682927 0.015016233766233766
1 0.9054878048780488 0.5267857142857143 0.01920731707317073 0.026785714285714284
1 0.45914634146341465 0.5324675324675324 0.013719512195121951 0.01948051948051948
1 0.3335365853658537 0.640827922077922 0.012195121951219513 0.017045454545454544
1 0.46158536585365856 0.4042207792207792 0.010060975609756098 0.013392857142857142
1 0.4009146341463415 0.4387175324675325 0.01097560975609756 0.016639610389610388
1 0.6314024390243902 0.4715909090909091 0.014939024390243902 0.022321428571428572
1 0.750609756097561 0.887987012987013 0.0125 0.015422077922077922
1 0.9396341463414634 0.6594967532467533 0.011585365853658536 0.011363636363636364
1 0.5146341463414634 0.19886363636363635 0.010060975609756098 0.010551948051948052
1 0.5439024390243903 0.18831168831168832 0.011280487804878048 0.010957792207792208
1 0.6527439024390244 0.8924512987012987 0.013109756097560975 0.015422077922077922
1 0.7365853658536585 0.3060064935064935 0.010670731707317074 0.015827922077922076
1 0.43597560975609756 0.794237012987013 0.013414634146341463 0.019074675324675324
1 0.2228658536585366 0.6728896103896104 0.011280487804878048 0.013798701298701298
1 0.6094512195121952 0.6075487012987013 0.01920731707317073 0.021915584415584416
1 0.39695121951219514 0.9508928571428571 0.01524390243902439 0.02150974025974026
1 0.04939024390243903 0.4537337662337662 0.014939024390243902 0.015827922077922076
