0 0.020426829268292684 0.7228084415584416 0.014939024390243902 0.020698051948051948
0 0.4576219512195122 0.3806818181818182 0.010670731707317074 0.01176948051948052
0 0.05396341463414634 0.6546266233766234 0.01707317073170732 0.022727272727272728
0 0.2503048780487805 0.5905032467532467 0.010060975609756098 0.015827922077922076
0 0.6204268292682927 0.15625 0.012195121951219513 0.019886363636363636
0 0.015853658536585366 0.685064935064935 0.013109756097560975 0.016233766233766232
0 0.5442073170731707 0.6534090909090909 0.012804878048780487 0.015422077922077922
0 0.3777439024390244 0.10795454545454546 0.011280487804878048 0.012175324675324676
0 0.5878048780487805 0.3510551948051948 0.0125 0.019074675324675324
0 0.02103658536585366 0.6489448051948052 0.012195121951219513 0.012581168831168832
0 0.7253048780487805 0.06737012987012987 0.010670731707317074 0.013798701298701298
0 0.47042682926829266 0.21631493506493507 0.011280487804878048 0.013392857142857142
0 0.975 0.05844155844155844 0.0125 0.020292207792207792
0 0.07591463414634146 0.38189935064935066 0.012195121951219513 0.017857142857142856
0 0.23536585365853657 0.4074675324675325 0.010670731707317074 0.012581168831168832
0 0.41859756097560974 0.6359577922077922 0.012195121951219513 0.012987012987012988
0 0.15426829268292683 0.53125 0.016158536585365854 0.021103896103896104
0 0.8978658536585366 0.7150974025974026 0.00975609756097561 0.013392857142857142
0 0.11493902439024391 0.8762175324675324 0.013109756097560975 0.015016233766233766
0 0.3652439024390244 0.5275974025974026 0.01402439024390244 0.021915584415584416
1 0.12804878048780488 0.5194805194805194 0.012195121951219513 0.015827922077922076
1 0.18871951219512195 0.6603084415584416 0.010060975609756098 0.013392857142857142
1 0.08201219512195122 0.13027597402597402 0.01097560975609756 0.015016233766233766
1 0.5448170731707317 0.1266233766233766 0.014329268292682927 0.015827922077922076
1 0.2628048780487805 0.8015422077922078 0.010365853658536586 0.012175324675324676
1 0.019817073170731708 0.41112012987012986 0.01524390243902439 0.023133116883116884
1 0.3984756097560976 0.21022727272727273 0.015853658536585366 0.023133116883116884
1 0.03841463414634146 0.2780032467532468 0.011890243902439025 0.012175324675324676
1 0.3253048780487805 0.502435064935065 0.012195121951219513 0.015016233766233766
1 0.9109756097560976 0.6590909090909091 0.010670731707317074 0.0174512987012987
1 0.13170731707317074 0.685064935064935 0.013109756097560975 0.01461038961038961
1 0.5189024390243903 0.6128246753246753 0.011585365853658536 0.019074675324675324
1 0.3521341463414634 0.6465097402597403 0.009451219512195122 0.015016233766233766
1 0.40853658536585363 0.4362824675324675 0.01097560975609756 0.010551948051948052
1 0.4573170731707317 0.21347402597402598 0.011280487804878048 0.013392857142857142
1 0.375 0.1728896103896104 0.007926829268292683 0.008522727272727272
1 0.7948170731707317 0.20170454545454544 0.010670731707317074 0.016639610389610388
1 0.31341463414634146 0.7491883116883117 0.011890243902439025 0.012987012987012988
1 0.26158536585365855 0.6590909090909091 0.012195121951219513 0.013392857142857142
1 0.6326219512195121 0.20251623376623376 0.010365853658536586 0.015827922077922076
1 0.3871951219512195 0.5978084415584416 0.008841463414634146 0.008116883116883116
1 0.40152439024390246 0.895698051948052 0.011280487804878048 0.016233766233766232
1 0.0975609756097561 0.04991883116883117 0.0125 0.016639610389610388
1 0.848170731707317 0.08076298701298701 0.013719512195121951 0.021103896103896104
1 0.5597560975609757 0.5117694805194806 0.00975609756097561 0.015827922077922076
1 0.5810975609756097 0.6010551948051948 0.012195121951219513 0.013798701298701298
1 0.48292682926829267 0.8250811688311688 0.012195121951219513 0.013392857142857142
1 0.8612804878048781 0.08198051948051949 0.013109756097560975 0.019074675324675324
1 0.9521341463414634 0.21956168831168832 0.01707317073170732 0.020698051948051948
1 0.2844512195121951 0.49107142857142855 0.011890243902439025 0.01176948051948052
1 0.3375 0.5458603896103896 0.011280487804878048 0.014204545454545454
1 0.4003048780487805 0.5665584415584416 0.011585365853658536 0.01461038961038961
1 0.8033536585365854 0.060876623376623376 0.011280487804878048 0.014204545454545454
1 0.25945121951219513 0.15381493506493507 0.00975609756097561 0.013798701298701298
1 0.0951219512195122 0.903814935064935 0.010060975609756098 0.015016233766233766
1 0.0649390243902439 0.9979707792207793 0.017378048780487806 0.02556818181818182
1 0.926829268292683 0.4005681818181818 0.012195121951219513 0.01461038961038961
1 0.1655487804878049 0.11647727272727272 0.01524390243902439 0.022321428571428572
1 0.6484756097560975 0.3161525974025974 0.009451219512195122 0.016233766233766232
1 0.6231707317073171 0.43344155844155846 0.011585365853658536 0.017045454545454544
1 0.4722560975609756 0.6846590909090909 0.009451219512195122 0.012987012987012988
1 0.11310975609756098 0.5811688311688312 0.014634146341463415 0.016233766233766232
1 0.4091463414634146 0.16396103896103897 0.012195121951219513 0.01948051948051948
1 0.511890243902439 0.9407467532467533 0.009146341463414634 0.015422077922077922
1 0.5862804878048781 0.05113636363636364 0.01707317073170732 0.024350649350649352
1 0.7570121951219512 0.05965909090909091 0.01097560975609756 0.013798701298701298
1 0.031097560975609756 0.060470779220779224 0.011890243902439025 0.013798701298701298
1 0.15548780487804878 0.588474025974026 0.012195121951219513 0.016233766233766232
1 0.23932926829268292 0.5714285714285714 0.01402439024390244 0.019074675324675324
1 0.5948170731707317 0.5036525974025974 0.012804878048780487 0.012987012987012988
1 0.22682926829268293 0.8555194805194806 0.011280487804878048 0.017045454545454544
1 0.05213414634146341 0.21022727272727273 0.013109756097560975 0.021103896103896104
1 0.9100609756097561 0.5008116883116883 0.011585365853658536 0.018668831168831168
1 0.6847560975609757 0.5986201298701299 0.016158536585365854 0.021103896103896104
1 0.22926829268292684 0.22321428571428573 0.013414634146341463 0.019886363636363636
1 0.3518292682926829 0.7276785714285714 0.012804878048780487 0.016639610389610388
1 0.9463414634146341 0.7666396103896104 0.020121951219512196 0.02719155844155844
1 0.2149390243902439 0.09699675324675325 0.010365853658536586 0.014204545454545454
1 0.3929878048780488 0.786525974025974 0.010060975609756098 0.012581168831168832
1 0.6332317073170731 0.4030032467532468 0.013109756097560975 0.01948051948051948
1 0.1798780487804878 0.0872564935064935 0.009451219512195122 0.01176948051948052
1 0.11920731707317073 0.856737012987013 0.014329268292682927 0.022321428571428572
1 0.8051829268292683 0.4650974025974026 0.01707317073170732 0.024756493506493508
1 0.8484756097560976 0.2021103896103896 0.009146341463414634 0.008522727272727272
1 0.49603658536585366 0.0799512987012987 0.013414634146341463 0.019074675324675324
1 0.9716463414634147 0.502435064935065 0.016463414634146342 0.022321428571428572
1 0.45182926829268294 0.6765422077922078 0.009451219512195122 0.013798701298701298
1 0.3298780487804878 0.635551948051948 0.010365853658536586 0.015422077922077922
1 0.056707317073170734 0.12297077922077922 0.012195121951219513 0.019074675324675324
1 0.7737804878048781 0.23214285714285715 0.01920731707317073 0.02719155844155844
1 0.07652439024390244 0.4565746753246753 0.01402439024390244 0.018668831168831168
1 0.4317073170731707 0.04586038961038961 0.011280487804878048 0.015827922077922076
1 0.12103658536585366 0.137987012987013 0.01768292682926829 0.020698051948051948
1 0.2 0.5762987012987013 0.011585365853658536 0.0174512987012987
1 0.6301829268292682 0.3482142857142857 0.017378048780487806 0.022321428571428572
1 0.08841463414634146 0.39042207792207795 0.01707317073170732 0.018668831168831168
1 0.2579268292682927 0.375 0.010060975609756098 0.015827922077922076
1 0.7027439024390244 0.21428571428571427 0.011585365853658536 0.013392857142857142
1 0.486890243902439 0.6785714285714286 0.013414634146341463 0.0174512987012987
1 0.8545731707317074 0.5710227272727273 0.010670731707317074 0.012987012987012988
