0 0.5039634146341463 0.1891233766233766 0.012804878048780487 0.015422077922077922
0 0.7051829268292683 0.8417207792207793 0.010365853658536586 0.012581168831168832
0 0.7411585365853659 0.8340097402597403 0.013719512195121951 0.015016233766233766
0 0.9914634146341463 0.45982142857142855 0.01402439024390244 0.018262987012987012
0 0.13932926829268294 0.96875 0.009451219512195122 0.012987012987012988
0 0.24451219512195121 0.9119318181818182 0.011890243902439025 0.0174512987012987
0 0.26432926829268294 0.6140422077922078 0.014939024390243902 0.018262987012987012
0 0.09664634146341464 0.7114448051948052 0.00975609756097561 0.015016233766233766
0 0.6728658536585366 0.20738636363636365 0.010060975609756098 0.013392857142857142
0 0.1625 0.5685876623376623 0.014939024390243902 0.016639610389610388
0 0.40792682926829266 0.37012987012987014 0.011890243902439025 0.015827922077922076
0 0.1746951219512195 0.8169642857142857 0.01097560975609756 0.016639610389610388
0 0.3445121951219512 0.4107142857142857 0.009146341463414634 0.01461038961038961
0 0.8652439024390244 0.25405844155844154 0.015853658536585366 0.02353896103896104
0 0.7646341463414634 0.02353896103896104 0.01524390243902439 0.02150974025974026
0 0.8771341463414634 0.929788961038961 0.010670731707317074 0.010957792207792208
0 0.4847560975609756 0.0799512987012987 0.012804878048780487 0.018262987012987012
0 0.1875 0.8494318181818182 0.01402439024390244 0.019886363636363636
0 0.14512195121951219 0.9460227272727273 0.00853658536585366 0.00974025974025974
0 0.8304878048780487 0.9874188311688312 0.00853658536585366 0.008116883116883116
0 0.8725609756097561 0.5823863636363636 0.011585365853658536 0.012175324675324676
0 0.04024390243902439 0.09780844155844155 0.012195121951219513 0.017045454545454544
0 0.4652439024390244 0.45211038961038963 0.011585365853658536 0.0174512987012987
0 0.6408536585365854 0.22443181818181818 0.00975609756097561 0.016639610389610388
0 0.2371951219512195 0.26258116883116883 0.01951219512195122 0.023944805194805196
0 0.864329268292683 0.9249188311688312 0.01402439024390244 0.018262987012987012
0 0.4292682926829268 0.8754058441558441 0.011890243902439025 0.012581168831168832
0 0.3326219512195122 0.955762987012987 0.011890243902439025 0.0174512987012987
0 0.3070121951219512 0.8754058441558441 0.00853658536585366 0.01176948051948052
0 0.47103658536585363 0.645698051948052 0.013109756097560975 0.0174512987012987
0 0.21402439024390243 0.5373376623376623 0.01402439024390244 0.020698051948051948
0 0.14268292682926828 0.4825487012987013 0.015548780487804878 0.02150974025974026
0 0.3384146341463415 0.6988636363636364 0.013719512195121951 0.017857142857142856
0 0.2871951219512195 0.4448051948051948 0.013109756097560975 0.020698051948051948
0 0.7564024390243902 0.6647727272727273 0.010060975609756098 0.016233766233766232
0 0.8432926829268292 0.8425324675324676 0.010670731707317074 0.012987012987012988
0 0.3274390243902439 0.5560064935064936 0.011890243902439025 0.015827922077922076
0 0.8939024390243903 0.26663961038961037 0.0125 0.012987012987012988
0 0.3207317073170732 0.5133928571428571 0.014634146341463415 0.015422077922077922
0 0.032926829268292684 0.45738636363636365 0.010365853658536586 0.012581168831168832
0 0.9667682926829269 0.6895292207792207 0.012195121951219513 0.014204545454545454
0 0.17835365853658536 0.4253246753246753 0.01524390243902439 0.02353896103896104
0 0.988719512195122 0.8246753246753247 0.011280487804878048 0.013392857142857142
0 0.8042682926829269 0.8271103896103896 0.0125 0.01948051948051948
0 0.19359756097560976 0.4655032467532468 0.016158536585365854 0.023133116883116884
0 0.0399390243902439 0.3287337662337662 0.011585365853658536 0.013392857142857142
0 0.9923780487804879 0.3656655844155844 0.01402439024390244 0.019886363636363636
0 0.45640243902439026 0.3469967532467532 0.011890243902439025 0.01176948051948052
0 0.13719512195121952 0.20900974025974026 0.01676829268292683 0.02556818181818182
0 0.24817073170731707 0.30194805194805197 0.010670731707317074 0.01176948051948052
0 0.5689024390243902 0.12743506493506493 0.010060975609756098 0.014204545454545454
0 0.7310975609756097 0.25405844155844154 0.009451219512195122 0.01176948051948052
0 0.6134146341463415 0.9464285714285714 0.009451219512195122 0.015422077922077922
0 0.6469512195121951 0.5758928571428571 0.013109756097560975 0.020292207792207792
0 0.7963414634146342 0.5349025974025974 0.010365853658536586 0.015422077922077922
0 0.4996951219512195 0.8429383116883117 0.01097560975609756 0.017045454545454544
0 0.02195121951219512 0.8847402597402597 0.014634146341463415 0.021103896103896104
0 0.7274390243902439 0.49837662337662336 0.014329268292682927 0.022321428571428572
0 0.5606707317073171 0.42288961038961037 0.014939024390243902 0.019886363636363636
0 0.1774390243902439 0.9314123376623377 0.011585365853658536 0.01461038961038961
0 0.2280487804878049 0.21022727272727273 0.010365853658536586 0.015827922077922076
0 0.5149390243902439 0.36891233766233766 0.01524390243902439 0.018668831168831168
0 0.663109756097561 0.6935876623376623 0.013109756097560975 0.021103896103896104
0 0.7417682926829269 0.950487012987013 0.0125 0.019074675324675324
0 0.5920731707317073 0.744724025974026 0.013414634146341463 0.014204545454545454
0 0.10304878048780487 0.9232954545454546 0.011585365853658536 0.017857142857142856
0 0.48871951219512194 0.9232954545454546 0.013719512195121951 0.016233766233766232
0 0.2865853658536585 0.26136363636363635 0.012804878048780487 0.013392857142857142
0 0.5844512195121951 0.0588474025974026 0.009146341463414634 0.008522727272727272
0 0.6676829268292683 0.9443993506493507 0.012804878048780487 0.016233766233766232
0 0.43567073170731707 0.5377435064935064 0.011280487804878048 0.015422077922077922
0 0.21128048780487804 0.8965097402597403 0.015853658536585366 0.02353896103896104
0 0.9448170731707317 0.96875 0.010365853658536586 0.012987012987012988
0 0.5695121951219512 0.2325487012987013 0.015853658536585366 0.023944805194805196
0 0.6057926829268293 0.5852272727272727 0.014634146341463415 0.021103896103896104
0 0.5533536585365854 0.5535714285714286 0.011280487804878048 0.016233766233766232
0 0.5164634146341464 0.2106331168831169 0.012804878048780487 0.017045454545454544
0 0.6469512195121951 0.13027597402597402 0.011280487804878048 0.0174512987012987
0 0.09817073170731708 0.2159090909090909 0.012195121951219513 0.019886363636363636
0 0.5003048780487804 0.7536525974025974 0.013414634146341463 0.021103896103896104
0 0.08810975609756097 0.49959415584415584 0.010670731707317074 0.015422077922077922
0 0.7914634146341464 0.9237012987012987 0.010365853658536586 0.016233766233766232
1 0.5466463414634146 0.4549512987012987 0.009146341463414634 0.014204545454545454
1 0.7423780487804879 0.5219155844155844 0.013109756097560975 0.016233766233766232
1 0.6859756097560976 0.661525974025974 0.014939024390243902 0.023133116883116884
1 0.7817073170731708 0.29707792207792205 0.012804878048780487 0.014204545454545454
1 0.551829268292683 0.3782467532467532 0.010670731707317074 0.012175324675324676
1 0.32103658536585367 0.6400162337662337 0.014634146341463415 0.015827922077922076
1 0.5298780487804878 0.3599837662337662 0.017378048780487806 0.019886363636363636
1 0.8362804878048781 0.12987012987012986 0.014634146341463415 0.02150974025974026
1 0.3615853658536585 0.48538961038961037 0.011280487804878048 0.012987012987012988
1 0.2875 0.10186688311688312 0.01676829268292683 0.02556818181818182
1 0.5057926829268292 0.653814935064935 0.013719512195121951 0.016233766233766232
1 0.41798780487804876 0.7926136363636364 0.013719512195121951 0.017045454545454544
1 0.1445121951219512 0.5625 0.012195121951219513 0.019074675324675324
1 0.11859756097560975 0.12702922077922077 0.010670731707317074 0.015422077922077922
1 0.6304878048780488 0.4971590909090909 0.014939024390243902 0.018668831168831168
1 0.3073170731707317 0.7560876623376623 0.010060975609756098 0.013798701298701298
1 0.26707317073170733 0.5693993506493507 0.0125 0.016233766233766232
1 0.7545731707317073 0.747564935064935 0.010060975609756098 0.010551948051948052
1 0.7530487804878049 0.2122564935064935 0.010670731707317074 0.012175324675324676
1 0.06737804878048781 0.5864448051948052 0.01524390243902439 0.018262987012987012
1 0.9957317073170732 0.4301948051948052 0.010365853658536586 0.013798701298701298
1 0.35030487804878047 0.20332792207792208 0.014634146341463415 0.02150974025974026
1 0.8314024390243903 0.963474025974026 0.012195121951219513 0.019886363636363636
1 0.9777439024390244 0.7167207792207793 0.010670731707317074 0.012987012987012988
1 0.563109756097561 0.015422077922077922 0.013414634146341463 0.01461038961038961
1 0.3926829268292683 0.3969155844155844 0.012804878048780487 0.018262987012987012
1 0.16951219512195123 0.31655844155844154 0.00853658536585366 0.010551948051948052
1 0.35060975609756095 0.5320616883116883 0.013414634146341463 0.021103896103896104
1 0.1548780487804878 0.9699675324675324 0.010060975609756098 0.011363636363636364
1 0.5253048780487805 0.37256493506493504 0.01707317073170732 0.020698051948051948
1 0.15335365853658536 0.4549512987012987 0.01798780487804878 0.020292207792207792
1 0.9582317073170732 0.8745941558441559 0.014329268292682927 0.020698051948051948
1 0.6003048780487805 0.2694805194805195 0.0125 0.020292207792207792
1 0.14298780487804877 0.8185876623376623 0.00975609756097561 0.01461038961038961
1 0.38689024390243903 0.8948863636363636 0.0125 0.012987012987012988
1 0.5914634146341463 0.7077922077922078 0.009451219512195122 0.011363636363636364
1 0.3774390243902439 0.28125 0.012804878048780487 0.015016233766233766
1 0.07865853658536585 0.1939935064935065 0.012195121951219513 0.014204545454545454
1 0.8527439024390244 0.14204545454545456 0.013719512195121951 0.021103896103896104
1 0.47012195121951217 0.5 0.01524390243902439 0.022321428571428572
1 0.018292682926829267 0.3741883116883117 0.011280487804878048 0.012175324675324676
1 0.5387195121951219 0.4094967532467532 0.01097560975609756 0.01461038961038961
1 0.07774390243902439 0.6375811688311688 0.012804878048780487 0.013798701298701298
1 0.09085365853658536 0.1757305194805195 0.013719512195121951 0.016639610389610388
1 0.8121951219512196 0.22767857142857142 0.01798780487804878 0.026379870129870128
1 0.14268292682926828 0.5284090909090909 0.015548780487804878 0.0174512987012987
1 0.7149390243902439 0.3222402597402597 0.012804878048780487 0.012987012987012988
1 0.501219512195122 0.1286525974025974 0.016463414634146342 0.017857142857142856
1 0.4195121951219512 0.5791396103896104 0.00853658536585366 0.00974025974025974
1 0.09268292682926829 0.8522727272727273 0.010060975609756098 0.013798701298701298
1 0.37347560975609756 0.791801948051948 0.011585365853658536 0.013798701298701298
1 0.9801829268292683 0.21834415584415584 0.010670731707317074 0.013392857142857142
1 0.6847560975609757 0.21306818181818182 0.01097560975609756 0.017857142857142856
1 0.3253048780487805 0.3327922077922078 0.0125 0.016639610389610388
1 0.5140243902439025 0.9383116883116883 0.008841463414634146 0.008522727272727272
1 0.48871951219512194 0.4472402597402597 0.016463414634146342 0.023133116883116884
1 0.1496951219512195 0.26258116883116883 0.010365853658536586 0.017045454545454544
1 0.18658536585365854 0.6708603896103896 0.012195121951219513 0.017045454545454544
1 0.5051829268292682 0.6996753246753247 0.01798780487804878 0.02353896103896104
1 0.7753048780487805 0.9691558441558441 0.01097560975609756 0.0174512987012987
1 0.5951219512195122 0.036931818181818184 0.01097560975609756 0.013392857142857142
1 0.4149390243902439 0.2471590909090909 0.014634146341463415 0.022321428571428572
1 0.5746951219512195 0.8311688311688312 0.016158536585365854 0.024350649350649352
1 0.6564024390243902 0.21144480519480519 0.01097560975609756 0.010957792207792208
1 0.24847560975609756 0.3198051948051948 0.012804878048780487 0.016233766233766232
1 0.24695121951219512 0.9188311688311688 0.00975609756097561 0.010146103896103896
1 0.9841463414634146 0.9878246753246753 0.01097560975609756 0.017857142857142856
1 0.23658536585365852 0.8551136363636364 0.011585365853658536 0.013798701298701298
1 0.25914634146341464 0.9212662337662337 0.01097560975609756 0.015827922077922076
1 0.8853658536585366 0.04748376623376623 0.011280487804878048 0.012581168831168832
1 0.08780487804878048 0.38189935064935066 0.014939024390243902 0.020698051948051948
1 0.42103658536585364 0.7199675324675324 0.008841463414634146 0.013798701298701298
1 0.6176829268292683 0.5137987012987013 0.016158536585365854 0.022321428571428572
1 0.07591463414634146 0.34983766233766234 0.016158536585365854 0.025162337662337664
1 0.18414634146341463 0.4955357142857143 0.010060975609756098 0.01461038961038961
1 0.4350609756097561 0.9188311688311688 0.013719512195121951 0.015827922077922076
1 0.9164634146341464 0.4082792207792208 0.015548780487804878 0.019074675324675324
1 0.8054878048780488 0.38555194805194803 0.010060975609756098 0.01461038961038961
1 0.03536585365853658 0.557224025974026 0.010365853658536586 0.014204545454545454
1 0.174390243902439 0.43912337662337664 0.010365853658536586 0.010551948051948052
1 0.9594512195121951 0.9293831168831169 0.012195121951219513 0.0174512987012987
1 0.9045731707317073 0.525974025974026 0.01707317073170732 0.02150974025974026
1 0.5539634146341463 0.14204545454545456 0.013719512195121951 0.02150974025974026
1 0.40853658536585363 0.9622564935064936 0.010670731707317074 0.013392857142857142
1 0.41067073170731705 0.773538961038961 0.01402439024390244 0.01948051948051948
1 0.8314024390243903 0.6550324675324676 0.00975609756097561 0.009334415584415584
1 0.6109756097560975 0.8660714285714286 0.012804878048780487 0.018262987012987012
1 0.6234756097560976 0.5791396103896104 0.011280487804878048 0.018668831168831168
1 0.08597560975609755 0.06858766233766234 0.015548780487804878 0.020698051948051948
1 0.33963414634146344 0.15137987012987014 0.0125 0.012987012987012988
1 0.8307926829268293 0.742288961038961 0.014939024390243902 0.020698051948051948
1 0.05 0.7366071428571429 0.0125 0.014204545454545454
1 0.6286585365853659 0.393262987012987 0.010060975609756098 0.012581168831168832
1 0.5347560975609756 0.6201298701298701 0.011890243902439025 0.012175324675324676
1 0.9064024390243902 0.851461038961039 0.0125 0.01461038961038961
