0 0.17073170731707318 0.6112012987012987 0.010060975609756098 0.01461038961038961
0 0.2030487804878049 0.5584415584415584 0.010060975609756098 0.016639610389610388
0 0.6945121951219512 0.7487824675324676 0.009451219512195122 0.015422077922077922
0 0.10121951219512196 0.6420454545454546 0.00975609756097561 0.010551948051948052
0 0.6064024390243903 0.12621753246753248 0.012195121951219513 0.017857142857142856
0 0.19817073170731708 0.053165584415584416 0.010060975609756098 0.016233766233766232
0 0.24451219512195121 0.5734577922077922 0.011585365853658536 0.016233766233766232
0 0.26890243902439026 0.711038961038961 0.011280487804878048 0.012175324675324676
0 0.9963414634146341 0.9849837662337663 0.011280487804878048 0.015422077922077922
0 0.5926829268292683 0.30357142857142855 0.018292682926829267 0.022321428571428572
0 0.4304878048780488 0.5596590909090909 0.011280487804878048 0.017045454545454544
0 0.6621951219512195 0.4030032467532468 0.009146341463414634 0.010957792207792208
0 0.39695121951219514 0.5223214285714286 0.00975609756097561 0.012175324675324676
0 0.7951219512195122 0.07142857142857142 0.010060975609756098 0.01176948051948052
0 0.8457317073170731 0.7228084415584416 0.013109756097560975 0.0174512987012987
0 0.07957317073170732 0.5422077922077922 0.01097560975609756 0.016233766233766232
0 0.024085365853658537 0.7662337662337663 0.012804878048780487 0.017045454545454544
0 0.2978658536585366 0.5856331168831169 0.01524390243902439 0.017045454545454544
0 0.4975609756097561 0.3559253246753247 0.0125 0.017857142857142856
0 0.37164634146341463 0.7284902597402597 0.010060975609756098 0.013798701298701298
0 0.563719512195122 0.022321428571428572 0.015548780487804878 0.020292207792207792
0 0.6118902439024391 0.474025974025974 0.012804878048780487 0.019886363636363636
0 0.6835365853658537 0.5641233766233766 0.012804878048780487 0.017045454545454544
0 0.6698170731707317 0.8506493506493507 0.016463414634146342 0.022321428571428572
0 0.6176829268292683 0.3859577922077922 0.015853658536585366 0.020292207792207792
0 0.4091463414634146 0.461038961038961 0.010060975609756098 0.013392857142857142
0 0.8402439024390244 0.49391233766233766 0.00975609756097561 0.015827922077922076
0 0.3719512195121951 0.7443181818181818 0.01402439024390244 0.018262987012987012
0 0.8170731707317073 0.05073051948051948 0.0125 0.020292207792207792
0 0.19115853658536586 0.6168831168831169 0.013414634146341463 0.015422077922077922
0 0.03841463414634146 0.9070616883116883 0.0125 0.017857142857142856
0 0.18109756097560975 0.8863636363636364 0.009146341463414634 0.008928571428571428
0 0.2027439024390244 0.9659090909090909 0.016463414634146342 0.021915584415584416
0 0.6661585365853658 0.895698051948052 0.013109756097560975 0.016233766233766232
0 0.463719512195122 0.8936688311688312 0.012804878048780487 0.020698051948051948
0 0.25365853658536586 0.5142045454545454 0.01097560975609756 0.016233766233766232
0 0.8314024390243903 0.044642857142857144 0.014634146341463415 0.019074675324675324
0 0.9076219512195122 0.9849837662337663 0.012804878048780487 0.020698051948051948
0 0.936280487804878 0.5344967532467533 0.01097560975609756 0.015016233766233766
0 0.9036585365853659 0.739448051948052 0.018902439024390243 0.02556818181818182
0 0.25670731707317074 0.288961038961039 0.01097560975609756 0.012175324675324676
0 0.7810975609756098 0.5535714285714286 0.00975609756097561 0.00974025974025974
0 0.03932926829268293 0.617288961038961 0.009451219512195122 0.011363636363636364
0 0.2710365853658537 0.1010551948051948 0.016158536585365854 0.025162337662337664
0 0.03353658536585366 0.419237012987013 0.013414634146341463 0.02150974025974026
0 0.8216463414634146 0.5616883116883117 0.011585365853658536 0.016233766233766232
0 0.7079268292682926 0.08035714285714286 0.012195121951219513 0.015016233766233766
0 0.6935975609756098 0.061282467532467536 0.010060975609756098 0.015422077922077922
0 0.48292682926829267 0.16517857142857142 0.012804878048780487 0.01948051948051948
0 0.3804878048780488 0.1038961038961039 0.01707317073170732 0.01948051948051948
0 0.07591463414634146 0.9967532467532467 0.0125 0.020292207792207792
0 0.4661585365853659 0.4715909090909091 0.011280487804878048 0.016639610389610388
0 0.041158536585365856 0.9537337662337663 0.011585365853658536 0.015422077922077922
0 0.37103658536585366 0.7922077922077922 0.00975609756097561 0.014204545454545454
0 0.863719512195122 0.18019480519480519 0.009451219512195122 0.014204545454545454
0 0.6439024390243903 0.9829545454545454 0.013719512195121951 0.020292207792207792
0 0.6716463414634146 0.14001623376623376 0.01097560975609756 0.010957792207792208
0 0.3094512195121951 0.4090909090909091 0.013719512195121951 0.015422077922077922
0 0.988719512195122 0.6773538961038961 0.012804878048780487 0.013798701298701298
0 0.8634146341463415 0.7913961038961039 0.010060975609756098 0.016233766233766232
1 0.8948170731707317 0.6801948051948052 0.010365853658536586 0.01176948051948052
1 0.19207317073170732 0.08928571428571429 0.01402439024390244 0.015422077922077922
1 0.7829268292682927 0.0174512987012987 0.01402439024390244 0.015016233766233766
1 0.6893292682926829 0.6793831168831169 0.010365853658536586 0.010146103896103896
1 0.999390243902439 0.9277597402597403 0.01097560975609756 0.010551948051948052
1 0.5810975609756097 0.577922077922078 0.01524390243902439 0.020292207792207792
1 0.5396341463414634 0.4468344155844156 0.007926829268292683 0.006493506493506494
1 0.9981707317073171 0.614448051948052 0.011280487804878048 0.011363636363636364
1 0.1496951219512195 0.45413961038961037 0.012804878048780487 0.014204545454545454
1 0.5542682926829269 0.7431006493506493 0.011585365853658536 0.0174512987012987
1 0.5859756097560975 0.21347402597402598 0.01097560975609756 0.012581168831168832
1 0.6042682926829268 0.9752435064935064 0.013109756097560975 0.019074675324675324
1 0.2253048780487805 0.6209415584415584 0.011585365853658536 0.017045454545454544
1 0.714329268292683 0.27313311688311687 0.012804878048780487 0.014204545454545454
1 0.8774390243902439 0.7520292207792207 0.013719512195121951 0.019886363636363636
1 0.6381097560975609 0.022321428571428572 0.0125 0.016233766233766232
1 0.9844512195121952 0.5957792207792207 0.0125 0.015016233766233766
1 0.8597560975609756 0.9744318181818182 0.011585365853658536 0.013392857142857142
1 0.46463414634146344 0.7962662337662337 0.01524390243902439 0.02353896103896104
1 0.8228658536585366 0.39732142857142855 0.01524390243902439 0.016639610389610388
1 0.41829268292682925 0.15300324675324675 0.011890243902439025 0.019074675324675324
1 0.4524390243902439 0.05073051948051948 0.011280487804878048 0.015016233766233766
1 0.056402439024390245 0.5133928571428571 0.011890243902439025 0.016233766233766232
1 0.060365853658536583 0.5474837662337663 0.013109756097560975 0.015016233766233766
1 0.6652439024390244 0.8271103896103896 0.012804878048780487 0.020292207792207792
1 0.2920731707317073 0.3246753246753247 0.010670731707317074 0.016233766233766232
1 0.21432926829268292 0.04748376623376623 0.008841463414634146 0.010146103896103896
1 0.9030487804878049 0.7946428571428571 0.0125 0.015422077922077922
1 0.5774390243902439 0.9760551948051948 0.012804878048780487 0.01948051948051948
1 0.6286585365853659 0.2719155844155844 0.02103658536585366 0.029626623376623376
1 0.2173780487804878 0.5762987012987013 0.01097560975609756 0.017045454545454544
1 0.3375 0.11647727272727272 0.014634146341463415 0.016639610389610388
1 0.47012195121951217 0.06939935064935066 0.01768292682926829 0.022321428571428572
1 0.8768292682926829 0.4050324675324675 0.013414634146341463 0.017857142857142856
1 0.524390243902439 0.3969155844155844 0.018292682926829267 0.02353896103896104
1 0.11707317073170732 0.9719967532467533 0.010365853658536586 0.012987012987012988
1 0.4350609756097561 0.7045454545454546 0.012195121951219513 0.012175324675324676
1 0.42103658536585364 0.9890422077922078 0.009451219512195122 0.014204545454545454
1 0.3152439024390244 0.8977272727272727 0.013719512195121951 0.018262987012987012
1 0.8314024390243903 0.6010551948051948 0.012804878048780487 0.015422077922077922
1 0.3823170731707317 0.33482142857142855 0.0125 0.018262987012987012
1 0.9871951219512195 0.5531655844155844 0.012804878048780487 0.015422077922077922
1 0.5597560975609757 0.7175324675324676 0.011890243902439025 0.015827922077922076
1 0.6545731707317073 0.5121753246753247 0.012195121951219513 0.01461038961038961
1 0.2698170731707317 0.04342532467532467 0.015853658536585366 0.02353896103896104
1 0.5911585365853659 0.609577922077922 0.014939024390243902 0.015827922077922076
1 0.7009146341463415 0.6396103896103896 0.010670731707317074 0.013798701298701298
1 0.3932926829268293 0.828327922077922 0.0125 0.020292207792207792
1 0.24908536585365854 0.26663961038961037 0.01402439024390244 0.015422077922077922
1 0.5323170731707317 0.28368506493506496 0.011585365853658536 0.012175324675324676
1 0.14359756097560974 0.31290584415584416 0.00975609756097561 0.012175324675324676
1 0.22073170731707317 0.742288961038961 0.013109756097560975 0.015422077922077922
1 0.5338414634146341 0.21185064935064934 0.0125 0.012987012987012988
1 0.9048780487804878 0.6883116883116883 0.01402439024390244 0.021103896103896104
1 0.3146341463414634 0.6181006493506493 0.016158536585365854 0.018262987012987012
1 0.286890243902439 0.375 0.011280487804878048 0.018262987012987012
1 0.05060975609756098 0.8741883116883117 0.011890243902439025 0.017857142857142856
1 0.1902439024390244 0.8948863636363636 0.01097560975609756 0.012175324675324676
1 0.6317073170731707 0.75 0.009451219512195122 0.008928571428571428
1 0.7048780487804878 0.3786525974025974 0.012804878048780487 0.018262987012987012
1 0.25365853658536586 0.2086038961038961 0.010060975609756098 0.014204545454545454
1 0.3753048780487805 0.018262987012987012 0.010365853658536586 0.014204545454545454
1 0.6307926829268292 0.8705357142857143 0.015853658536585366 0.024350649350649352
1 0.6310975609756098 0.5060876623376623 0.015548780487804878 0.0174512987012987
1 0.35091463414634144 0.9508928571428571 0.012195121951219513 0.017857142857142856
1 0.5716463414634146 0.984577922077922 0.011890243902439025 0.01461038961038961
1 0.22317073170731708 0.0633116883116883 0.013109756097560975 0.017045454545454544
1 0.3298780487804878 0.6245941558441559 0.013719512195121951 0.016233766233766232
1 0.6557926829268292 0.299512987012987 0.009146341463414634 0.010146103896103896
1 0.6118902439024391 0.07711038961038962 0.010060975609756098 0.010957792207792208
1 0.15853658536585366 0.7098214285714286 0.010060975609756098 0.00974025974025974
1 0.25640243902439025 0.6071428571428571 0.010060975609756098 0.015422077922077922
1 0.586890243902439 0.2844967532467532 0.010670731707317074 0.013798701298701298
1 0.4609756097560976 0.849025974025974 0.009146341463414634 0.013392857142857142
1 0.6472560975609756 0.9622564935064936 0.010365853658536586 0.015422077922077922
1 0.2152439024390244 0.22605519480519481 0.013109756097560975 0.01461038961038961
1 0.6411585365853658 0.6737012987012987 0.018597560975609755 0.023944805194805196
1 0.13932926829268294 0.20089285714285715 0.0125 0.018668831168831168
