0 0.7698170731707317 0.5746753246753247 0.012804878048780487 0.014204545454545454
0 0.5792682926829268 0.8311688311688312 0.012195121951219513 0.0174512987012987
0 0.5564024390243902 0.5332792207792207 0.00975609756097561 0.01176948051948052
0 0.3981707317073171 0.3469967532467532 0.013414634146341463 0.018262987012987012
0 0.5378048780487805 0.2021103896103896 0.011585365853658536 0.015422077922077922
0 0.8628048780487805 0.546672077922078 0.012804878048780487 0.014204545454545454
0 0.9890243902439024 0.27516233766233766 0.013719512195121951 0.014204545454545454
0 0.5448170731707317 0.205762987012987 0.011890243902439025 0.016639610389610388
0 0.22987804878048781 0.033685064935064936 0.013719512195121951 0.016639610389610388
1 0.2673780487804878 0.8599837662337663 0.017378048780487806 0.02150974025974026
1 0.7347560975609756 0.922077922077922 0.010365853658536586 0.010146103896103896
1 0.9082317073170731 0.29991883116883117 0.010670731707317074 0.01461038961038961
1 0.43871951219512195 0.7288961038961039 0.01676829268292683 0.02353896103896104
1 0.6990853658536585 0.3198051948051948 0.008841463414634146 0.00974025974025974
1 0.26920731707317075 0.6984577922077922 0.010670731707317074 0.012175324675324676
1 0.5935975609756098 0.4090909090909091 0.011280487804878048 0.015827922077922076
1 0.572560975609756 0.6185064935064936 0.013414634146341463 0.015422077922077922
1 0.12195121951219512 0.801948051948052 0.020426829268292684 0.030032467532467532
