0 0.3746951219512195 0.7573051948051948 0.013109756097560975 0.017857142857142856
0 0.55 0.3449675324675325 0.021646341463414633 0.030032467532467532
0 0.9015243902439024 0.424512987012987 0.016158536585365854 0.019886363636363636
0 0.44878048780487806 0.3372564935064935 0.017378048780487806 0.019074675324675324
0 0.06676829268292683 0.5909090909090909 0.01402439024390244 0.021103896103896104
0 0.6524390243902439 0.5008116883116883 0.013109756097560975 0.018262987012987012
0 0.2149390243902439 0.9496753246753247 0.012804878048780487 0.018262987012987012
0 0.39664634146341465 0.31290584415584416 0.009451219512195122 0.012987012987012988
0 0.8679878048780488 0.8575487012987013 0.015853658536585366 0.018668831168831168
0 0.786890243902439 0.2362012987012987 0.014329268292682927 0.015827922077922076
0 0.35884146341463413 0.7122564935064936 0.013109756097560975 0.015422077922077922
0 0.501219512195122 0.3372564935064935 0.008841463414634146 0.014204545454545454
0 0.7259146341463415 0.9330357142857143 0.011585365853658536 0.013798701298701298
0 0.2503048780487805 0.5689935064935064 0.011585365853658536 0.017857142857142856
0 0.34542682926829266 0.1976461038961039 0.015853658536585366 0.024350649350649352
0 0.7939024390243903 0.9172077922077922 0.012804878048780487 0.016639610389610388
0 0.2890243902439024 0.3547077922077922 0.01097560975609756 0.011363636363636364
0 0.22621951219512196 0.27516233766233766 0.014634146341463415 0.0174512987012987
0 0.13140243902439025 0.25892857142857145 0.010365853658536586 0.011363636363636364
0 0.5768292682926829 0.16396103896103897 0.013414634146341463 0.01461038961038961
0 0.12042682926829268 0.3116883116883117 0.010060975609756098 0.013392857142857142
0 0.5777439024390244 0.32305194805194803 0.010365853658536586 0.016639610389610388
0 0.3356707317073171 0.950487012987013 0.012804878048780487 0.017857142857142856
0 0.9533536585365854 0.7146915584415584 0.010060975609756098 0.015827922077922076
0 0.9399390243902439 0.3555194805194805 0.013719512195121951 0.014204545454545454
0 0.9948170731707318 0.9034090909090909 0.014329268292682927 0.022727272727272728
0 0.6457317073170732 0.34780844155844154 0.011890243902439025 0.016639610389610388
0 0.6338414634146341 0.632711038961039 0.013414634146341463 0.0174512987012987
0 0.16615853658536586 0.4476461038961039 0.010670731707317074 0.016639610389610388
0 0.45914634146341465 0.3429383116883117 0.01798780487804878 0.020292207792207792
0 0.11554878048780488 0.17491883116883117 0.010670731707317074 0.017857142857142856
0 0.7234756097560976 0.9561688311688312 0.014634146341463415 0.020292207792207792
0 0.9393292682926829 0.8547077922077922 0.011585365853658536 0.016233766233766232
0 0.7128048780487805 0.2150974025974026 0.010670731707317074 0.012987012987012988
0 0.9701219512195122 0.4484577922077922 0.01676829268292683 0.022727272727272728
0 0.47621951219512193 0.5657467532467533 0.01097560975609756 0.016639610389610388
0 0.9850609756097561 0.7301136363636364 0.010670731707317074 0.015422077922077922
0 0.11036585365853659 0.734577922077922 0.00975609756097561 0.015827922077922076
0 0.04024390243902439 0.1911525974025974 0.013414634146341463 0.013798701298701298
0 0.7588414634146341 0.8745941558441559 0.018292682926829267 0.026785714285714284
0 0.6429878048780487 0.15300324675324675 0.011585365853658536 0.013798701298701298
0 0.7935975609756097 0.8713474025974026 0.013719512195121951 0.02150974025974026
0 0.3667682926829268 0.5097402597402597 0.0125 0.019074675324675324
0 0.42103658536585364 0.9882305194805194 0.0125 0.015422077922077922
0 0.0625 0.3400974025974026 0.010060975609756098 0.011363636363636364
0 0.636890243902439 0.23457792207792208 0.01402439024390244 0.015422077922077922
0 0.3100609756097561 0.2849025974025974 0.012804878048780487 0.016233766233766232
0 0.9234756097560975 0.020698051948051948 0.010365853658536586 0.010957792207792208
0 0.7710365853658536 0.8823051948051948 0.012804878048780487 0.019074675324675324
0 0.4323170731707317 0.9724025974025974 0.0125 0.01948051948051948
0 0.4027439024390244 0.494724025974026 0.009451219512195122 0.008522727272727272
0 0.0576219512195122 0.6258116883116883 0.0125 0.015827922077922076
0 0.8935975609756097 0.9756493506493507 0.011280487804878048 0.015016233766233766
0 0.47317073170731705 0.7536525974025974 0.014634146341463415 0.015422077922077922
0 0.9646341463414634 0.9249188311688312 0.010670731707317074 0.015422077922077922
0 0.6966463414634146 0.6550324675324676 0.012804878048780487 0.016639610389610388
0 0.8304878048780487 0.19642857142857142 0.013719512195121951 0.016233766233766232
0 0.9115853658536586 0.6818181818181818 0.014634146341463415 0.015422077922077922
0 0.250609756097561 0.3555194805194805 0.00975609756097561 0.009334415584415584
0 0.08109756097560976 0.913961038961039 0.011585365853658536 0.015016233766233766
0 0.4926829268292683 0.4862012987012987 0.011280487804878048 0.012987012987012988
0 0.13932926829268294 0.045048701298701296 0.013414634146341463 0.017857142857142856
0 0.17073170731707318 0.9492694805194806 0.0125 0.012581168831168832
0 0.06310975609756098 0.44642857142857145 0.02195121951219512 0.029626623376623376
0 0.5710365853658537 0.11241883116883117 0.013109756097560975 0.018262987012987012
0 0.9140243902439025 0.9261363636363636 0.010365853658536586 0.015422077922077922
0 0.6332317073170731 0.05357142857142857 0.012804878048780487 0.015422077922077922
0 0.636890243902439 0.5929383116883117 0.014329268292682927 0.015422077922077922
0 0.6173780487804879 0.382711038961039 0.016463414634146342 0.025162337662337664
0 0.7832317073170731 0.9293831168831169 0.013414634146341463 0.0174512987012987
0 0.4533536585365854 0.760551948051948 0.012195121951219513 0.018262987012987012
0 0.2871951219512195 0.45332792207792205 0.012804878048780487 0.014204545454545454
0 0.8460365853658537 0.663961038961039 0.016158536585365854 0.021103896103896104
0 0.06951219512195123 0.11079545454545454 0.01402439024390244 0.021915584415584416
0 0.876219512195122 0.6777597402597403 0.01676829268292683 0.01948051948051948
0 0.24054878048780487 0.4659090909090909 0.010060975609756098 0.016639610389610388
0 0.4140243902439024 0.26704545454545453 0.01798780487804878 0.024756493506493508
0 0.7518292682926829 0.7418831168831169 0.008841463414634146 0.008116883116883116
0 0.7503048780487804 0.9598214285714286 0.014939024390243902 0.020698051948051948
0 0.4057926829268293 0.8587662337662337 0.014634146341463415 0.021103896103896104
0 0.1378048780487805 0.900974025974026 0.011585365853658536 0.01461038961038961
0 0.8734756097560976 0.7666396103896104 0.011280487804878048 0.018668831168831168
0 0.4923780487804878 0.8997564935064936 0.010670731707317074 0.017045454545454544
0 0.7478658536585366 0.4906655844155844 0.013719512195121951 0.017857142857142856
0 0.1003048780487805 0.5900974025974026 0.010060975609756098 0.016233766233766232
0 0.263109756097561 0.4460227272727273 0.010670731707317074 0.012987012987012988
0 0.07926829268292683 0.7353896103896104 0.0125 0.016233766233766232
0 0.5390243902439025 0.22646103896103897 0.015548780487804878 0.016639610389610388
0 0.9826219512195122 0.4411525974025974 0.01097560975609756 0.012175324675324676
0 0.014329268292682927 0.5965909090909091 0.01097560975609756 0.01461038961038961
0 0.5932926829268292 0.07792207792207792 0.01097560975609756 0.013798701298701298
0 0.2939024390243902 0.7252435064935064 0.01097560975609756 0.01176948051948052
0 0.5152439024390244 0.08928571428571429 0.011585365853658536 0.016639610389610388
0 0.7503048780487804 0.2398538961038961 0.013109756097560975 0.017857142857142856
1 0.2579268292682927 0.3112824675324675 0.012195121951219513 0.012175324675324676
1 0.5689024390243902 0.06168831168831169 0.013719512195121951 0.02150974025974026
1 0.7414634146341463 0.040990259740259744 0.012195121951219513 0.019074675324675324
