0 0.11036585365853659 0.9265422077922078 0.01707317073170732 0.019886363636363636
0 0.8274390243902439 0.40868506493506496 0.009451219512195122 0.008522727272727272
0 0.8564024390243903 0.8173701298701299 0.011585365853658536 0.017857142857142856
0 0.8844512195121951 0.08928571428571429 0.010060975609756098 0.015827922077922076
0 0.4774390243902439 0.3924512987012987 0.010365853658536586 0.013392857142857142
0 0.9847560975609756 0.16355519480519481 0.018292682926829267 0.023944805194805196
0 0.9329268292682927 0.017045454545454544 0.010670731707317074 0.016639610389610388
0 0.6060975609756097 0.024756493506493508 0.009146341463414634 0.012987012987012988
0 0.2728658536585366 0.49188311688311687 0.00853658536585366 0.009334415584415584
0 0.4024390243902439 0.8453733766233766 0.009451219512195122 0.015016233766233766
0 0.6198170731707318 0.14001623376623376 0.013109756097560975 0.017857142857142856
0 0.2621951219512195 0.13230519480519481 0.013719512195121951 0.018262987012987012
0 0.561890243902439 0.7711038961038961 0.011280487804878048 0.011363636363636364
0 0.22469512195121952 0.18141233766233766 0.012195121951219513 0.019074675324675324
0 0.4554878048780488 0.46185064935064934 0.012804878048780487 0.020698051948051948
0 0.7887195121951219 0.9005681818181818 0.014329268292682927 0.015827922077922076
0 0.8067073170731708 0.5604707792207793 0.018292682926829267 0.025162337662337664
1 0.7542682926829268 0.45413961038961037 0.014634146341463415 0.016233766233766232
1 0.45152439024390245 0.742288961038961 0.014939024390243902 0.020698051948051948
1 0.811280487804878 0.6176948051948052 0.008841463414634146 0.010957792207792208
1 0.9179878048780488 0.8823051948051948 0.016463414634146342 0.023944805194805196
1 0.9786585365853658 0.045048701298701296 0.009451219512195122 0.009334415584415584
1 0.5466463414634146 0.6590909090909091 0.011280487804878048 0.013798701298701298
1 0.14573170731707316 0.476461038961039 0.00975609756097561 0.011363636363636364
1 0.8289634146341464 0.8681006493506493 0.01402439024390244 0.018262987012987012
1 0.5091463414634146 0.7792207792207793 0.01097560975609756 0.010957792207792208
1 0.7435975609756098 0.14123376623376624 0.01524390243902439 0.020292207792207792
1 0.20365853658536584 0.5482954545454546 0.012804878048780487 0.015827922077922076
1 0.6795731707317073 0.8076298701298701 0.01402439024390244 0.01948051948051948
1 0.561890243902439 0.33319805194805197 0.010670731707317074 0.010146103896103896
1 0.1878048780487805 0.7926136363636364 0.013109756097560975 0.015016233766233766
1 0.41524390243902437 0.9078733766233766 0.010365853658536586 0.016639610389610388
1 0.6039634146341464 0.5921266233766234 0.014939024390243902 0.016233766233766232
1 0.8304878048780487 0.14123376623376624 0.01402439024390244 0.019074675324675324
1 0.7158536585365853 0.030032467532467532 0.01097560975609756 0.015016233766233766
1 0.6871951219512196 0.487012987012987 0.012195121951219513 0.012581168831168832
1 0.12103658536585366 0.24228896103896103 0.010670731707317074 0.016233766233766232
1 0.7890243902439025 0.29017857142857145 0.011280487804878048 0.017857142857142856
1 0.3667682926829268 0.6968344155844156 0.014939024390243902 0.02150974025974026
1 0.05060975609756098 0.8043831168831169 0.013719512195121951 0.020292207792207792
1 0.8134146341463414 0.8823051948051948 0.0125 0.019886363636363636
1 0.5649390243902439 0.9586038961038961 0.00975609756097561 0.010957792207792208
1 0.020731707317073172 0.15584415584415584 0.0125 0.016233766233766232
1 0.15457317073170732 0.625 0.0125 0.013798701298701298
1 0.022865853658536585 0.4212662337662338 0.009146341463414634 0.008522727272727272
1 0.011280487804878048 0.5909090909090909 0.009146341463414634 0.009334415584415584
1 0.9966463414634147 0.645698051948052 0.011585365853658536 0.018668831168831168
1 0.698780487804878 0.8859577922077922 0.01402439024390244 0.022321428571428572
1 0.26890243902439026 0.8940746753246753 0.01920731707317073 0.02922077922077922
