0 0.40853658536585363 0.4943181818181818 0.013719512195121951 0.017045454545454544
0 0.12225609756097561 0.6051136363636364 0.013719512195121951 0.020292207792207792
0 0.200609756097561 0.13839285714285715 0.016463414634146342 0.023944805194805196
1 0.6719512195121952 0.9472402597402597 0.012804878048780487 0.020292207792207792
1 0.10609756097560975 0.564935064935065 0.011890243902439025 0.013798701298701298
1 0.12195121951219512 0.06655844155844155 0.01097560975609756 0.0174512987012987
1 0.05701219512195122 0.494724025974026 0.00853658536585366 0.013392857142857142
1 0.44085365853658537 0.7232142857142857 0.008841463414634146 0.013798701298701298
1 0.05091463414634146 0.16112012987012986 0.010365853658536586 0.012581168831168832
1 0.49054878048780487 0.42938311688311687 0.012804878048780487 0.016233766233766232
1 0.1573170731707317 0.29261363636363635 0.01707317073170732 0.018668831168831168
1 0.049695121951219515 0.7410714285714286 0.014939024390243902 0.022727272727272728
1 0.36859756097560975 0.15219155844155843 0.012195121951219513 0.015422077922077922
1 0.28353658536585363 0.028003246753246752 0.014329268292682927 0.016233766233766232
1 0.8917682926829268 0.6262175324675324 0.01402439024390244 0.017045454545454544
1 0.47774390243902437 0.07548701298701299 0.012195121951219513 0.015016233766233766
1 0.6707317073170732 0.7609577922077922 0.013719512195121951 0.019886363636363636
1 0.9820121951219513 0.9561688311688312 0.012804878048780487 0.015827922077922076
1 0.4609756097560976 0.14488636363636365 0.016158536585365854 0.025162337662337664
1 0.6228658536585366 0.737012987012987 0.010060975609756098 0.009334415584415584
1 0.7375 0.5543831168831169 0.011280487804878048 0.0174512987012987
1 0.7338414634146342 0.7581168831168831 0.011280487804878048 0.01461038961038961
1 0.48292682926829267 0.9484577922077922 0.014939024390243902 0.01948051948051948
1 0.5795731707317073 0.10876623376623376 0.01524390243902439 0.016639610389610388
1 0.8719512195121951 0.24107142857142858 0.012804878048780487 0.019886363636363636
1 0.7957317073170732 0.7483766233766234 0.013414634146341463 0.021103896103896104
1 0.8009146341463415 0.9439935064935064 0.01676829268292683 0.023133116883116884
1 0.6710365853658536 0.7207792207792207 0.0125 0.020292207792207792
1 0.724390243902439 0.4614448051948052 0.014329268292682927 0.01948051948051948
1 0.30304878048780487 0.9151785714285714 0.0125 0.015016233766233766
1 0.1402439024390244 0.5539772727272727 0.012804878048780487 0.016233766233766232
1 0.3170731707317073 0.14894480519480519 0.010670731707317074 0.017857142857142856
1 0.7823170731707317 0.5848214285714286 0.0125 0.016639610389610388
1 0.5027439024390243 0.31087662337662336 0.011280487804878048 0.017045454545454544
1 0.9048780487804878 0.7999188311688312 0.017378048780487806 0.023133116883116884
1 0.275 0.7771915584415584 0.011280487804878048 0.015827922077922076
1 0.19146341463414634 0.7946428571428571 0.010365853658536586 0.01461038961038961
1 0.7469512195121951 0.46712662337662336 0.01097560975609756 0.011363636363636364
