0 0.55 0.06452922077922078 0.018597560975609755 0.021103896103896104
0 0.2152439024390244 0.6777597402597403 0.008841463414634146 0.015016233766233766
0 0.23536585365853657 0.4991883116883117 0.0125 0.019886363636363636
0 0.5875 0.538961038961039 0.011280487804878048 0.017045454545454544
0 0.37835365853658537 0.02150974025974026 0.010670731707317074 0.01176948051948052
0 0.44603658536585367 0.3262987012987013 0.013109756097560975 0.018668831168831168
0 0.9310975609756098 0.5430194805194806 0.00975609756097561 0.009334415584415584
0 0.9021341463414634 0.6002435064935064 0.011280487804878048 0.01176948051948052
0 0.7100609756097561 0.7662337662337663 0.012804878048780487 0.018262987012987012
0 0.4304878048780488 0.3210227272727273 0.010365853658536586 0.010957792207792208
0 0.5371951219512195 0.7780032467532467 0.010670731707317074 0.01176948051948052
0 0.661280487804878 0.8831168831168831 0.01097560975609756 0.016233766233766232
0 0.5018292682926829 0.10349025974025974 0.01097560975609756 0.012987012987012988
0 0.8609756097560975 0.21793831168831168 0.018902439024390243 0.024350649350649352
0 0.8902439024390244 0.950487012987013 0.013414634146341463 0.018668831168831168
0 0.32682926829268294 0.2877435064935065 0.007926829268292683 0.012175324675324676
0 0.7396341463414634 0.1590909090909091 0.012804878048780487 0.019886363636363636
0 0.9564024390243903 0.622564935064935 0.01402439024390244 0.017045454545454544
0 0.35121951219512193 0.15381493506493507 0.016463414634146342 0.023133116883116884
0 0.688109756097561 0.6002435064935064 0.014634146341463415 0.015422077922077922
0 0.47530487804878047 0.8920454545454546 0.015853658536585366 0.022727272727272728
0 0.6460365853658536 0.7114448051948052 0.015548780487804878 0.024350649350649352
0 0.11280487804878049 0.288961038961039 0.0125 0.014204545454545454
0 0.7536585365853659 0.8583603896103896 0.011280487804878048 0.012987012987012988
0 0.651219512195122 0.734577922077922 0.011890243902439025 0.01461038961038961
0 0.4064024390243902 0.8198051948051948 0.012195121951219513 0.013392857142857142
0 0.4457317073170732 0.7483766233766234 0.011280487804878048 0.013798701298701298
0 0.9740853658536586 0.578327922077922 0.0125 0.018668831168831168
0 0.9341463414634147 0.21347402597402598 0.0125 0.016233766233766232
0 0.4216463414634146 0.8474025974025974 0.01097560975609756 0.012987012987012988
0 0.02103658536585366 0.507711038961039 0.010365853658536586 0.017045454545454544
0 0.7286585365853658 0.5596590909090909 0.011890243902439025 0.015422077922077922
0 0.9472560975609756 0.5580357142857143 0.01402439024390244 0.021103896103896104
0 0.7509146341463414 0.43060064935064934 0.011890243902439025 0.015422077922077922
0 0.5 0.9910714285714286 0.011890243902439025 0.016233766233766232
0 0.811890243902439 0.9655032467532467 0.01097560975609756 0.015827922077922076
0 0.8320121951219512 0.2224025974025974 0.010060975609756098 0.012987012987012988
0 0.3698170731707317 0.679788961038961 0.01524390243902439 0.018668831168831168
0 0.38353658536585367 0.2122564935064935 0.013414634146341463 0.016639610389610388
0 0.8838414634146341 0.5012175324675324 0.01707317073170732 0.019074675324675324
0 0.2173780487804878 0.45089285714285715 0.00853658536585366 0.010551948051948052
1 0.11432926829268293 0.8871753246753247 0.00975609756097561 0.009334415584415584
1 0.3435975609756098 0.05113636363636364 0.009451219512195122 0.016233766233766232
1 0.7560975609756098 0.19196428571428573 0.014329268292682927 0.017857142857142856
1 0.6320121951219512 0.16193181818181818 0.013414634146341463 0.01948051948051948
1 0.676219512195122 0.926948051948052 0.009451219512195122 0.010551948051948052
1 0.33628048780487807 0.1599025974025974 0.012195121951219513 0.015827922077922076
1 0.7689024390243903 0.8250811688311688 0.013414634146341463 0.019074675324675324
1 0.2972560975609756 0.11363636363636363 0.012804878048780487 0.013798701298701298
1 0.174390243902439 0.24310064935064934 0.011890243902439025 0.015827922077922076
1 0.411890243902439 0.679788961038961 0.013109756097560975 0.016233766233766232
1 0.40152439024390246 0.24472402597402598 0.0125 0.013392857142857142
1 0.029878048780487804 0.5320616883116883 0.00975609756097561 0.008928571428571428
1 0.5152439024390244 0.5239448051948052 0.014329268292682927 0.0174512987012987
1 0.2841463414634146 0.5422077922077922 0.013109756097560975 0.019074675324675324
1 0.7195121951219512 0.7573051948051948 0.013109756097560975 0.014204545454545454
1 0.2371951219512195 0.2252435064935065 0.012195121951219513 0.018262987012987012
1 0.2603658536585366 0.398538961038961 0.011280487804878048 0.016233766233766232
1 0.8545731707317074 0.04991883116883117 0.010365853658536586 0.010146103896103896
1 0.5957317073170731 0.7191558441558441 0.021341463414634148 0.02719155844155844
1 0.6460365853658536 0.5929383116883117 0.01097560975609756 0.017857142857142856
1 0.8810975609756098 0.9776785714285714 0.014634146341463415 0.0174512987012987
1 0.29542682926829267 0.1680194805194805 0.01097560975609756 0.016233766233766232
1 0.9542682926829268 0.18831168831168832 0.01097560975609756 0.016233766233766232
1 0.9789634146341464 0.27962662337662336 0.014939024390243902 0.023133116883116884
1 0.5625 0.9200487012987013 0.011280487804878048 0.015016233766233766
1 0.5850609756097561 0.8064123376623377 0.011890243902439025 0.016233766233766232
1 0.8807926829268292 0.9030032467532467 0.007926829268292683 0.009334415584415584
1 0.15335365853658536 0.7808441558441559 0.01097560975609756 0.016639610389610388
1 0.9902439024390244 0.33969155844155846 0.011280487804878048 0.017857142857142856
1 0.5957317073170731 0.922077922077922 0.013414634146341463 0.021103896103896104
1 0.6920731707317073 0.632711038961039 0.011585365853658536 0.015827922077922076
1 0.5384146341463415 0.3352272727272727 0.013719512195121951 0.01948051948051948
1 0.9804878048780488 0.9857954545454546 0.010060975609756098 0.015016233766233766
1 0.0649390243902439 0.3409090909090909 0.01707317073170732 0.020698051948051948
1 0.14939024390243902 0.625 0.011280487804878048 0.016639610389610388
1 0.5222560975609756 0.0588474025974026 0.010670731707317074 0.012175324675324676
1 0.9911585365853659 0.4090909090909091 0.01524390243902439 0.020698051948051948
1 0.9512195121951219 0.15381493506493507 0.015548780487804878 0.020698051948051948
1 0.23902439024390243 0.3153409090909091 0.009451219512195122 0.008522727272727272
1 0.14664634146341463 0.8482142857142857 0.012195121951219513 0.012581168831168832
1 0.41829268292682925 0.22646103896103897 0.012195121951219513 0.019074675324675324
1 0.07042682926829268 0.5596590909090909 0.010670731707317074 0.010146103896103896
1 0.32896341463414636 0.34415584415584416 0.011890243902439025 0.01176948051948052
1 0.19420731707317074 0.32670454545454547 0.01097560975609756 0.012987012987012988
1 0.21585365853658536 0.3770292207792208 0.010365853658536586 0.015016233766233766
1 0.20640243902439023 0.8575487012987013 0.012195121951219513 0.0174512987012987
1 0.1823170731707317 0.7508116883116883 0.011890243902439025 0.015827922077922076
