0 0.21829268292682927 0.8685064935064936 0.00975609756097561 0.010551948051948052
0 0.275 0.6229707792207793 0.010365853658536586 0.015016233766233766
0 0.9652439024390244 0.31209415584415584 0.012804878048780487 0.017045454545454544
0 0.6128048780487805 0.25 0.013109756097560975 0.019886363636363636
0 0.2698170731707317 0.9448051948051948 0.014939024390243902 0.01948051948051948
0 0.4173780487804878 0.612012987012987 0.012195121951219513 0.015422077922077922
0 0.08292682926829269 0.25892857142857145 0.011585365853658536 0.019074675324675324
0 0.15335365853658536 0.5405844155844156 0.016463414634146342 0.020292207792207792
0 0.6027439024390244 0.7796266233766234 0.016158536585365854 0.019886363636363636
0 0.20121951219512196 0.8668831168831169 0.015548780487804878 0.023944805194805196
0 0.09024390243902439 0.9070616883116883 0.009451219512195122 0.010551948051948052
0 0.03536585365853658 0.1331168831168831 0.01402439024390244 0.02150974025974026
0 0.8707317073170732 0.971185064935065 0.01097560975609756 0.013392857142857142
0 0.5036585365853659 0.8165584415584416 0.012804878048780487 0.012987012987012988
0 0.8503048780487805 0.06615259740259741 0.012195121951219513 0.012987012987012988
0 0.550609756097561 0.807224025974026 0.01798780487804878 0.019886363636363636
0 0.10823170731707317 0.895698051948052 0.013414634146341463 0.017857142857142856
0 0.34817073170731705 0.07589285714285714 0.015548780487804878 0.021103896103896104
0 0.6207317073170732 0.5596590909090909 0.0125 0.013392857142857142
0 0.325 0.38839285714285715 0.011890243902439025 0.016639610389610388
0 0.5835365853658536 0.39813311688311687 0.012195121951219513 0.013798701298701298
0 0.7942073170731707 0.6818181818181818 0.009146341463414634 0.010146103896103896
0 0.3283536585365854 0.1737012987012987 0.013109756097560975 0.020698051948051948
0 0.3576219512195122 0.7443181818181818 0.013109756097560975 0.0174512987012987
0 0.6481707317073171 0.26866883116883117 0.015853658536585366 0.021915584415584416
0 0.9765243902439025 0.03125 0.01402439024390244 0.01948051948051948
0 0.40213414634146344 0.19439935064935066 0.0125 0.015422077922077922
0 0.14390243902439023 0.6420454545454546 0.012195121951219513 0.013798701298701298
0 0.9189024390243903 0.4005681818181818 0.010365853658536586 0.010551948051948052
0 0.14176829268292682 0.7077922077922078 0.010365853658536586 0.014204545454545454
0 0.4814024390243902 0.5190746753246753 0.00853658536585366 0.012987012987012988
0 0.7246951219512195 0.6465097402597403 0.0125 0.017857142857142856
0 0.6628048780487805 0.2021103896103896 0.013719512195121951 0.021103896103896104
0 0.19451219512195123 0.29707792207792205 0.011280487804878048 0.015016233766233766
0 0.24847560975609756 0.356737012987013 0.00975609756097561 0.016639610389610388
0 0.27439024390243905 0.10917207792207792 0.017378048780487806 0.02353896103896104
0 0.43567073170731707 0.4257305194805195 0.0125 0.015422077922077922
0 0.08231707317073171 0.841314935064935 0.008231707317073171 0.006899350649350649
0 0.6615853658536586 0.3961038961038961 0.010365853658536586 0.012987012987012988
0 0.44359756097560976 0.9931006493506493 0.012195121951219513 0.018262987012987012
0 0.26920731707317075 0.43060064935064934 0.00975609756097561 0.01176948051948052
0 0.1774390243902439 0.05113636363636364 0.011890243902439025 0.016639610389610388
0 0.33140243902439026 0.12743506493506493 0.0125 0.015422077922077922
0 0.7402439024390244 0.9561688311688312 0.011280487804878048 0.016233766233766232
0 0.9527439024390244 0.18831168831168832 0.014329268292682927 0.022321428571428572
0 0.338109756097561 0.5036525974025974 0.015548780487804878 0.021915584415584416
0 0.7865853658536586 0.8616071428571429 0.013719512195121951 0.015016233766233766
0 0.0576219512195122 0.7901785714285714 0.016463414634146342 0.023944805194805196
0 0.8594512195121952 0.2719155844155844 0.01097560975609756 0.013798701298701298
0 0.600609756097561 0.9147727272727273 0.013109756097560975 0.015016233766233766
0 0.17591463414634145 0.24797077922077923 0.010060975609756098 0.014204545454545454
0 0.3466463414634146 0.987012987012987 0.011890243902439025 0.012987012987012988
0 0.7042682926829268 0.3015422077922078 0.01707317073170732 0.022727272727272728
0 0.020731707317073172 0.35064935064935066 0.011280487804878048 0.016233766233766232
0 0.7442073170731708 0.42410714285714285 0.00975609756097561 0.01461038961038961
0 0.7667682926829268 0.2674512987012987 0.011280487804878048 0.015016233766233766
0 0.21554878048780488 0.9155844155844156 0.012804878048780487 0.014204545454545454
0 0.6649390243902439 0.5308441558441559 0.01402439024390244 0.017857142857142856
1 0.19146341463414634 0.21956168831168832 0.010670731707317074 0.01461038961038961
1 0.4030487804878049 0.43141233766233766 0.011280487804878048 0.012175324675324676
1 0.13932926829268294 0.4594155844155844 0.009451219512195122 0.012175324675324676
1 0.5966463414634147 0.7077922077922078 0.012195121951219513 0.012175324675324676
1 0.4027439024390244 0.908685064935065 0.01707317073170732 0.023133116883116884
1 0.11097560975609756 0.5150162337662337 0.010060975609756098 0.015827922077922076
1 0.1301829268292683 0.3522727272727273 0.014329268292682927 0.0174512987012987
1 0.8692073170731708 0.7601461038961039 0.01097560975609756 0.010957792207792208
1 0.13719512195121952 0.7297077922077922 0.010060975609756098 0.013392857142857142
1 0.8344512195121951 0.3417207792207792 0.0125 0.015016233766233766
1 0.32164634146341464 0.9403409090909091 0.01097560975609756 0.013392857142857142
1 0.7082317073170732 0.1525974025974026 0.013109756097560975 0.01948051948051948
1 0.9152439024390244 0.24594155844155843 0.009451219512195122 0.014204545454545454
1 0.4121951219512195 0.445211038961039 0.011585365853658536 0.012581168831168832
1 0.9859756097560975 0.9780844155844156 0.0125 0.013392857142857142
1 0.06615853658536586 0.619724025974026 0.014329268292682927 0.016233766233766232
1 0.15792682926829268 0.6440746753246753 0.012804878048780487 0.015827922077922076
1 0.10640243902439024 0.056818181818181816 0.010670731707317074 0.017045454545454544
1 0.5128048780487805 0.765422077922078 0.012195121951219513 0.015827922077922076
1 0.13170731707317074 0.7930194805194806 0.012195121951219513 0.015827922077922076
1 0.2423780487804878 0.16517857142857142 0.01097560975609756 0.013798701298701298
1 0.7417682926829269 0.541801948051948 0.01768292682926829 0.02556818181818182
1 0.036585365853658534 0.666801948051948 0.014634146341463415 0.023133116883116884
1 0.5131097560975609 0.27516233766233766 0.012804878048780487 0.015422077922077922
1 0.6298780487804878 0.08522727272727272 0.015548780487804878 0.02150974025974026
1 0.9128048780487805 0.08279220779220779 0.015853658536585366 0.020292207792207792
1 0.16463414634146342 0.12581168831168832 0.008841463414634146 0.008116883116883116
1 0.19359756097560976 0.3400974025974026 0.013109756097560975 0.018668831168831168
1 0.573170731707317 0.7349837662337663 0.008841463414634146 0.007711038961038961
1 0.5673780487804878 0.9797077922077922 0.013719512195121951 0.015016233766233766
1 0.38871951219512196 0.6785714285714286 0.00975609756097561 0.013798701298701298
1 0.16951219512195123 0.601461038961039 0.014634146341463415 0.019074675324675324
1 0.8167682926829268 0.2573051948051948 0.01097560975609756 0.015016233766233766
1 0.16128048780487805 0.5714285714285714 0.01707317073170732 0.020698051948051948
1 0.44359756097560976 0.13230519480519481 0.012804878048780487 0.014204545454545454
1 0.044817073170731705 0.32589285714285715 0.013414634146341463 0.017857142857142856
1 0.020426829268292684 0.056818181818181816 0.011890243902439025 0.012987012987012988
1 0.38353658536585367 0.9261363636363636 0.012195121951219513 0.012581168831168832
1 0.6018292682926829 0.6156655844155844 0.013414634146341463 0.018668831168831168
1 0.18932926829268293 0.032873376623376624 0.014939024390243902 0.017857142857142856
1 0.30365853658536585 0.8421266233766234 0.011890243902439025 0.01176948051948052
1 0.6780487804878049 0.7171266233766234 0.012195121951219513 0.015016233766233766
1 0.09268292682926829 0.04626623376623377 0.011585365853658536 0.017857142857142856
1 0.8472560975609756 0.2528409090909091 0.012195121951219513 0.015827922077922076
1 0.5685975609756098 0.022321428571428572 0.011280487804878048 0.017045454545454544
1 0.020731707317073172 0.14569805194805194 0.014939024390243902 0.01948051948051948
1 0.6478658536585366 0.6209415584415584 0.014634146341463415 0.016639610389610388
1 0.2146341463414634 0.7662337662337663 0.010365853658536586 0.016233766233766232
1 0.2844512195121951 0.14204545454545456 0.0125 0.012581168831168832
1 0.20335365853658535 0.05925324675324675 0.009146341463414634 0.012581168831168832
1 0.18384146341463414 0.17410714285714285 0.010365853658536586 0.010957792207792208
1 0.16219512195121952 0.30844155844155846 0.014939024390243902 0.01948051948051948
1 0.4100609756097561 0.5604707792207793 0.011890243902439025 0.012175324675324676
1 0.40426829268292686 0.2106331168831169 0.00853658536585366 0.010551948051948052
1 0.21341463414634146 0.3218344155844156 0.014634146341463415 0.021103896103896104
1 0.7332317073170732 0.37459415584415584 0.011280487804878048 0.0174512987012987
1 0.4378048780487805 0.476461038961039 0.009146341463414634 0.009334415584415584
1 0.9198170731707317 0.9951298701298701 0.014939024390243902 0.017045454545454544
1 0.975 0.4809253246753247 0.012804878048780487 0.015827922077922076
1 0.8182926829268292 0.5377435064935064 0.012804878048780487 0.013798701298701298
1 0.2625 0.6205357142857143 0.012804878048780487 0.020292207792207792
1 0.7152439024390244 0.9594155844155844 0.014329268292682927 0.020698051948051948
1 0.20548780487804877 0.5531655844155844 0.013414634146341463 0.015422077922077922
1 0.9085365853658537 0.9448051948051948 0.013414634146341463 0.01948051948051948
1 0.5317073170731708 0.6988636363636364 0.013414634146341463 0.015016233766233766
1 0.45914634146341465 0.31290584415584416 0.010060975609756098 0.015827922077922076
1 0.18079268292682926 0.9346590909090909 0.011585365853658536 0.012175324675324676
1 0.5972560975609756 0.05560064935064935 0.011585365853658536 0.019074675324675324
1 0.2277439024390244 0.9484577922077922 0.011890243902439025 0.012987012987012988
1 0.55 0.47362012987012986 0.010670731707317074 0.016233766233766232
1 0.08628048780487804 0.338474025974026 0.013719512195121951 0.01948051948051948
1 0.5088414634146341 0.8165584415584416 0.00975609756097561 0.012581168831168832
1 0.6734756097560975 0.10551948051948051 0.008841463414634146 0.015422077922077922
1 0.6551829268292683 0.9715909090909091 0.016158536585365854 0.023944805194805196
1 0.563719512195122 0.5608766233766234 0.01097560975609756 0.017857142857142856
1 0.2603658536585366 0.16477272727272727 0.009451219512195122 0.009334415584415584
1 0.9780487804878049 0.46631493506493504 0.010670731707317074 0.010957792207792208
1 0.8003048780487805 0.49107142857142855 0.013719512195121951 0.020698051948051948
1 0.22652439024390245 0.45211038961038963 0.013109756097560975 0.014204545454545454
