0 0.5929878048780488 0.41233766233766234 0.01097560975609756 0.018262987012987012
0 0.21951219512195122 0.4090909090909091 0.010060975609756098 0.01461038961038961
0 0.5070121951219512 0.20089285714285715 0.009146341463414634 0.015016233766233766
0 0.4420731707317073 0.2353896103896104 0.011890243902439025 0.01176948051948052
0 0.8353658536585366 0.5032467532467533 0.013109756097560975 0.018668831168831168
0 0.1875 0.26582792207792205 0.0125 0.014204545454545454
0 0.11432926829268293 0.4034090909090909 0.011890243902439025 0.017045454545454544
0 0.8810975609756098 0.6574675324675324 0.012195121951219513 0.012175324675324676
0 0.9356707317073171 0.2564935064935065 0.010670731707317074 0.016639610389610388
0 0.5323170731707317 0.7406655844155844 0.012804878048780487 0.020292207792207792
0 0.8469512195121951 0.8084415584415584 0.013719512195121951 0.020698051948051948
0 0.286890243902439 0.6590909090909091 0.014939024390243902 0.020292207792207792
0 0.20792682926829267 0.6290584415584416 0.011890243902439025 0.012581168831168832
0 0.6420731707317073 0.13189935064935066 0.010365853658536586 0.013392857142857142
0 0.22621951219512196 0.3417207792207792 0.010670731707317074 0.012581168831168832
0 0.6411585365853658 0.3912337662337662 0.013414634146341463 0.018668831168831168
0 0.5902439024390244 0.5454545454545454 0.00975609756097561 0.014204545454545454
0 0.11615853658536586 0.11282467532467533 0.010365853658536586 0.012175324675324676
0 0.25121951219512195 0.591314935064935 0.010670731707317074 0.014204545454545454
0 0.9216463414634146 0.7913961038961039 0.01798780487804878 0.021915584415584416
0 0.5969512195121951 0.7098214285714286 0.014634146341463415 0.016233766233766232
0 0.6323170731707317 0.6988636363636364 0.010060975609756098 0.012581168831168832
0 0.9984756097560976 0.8920454545454546 0.00975609756097561 0.01461038961038961
0 0.20335365853658535 0.7203733766233766 0.00975609756097561 0.01461038961038961
0 0.03384146341463415 0.6737012987012987 0.01402439024390244 0.015827922077922076
0 0.8890243902439025 0.8457792207792207 0.010670731707317074 0.013798701298701298
0 0.8878048780487805 0.9464285714285714 0.011890243902439025 0.018262987012987012
0 0.1823170731707317 0.922077922077922 0.011280487804878048 0.01461038961038961
0 0.6832317073170732 0.9277597402597403 0.012195121951219513 0.018668831168831168
0 0.45945121951219514 0.2650162337662338 0.010365853658536586 0.012175324675324676
0 0.22134146341463415 0.4837662337662338 0.01524390243902439 0.01948051948051948
0 0.9140243902439025 0.38758116883116883 0.01676829268292683 0.018668831168831168
0 0.1948170731707317 0.45982142857142855 0.013719512195121951 0.014204545454545454
0 0.43902439024390244 0.9898538961038961 0.009451219512195122 0.015827922077922076
0 0.3948170731707317 0.37662337662337664 0.015548780487804878 0.017045454545454544
0 0.7326219512195122 0.5056818181818182 0.010670731707317074 0.01461038961038961
0 0.08201219512195122 0.6838474025974026 0.010060975609756098 0.015827922077922076
0 0.8164634146341463 0.18790584415584416 0.010365853658536586 0.016233766233766232
0 0.4820121951219512 0.9030032467532467 0.01402439024390244 0.016639610389610388
0 0.3902439024390244 0.8080357142857143 0.011585365853658536 0.011363636363636364
0 0.6371951219512195 0.5604707792207793 0.015853658536585366 0.01948051948051948
0 0.13719512195121952 0.6107954545454546 0.01402439024390244 0.018668831168831168
0 0.16310975609756098 0.05560064935064935 0.014634146341463415 0.016639610389610388
0 0.2548780487804878 0.7487824675324676 0.01768292682926829 0.019886363636363636
0 0.7439024390243902 0.200487012987013 0.008231707317073171 0.012175324675324676
0 0.3097560975609756 0.7305194805194806 0.013414634146341463 0.015422077922077922
0 0.20884146341463414 0.16517857142857142 0.01524390243902439 0.022727272727272728
0 0.2225609756097561 0.8405032467532467 0.011280487804878048 0.01176948051948052
0 0.28780487804878047 0.16112012987012986 0.01920731707317073 0.027597402597402596
0 0.6289634146341463 0.33887987012987014 0.011280487804878048 0.014204545454545454
0 0.27896341463414637 0.4906655844155844 0.017378048780487806 0.01948051948051948
0 0.5527439024390244 0.7333603896103896 0.012195121951219513 0.018262987012987012
0 0.06829268292682927 0.9671266233766234 0.011890243902439025 0.014204545454545454
0 0.12225609756097561 0.450487012987013 0.012804878048780487 0.015827922077922076
0 0.10274390243902438 0.6461038961038961 0.013414634146341463 0.020292207792207792
0 0.9908536585365854 0.2824675324675325 0.0125 0.016639610389610388
0 0.675609756097561 0.8717532467532467 0.010060975609756098 0.016639610389610388
0 0.4768292682926829 0.48944805194805197 0.008841463414634146 0.009334415584415584
0 0.05274390243902439 0.11607142857142858 0.011585365853658536 0.019074675324675324
0 0.03475609756097561 0.11891233766233766 0.01097560975609756 0.013392857142857142
0 0.6109756097560975 0.2483766233766234 0.013414634146341463 0.020292207792207792
0 0.6591463414634147 0.17167207792207792 0.014939024390243902 0.0174512987012987
0 0.8685975609756098 0.28530844155844154 0.01097560975609756 0.013798701298701298
0 0.4850609756097561 0.22443181818181818 0.01676829268292683 0.024756493506493508
0 0.12042682926829268 0.9021915584415584 0.0125 0.01948051948051948
0 0.20396341463414633 0.546672077922078 0.012195121951219513 0.016233766233766232
0 0.5609756097560976 0.7094155844155844 0.01402439024390244 0.015016233766233766
0 0.3173780487804878 0.963474025974026 0.012195121951219513 0.015827922077922076
0 0.9161585365853658 0.17694805194805194 0.0125 0.01948051948051948
0 0.7710365853658536 0.487012987012987 0.011280487804878048 0.016233766233766232
0 0.06829268292682927 0.7126623376623377 0.011890243902439025 0.013798701298701298
0 0.5649390243902439 0.4094967532467532 0.013109756097560975 0.015016233766233766
0 0.2125 0.8847402597402597 0.018597560975609755 0.02150974025974026
0 0.19908536585365855 0.08603896103896104 0.01798780487804878 0.02150974025974026
0 0.23536585365853657 0.8457792207792207 0.01097560975609756 0.01461038961038961
0 0.0524390243902439 0.5308441558441559 0.011585365853658536 0.013798701298701298
0 0.8713414634146341 0.5251623376623377 0.01097560975609756 0.012175324675324676
0 0.5185975609756097 0.4159902597402597 0.010365853658536586 0.012581168831168832
0 0.5576219512195122 0.6875 0.0125 0.020292207792207792
0 0.2682926829268293 0.6465097402597403 0.012195121951219513 0.012581168831168832
0 0.9021341463414634 0.6724837662337663 0.011890243902439025 0.01948051948051948
0 0.11158536585365854 0.4310064935064935 0.011280487804878048 0.017045454545454544
1 0.325609756097561 0.689935064935065 0.010060975609756098 0.017045454545454544
1 0.12408536585365854 0.18060064935064934 0.00975609756097561 0.010551948051948052
1 0.9429878048780488 0.010957792207792208 0.00975609756097561 0.010551948051948052
1 0.651219512195122 0.760551948051948 0.0125 0.016639610389610388
1 0.17286585365853657 0.6513798701298701 0.00975609756097561 0.01176948051948052
1 0.838719512195122 0.39488636363636365 0.01524390243902439 0.019886363636363636
1 0.09054878048780488 0.547077922077922 0.01097560975609756 0.016639610389610388
1 0.6310975609756098 0.28368506493506496 0.013109756097560975 0.014204545454545454
1 0.33689024390243905 0.859172077922078 0.008841463414634146 0.008928571428571428
1 0.636890243902439 0.836038961038961 0.014634146341463415 0.017045454545454544
1 0.975 0.5450487012987013 0.012195121951219513 0.019886363636363636
1 0.8676829268292683 0.703327922077922 0.015853658536585366 0.019886363636363636
1 0.9158536585365854 0.8291396103896104 0.011890243902439025 0.016233766233766232
1 0.8439024390243902 0.7796266233766234 0.0125 0.016639610389610388
1 0.8234756097560976 0.15381493506493507 0.010060975609756098 0.010146103896103896
1 0.5009146341463414 0.5491071428571429 0.010670731707317074 0.01461038961038961
1 0.1402439024390244 0.1700487012987013 0.012804878048780487 0.016233766233766232
1 0.3646341463414634 0.43506493506493504 0.014329268292682927 0.016639610389610388
1 0.325 0.13027597402597402 0.012195121951219513 0.012581168831168832
1 0.20609756097560974 0.5974025974025974 0.011585365853658536 0.017045454545454544
1 0.8518292682926829 0.017045454545454544 0.010670731707317074 0.011363636363636364
1 0.8100609756097561 0.8737824675324676 0.012804878048780487 0.019074675324675324
1 0.7164634146341463 0.40787337662337664 0.0125 0.017045454545454544
1 0.5460365853658536 0.640827922077922 0.008841463414634146 0.015016233766233766
1 0.6637195121951219 0.481737012987013 0.010060975609756098 0.013798701298701298
1 0.47286585365853656 0.04342532467532467 0.011890243902439025 0.018262987012987012
1 0.7637195121951219 0.41112012987012986 0.01097560975609756 0.015827922077922076
1 0.6094512195121952 0.9423701298701299 0.014634146341463415 0.019886363636363636
1 0.7088414634146342 0.8494318181818182 0.011890243902439025 0.012987012987012988
1 0.4554878048780488 0.9614448051948052 0.007926829268292683 0.012987012987012988
1 0.6393292682926829 0.5296266233766234 0.016463414634146342 0.025162337662337664
1 0.04725609756097561 0.8258928571428571 0.014329268292682927 0.015016233766233766
1 0.7960365853658536 0.16599025974025974 0.01097560975609756 0.013798701298701298
1 0.47560975609756095 0.3189935064935065 0.014634146341463415 0.01948051948051948
1 0.17896341463414633 0.6907467532467533 0.013719512195121951 0.01948051948051948
1 0.9548780487804878 0.17207792207792208 0.01097560975609756 0.011363636363636364
1 0.5841463414634146 0.3599837662337662 0.01097560975609756 0.013798701298701298
1 0.6195121951219512 0.2382305194805195 0.011890243902439025 0.017045454545454544
1 0.9344512195121951 0.8599837662337663 0.011280487804878048 0.015016233766233766
1 0.9021341463414634 0.13352272727272727 0.011585365853658536 0.012987012987012988
1 0.8670731707317073 0.1075487012987013 0.01768292682926829 0.026785714285714284
1 0.9847560975609756 0.6542207792207793 0.010670731707317074 0.011363636363636364
1 0.5234756097560975 0.24553571428571427 0.011585365853658536 0.017045454545454544
1 0.6057926829268293 0.7601461038961039 0.011890243902439025 0.019074675324675324
1 0.6939024390243902 0.39569805194805197 0.01097560975609756 0.013392857142857142
1 0.6823170731707318 0.8145292207792207 0.012195121951219513 0.018668831168831168
1 0.3073170731707317 0.4744318181818182 0.009451219512195122 0.008928571428571428
1 0.5795731707317073 0.42410714285714285 0.014939024390243902 0.017857142857142856
1 0.9835365853658536 0.056006493506493504 0.011585365853658536 0.012175324675324676
1 0.06524390243902439 0.49959415584415584 0.012804878048780487 0.013392857142857142
1 0.886890243902439 0.5 0.010670731707317074 0.015016233766233766
1 0.6548780487804878 0.924512987012987 0.016158536585365854 0.021103896103896104
