0 0.7158536585365853 0.4281655844155844 0.01524390243902439 0.023944805194805196
0 0.6573170731707317 0.9857954545454546 0.011890243902439025 0.018262987012987012
0 0.2896341463414634 0.31737012987012986 0.00975609756097561 0.009334415584415584
0 0.15792682926829268 0.825487012987013 0.011890243902439025 0.013798701298701298
0 0.3204268292682927 0.9821428571428571 0.010365853658536586 0.015016233766233766
0 0.6814024390243902 0.5239448051948052 0.010060975609756098 0.012175324675324676
0 0.36310975609756097 0.24310064935064934 0.009451219512195122 0.009334415584415584
0 0.7323170731707317 0.9797077922077922 0.013719512195121951 0.016639610389610388
0 0.2396341463414634 0.45413961038961037 0.010365853658536586 0.016639610389610388
0 0.46463414634146344 0.8705357142857143 0.010365853658536586 0.011363636363636364
0 0.22317073170731708 0.5722402597402597 0.012195121951219513 0.01948051948051948
0 0.4057926829268293 0.5917207792207793 0.011890243902439025 0.012175324675324676
0 0.4277439024390244 0.07345779220779221 0.010670731707317074 0.015016233766233766
0 0.7146341463414634 0.2804383116883117 0.015548780487804878 0.017045454545454544
0 0.30640243902439024 0.9813311688311688 0.014329268292682927 0.020292207792207792
0 0.04024390243902439 0.4330357142857143 0.016158536585365854 0.022727272727272728
0 0.14817073170731707 0.614448051948052 0.012195121951219513 0.013798701298701298
0 0.13170731707317074 0.8051948051948052 0.00975609756097561 0.012175324675324676
0 0.5478658536585366 0.9512987012987013 0.010670731707317074 0.011363636363636364
0 0.7182926829268292 0.07183441558441558 0.012804878048780487 0.018262987012987012
0 0.7384146341463415 0.28936688311688313 0.015853658536585366 0.020698051948051948
0 0.5914634146341463 0.34780844155844154 0.010670731707317074 0.010146103896103896
0 0.32408536585365855 0.8198051948051948 0.019817073170731708 0.024756493506493508
0 0.03475609756097561 0.3181818181818182 0.010365853658536586 0.015016233766233766
0 0.5408536585365854 0.43790584415584416 0.016463414634146342 0.022727272727272728
0 0.24939024390243902 0.3242694805194805 0.011890243902439025 0.015827922077922076
0 0.48079268292682925 0.476461038961039 0.014634146341463415 0.0174512987012987
0 0.7335365853658536 0.4512987012987013 0.014634146341463415 0.023133116883116884
0 0.6106707317073171 0.6801948051948052 0.011585365853658536 0.015827922077922076
0 0.13719512195121952 0.2171266233766234 0.012195121951219513 0.019886363636363636
0 0.6222560975609757 0.971185064935065 0.010670731707317074 0.010551948051948052
0 0.16067073170731708 0.7796266233766234 0.011585365853658536 0.015827922077922076
0 0.09695121951219512 0.17775974025974026 0.013109756097560975 0.015016233766233766
0 0.5307926829268292 0.6594967532467533 0.010060975609756098 0.009334415584415584
0 0.561890243902439 0.09496753246753246 0.01524390243902439 0.019886363636363636
0 0.973780487804878 0.9590097402597403 0.013719512195121951 0.019886363636363636
0 0.4820121951219512 0.9431818181818182 0.008231707317073171 0.007711038961038961
0 0.27957317073170734 0.41883116883116883 0.012195121951219513 0.012581168831168832
0 0.6140243902439024 0.6030844155844156 0.01097560975609756 0.013392857142857142
0 0.2597560975609756 0.9257305194805194 0.011280487804878048 0.015016233766233766
0 0.38445121951219513 0.38758116883116883 0.013414634146341463 0.016233766233766232
0 0.20640243902439023 0.4411525974025974 0.014634146341463415 0.016639610389610388
0 0.8314024390243903 0.07873376623376624 0.012804878048780487 0.018262987012987012
0 0.3176829268292683 0.35836038961038963 0.013414634146341463 0.0174512987012987
0 0.6140243902439024 0.4926948051948052 0.012804878048780487 0.019886363636363636
0 0.21432926829268292 0.11688311688311688 0.01097560975609756 0.012175324675324676
0 0.06524390243902439 0.5815746753246753 0.01676829268292683 0.02556818181818182
0 0.05091463414634146 0.7390422077922078 0.016158536585365854 0.02150974025974026
0 0.6939024390243902 0.8814935064935064 0.012195121951219513 0.016233766233766232
0 0.5759146341463415 0.21753246753246752 0.010060975609756098 0.012581168831168832
0 0.7533536585365853 0.273538961038961 0.014329268292682927 0.02150974025974026
0 0.9545731707317073 0.0689935064935065 0.011890243902439025 0.015827922077922076
0 0.7048780487804878 0.6919642857142857 0.01707317073170732 0.02556818181818182
0 0.49634146341463414 0.455762987012987 0.011280487804878048 0.01461038961038961
0 0.6405487804878048 0.32142857142857145 0.009451219512195122 0.013798701298701298
0 0.8786585365853659 0.2755681818181818 0.013719512195121951 0.01948051948051948
0 0.663109756097561 0.856737012987013 0.015853658536585366 0.021915584415584416
0 0.0649390243902439 0.913961038961039 0.0125 0.015827922077922076
0 0.09573170731707317 0.369724025974026 0.01524390243902439 0.020698051948051948
0 0.31341463414634146 0.4935064935064935 0.00975609756097561 0.016639610389610388
0 0.5125 0.8997564935064936 0.011585365853658536 0.018668831168831168
0 0.07926829268292683 0.7780032467532467 0.018597560975609755 0.025974025974025976
0 0.31676829268292683 0.5758928571428571 0.012195121951219513 0.01948051948051948
0 0.49054878048780487 0.9618506493506493 0.012195121951219513 0.016639610389610388
0 0.16920731707317074 0.3847402597402597 0.009451219512195122 0.013392857142857142
0 0.361890243902439 0.04261363636363636 0.01097560975609756 0.012175324675324676
0 0.25853658536585367 0.39082792207792205 0.016158536585365854 0.018262987012987012
0 0.8329268292682926 0.1075487012987013 0.01402439024390244 0.01948051948051948
0 0.04237804878048781 0.8039772727272727 0.018902439024390243 0.021103896103896104
0 0.15365853658536585 0.10146103896103896 0.011890243902439025 0.013798701298701298
0 0.2926829268292683 0.9273538961038961 0.012804878048780487 0.014204545454545454
0 0.761280487804878 0.6814123376623377 0.014939024390243902 0.018262987012987012
0 0.9277439024390244 0.20292207792207792 0.010060975609756098 0.015016233766233766
0 0.588109756097561 0.8721590909090909 0.011280487804878048 0.015827922077922076
0 0.18292682926829268 0.09537337662337662 0.013414634146341463 0.020698051948051948
0 0.848780487804878 0.27881493506493504 0.010365853658536586 0.017045454545454544
0 0.37682926829268293 0.8344155844155844 0.011585365853658536 0.015422077922077922
0 0.7518292682926829 0.6030844155844156 0.009451219512195122 0.012175324675324676
0 0.7923780487804878 0.9103084415584416 0.010670731707317074 0.013392857142857142
0 0.13079268292682927 0.3482142857142857 0.011585365853658536 0.011363636363636364
0 0.07865853658536585 0.461038961038961 0.008841463414634146 0.012987012987012988
0 0.01707317073170732 0.9301948051948052 0.012195121951219513 0.019074675324675324
0 0.49908536585365854 0.5645292207792207 0.013719512195121951 0.021915584415584416
1 0.947560975609756 0.7199675324675324 0.012804878048780487 0.013392857142857142
1 0.536890243902439 0.024756493506493508 0.011890243902439025 0.012581168831168832
1 0.4167682926829268 0.6688311688311688 0.01524390243902439 0.020698051948051948
1 0.39969512195121953 0.7504058441558441 0.0125 0.01461038961038961
1 0.511280487804878 0.3989448051948052 0.013414634146341463 0.02150974025974026
1 0.8472560975609756 0.9756493506493507 0.014634146341463415 0.023133116883116884
1 0.9408536585365853 0.6233766233766234 0.013109756097560975 0.019886363636363636
1 0.5228658536585366 0.8246753246753247 0.014634146341463415 0.020292207792207792
1 0.825 0.26136363636363635 0.017378048780487806 0.024756493506493508
1 0.8295731707317073 0.3887987012987013 0.013109756097560975 0.01948051948051948
1 0.41554878048780486 0.45008116883116883 0.0125 0.016639610389610388
1 0.2094512195121951 0.7179383116883117 0.010670731707317074 0.0174512987012987
1 0.9957317073170732 0.7008928571428571 0.013109756097560975 0.015422077922077922
1 0.885670731707317 0.5844155844155844 0.012195121951219513 0.018668831168831168
1 0.9655487804878049 0.31655844155844154 0.018292682926829267 0.022321428571428572
1 0.9243902439024391 0.8977272727272727 0.024695121951219513 0.02922077922077922
1 0.04176829268292683 0.6254058441558441 0.015853658536585366 0.019886363636363636
1 0.11829268292682926 0.1838474025974026 0.013414634146341463 0.020698051948051948
1 0.635060975609756 0.1976461038961039 0.013109756097560975 0.019074675324675324
1 0.5475609756097561 0.4025974025974026 0.013414634146341463 0.013798701298701298
1 0.32865853658536587 0.07021103896103896 0.013109756097560975 0.016233766233766232
1 0.8003048780487805 0.7268668831168831 0.012804878048780487 0.016639610389610388
1 0.19634146341463415 0.8993506493506493 0.011890243902439025 0.015016233766233766
1 0.9780487804878049 0.2747564935064935 0.009451219512195122 0.010551948051948052
1 0.2996951219512195 0.814935064935065 0.0125 0.015016233766233766
1 0.27378048780487807 0.03814935064935065 0.012804878048780487 0.019886363636363636
1 0.17256097560975608 0.17532467532467533 0.011280487804878048 0.018668831168831168
1 0.21676829268292683 0.882711038961039 0.011280487804878048 0.01176948051948052
1 0.6423780487804878 0.6773538961038961 0.011890243902439025 0.01461038961038961
1 0.08048780487804878 0.1903409090909091 0.00853658536585366 0.013798701298701298
1 0.9070121951219512 0.46915584415584416 0.015853658536585366 0.024350649350649352
1 0.7189024390243902 0.6241883116883117 0.013109756097560975 0.018262987012987012
1 0.28567073170731705 0.24310064935064934 0.015853658536585366 0.017045454545454544
1 0.6996951219512195 0.7784090909090909 0.012195121951219513 0.017857142857142856
1 0.43841463414634146 0.18060064935064934 0.011890243902439025 0.0174512987012987
1 0.9609756097560975 0.8027597402597403 0.011280487804878048 0.010957792207792208
1 0.09420731707317073 0.05397727272727273 0.011585365853658536 0.015827922077922076
1 0.4557926829268293 0.778814935064935 0.0125 0.017045454545454544
1 0.9079268292682927 0.9184253246753247 0.012195121951219513 0.018668831168831168
1 0.848780487804878 0.0689935064935065 0.014634146341463415 0.018262987012987012
1 0.25335365853658537 0.8084415584415584 0.013719512195121951 0.016233766233766232
1 0.510060975609756 0.5300324675324676 0.01097560975609756 0.014204545454545454
1 0.7225609756097561 0.700487012987013 0.013719512195121951 0.0174512987012987
1 0.8673780487804879 0.6477272727272727 0.017378048780487806 0.024350649350649352
1 0.49908536585365854 0.4784902597402597 0.01524390243902439 0.023133116883116884
1 0.40152439024390246 0.672077922077922 0.010365853658536586 0.015827922077922076
1 0.8442073170731708 0.9383116883116883 0.007621951219512195 0.008116883116883116
1 0.838719512195122 0.775974025974026 0.014329268292682927 0.020698051948051948
1 0.7847560975609756 0.5081168831168831 0.014329268292682927 0.021103896103896104
1 0.5091463414634146 0.7025162337662337 0.012804878048780487 0.020292207792207792
1 0.7859756097560976 0.0588474025974026 0.010670731707317074 0.015422077922077922
1 0.22865853658536586 0.544237012987013 0.011280487804878048 0.01176948051948052
1 0.48841463414634145 0.7455357142857143 0.0125 0.013392857142857142
1 0.7445121951219512 0.6806006493506493 0.012195121951219513 0.012175324675324676
1 0.45182926829268294 0.2747564935064935 0.012804878048780487 0.012987012987012988
1 0.5155487804878048 0.9784902597402597 0.010365853658536586 0.01176948051948052
1 0.7057926829268293 0.14001623376623376 0.013109756097560975 0.019886363636363636
1 0.17317073170731706 0.663961038961039 0.01524390243902439 0.02150974025974026
1 0.760060975609756 0.46469155844155846 0.015853658536585366 0.021103896103896104
1 0.9506097560975609 0.5742694805194806 0.009146341463414634 0.012987012987012988
1 0.8350609756097561 0.053165584415584416 0.010670731707317074 0.017045454545454544
1 0.4192073170731707 0.4237012987012987 0.013719512195121951 0.015422077922077922
1 0.8539634146341464 0.3469967532467532 0.009451219512195122 0.015827922077922076
1 0.9762195121951219 0.8007305194805194 0.01402439024390244 0.01948051948051948
1 0.6182926829268293 0.06168831168831169 0.01097560975609756 0.012987012987012988
1 0.3679878048780488 0.08238636363636363 0.023170731707317073 0.02922077922077922
1 0.14420731707317072 0.9123376623376623 0.014939024390243902 0.015827922077922076
1 0.17134146341463416 0.5819805194805194 0.0125 0.017857142857142856
