0 0.2896341463414634 0.294237012987013 0.013109756097560975 0.020292207792207792
0 0.13048780487804879 0.7000811688311688 0.01402439024390244 0.018668831168831168
0 0.5408536585365854 0.5304383116883117 0.012195121951219513 0.018262987012987012
0 0.03048780487804878 0.2471590909090909 0.017378048780487806 0.024350649350649352
0 0.23902439024390243 0.12824675324675325 0.01402439024390244 0.02150974025974026
0 0.9121951219512195 0.6704545454545454 0.015548780487804878 0.020698051948051948
0 0.2527439024390244 0.3417207792207792 0.012195121951219513 0.0174512987012987
0 0.025914634146341462 0.5758928571428571 0.010060975609756098 0.014204545454545454
0 0.7515243902439024 0.8713474025974026 0.013719512195121951 0.017857142857142856
0 0.027439024390243903 0.26461038961038963 0.012804878048780487 0.018668831168831168
0 0.29542682926829267 0.476461038961039 0.011585365853658536 0.015827922077922076
0 0.09359756097560976 0.06452922077922078 0.00975609756097561 0.01176948051948052
0 0.7667682926829268 0.48944805194805197 0.012195121951219513 0.015016233766233766
0 0.4472560975609756 0.859577922077922 0.01768292682926829 0.02150974025974026
0 0.901219512195122 0.04383116883116883 0.011890243902439025 0.01176948051948052
0 0.9564024390243903 0.9460227272727273 0.013414634146341463 0.02150974025974026
0 0.8524390243902439 0.7568993506493507 0.011890243902439025 0.012987012987012988
0 0.9125 0.39813311688311687 0.011280487804878048 0.015422077922077922
0 0.23567073170731706 0.27069805194805197 0.011585365853658536 0.016233766233766232
0 0.3353658536585366 0.9614448051948052 0.010060975609756098 0.010551948051948052
0 0.6567073170731708 0.3847402597402597 0.010670731707317074 0.012581168831168832
0 0.886890243902439 0.16964285714285715 0.013719512195121951 0.018262987012987012
0 0.036280487804878046 0.6862824675324676 0.012804878048780487 0.018668831168831168
0 0.8 0.5560064935064936 0.01768292682926829 0.025162337662337664
1 0.8731707317073171 0.3051948051948052 0.011280487804878048 0.017857142857142856
1 0.5975609756097561 0.8551136363636364 0.011890243902439025 0.013798701298701298
1 0.5042682926829268 0.7950487012987013 0.011280487804878048 0.013798701298701298
1 0.6390243902439025 0.9772727272727273 0.011890243902439025 0.017857142857142856
1 0.9728658536585366 0.49188311688311687 0.012195121951219513 0.012987012987012988
1 0.1746951219512195 0.10349025974025974 0.013109756097560975 0.01461038961038961
1 0.9832317073170732 0.3851461038961039 0.011585365853658536 0.017045454545454544
1 0.9804878048780488 0.29910714285714285 0.01097560975609756 0.010551948051948052
1 0.9173780487804878 0.3344155844155844 0.00975609756097561 0.015827922077922076
1 0.38353658536585367 0.30194805194805197 0.0125 0.01461038961038961
1 0.16585365853658537 0.5762987012987013 0.013109756097560975 0.015422077922077922
1 0.5469512195121952 0.71875 0.010670731707317074 0.015827922077922076
1 0.8548780487804878 0.588474025974026 0.020731707317073172 0.02719155844155844
1 0.1951219512195122 0.948051948051948 0.011280487804878048 0.015827922077922076
1 0.9646341463414634 0.7232142857142857 0.0125 0.015827922077922076
1 0.1847560975609756 0.577922077922078 0.016463414634146342 0.020698051948051948
1 0.3597560975609756 0.19683441558441558 0.015853658536585366 0.020292207792207792
1 0.10304878048780487 0.30844155844155846 0.010365853658536586 0.016639610389610388
1 0.9798780487804878 0.4237012987012987 0.014939024390243902 0.015827922077922076
1 0.9722560975609756 0.7398538961038961 0.012195121951219513 0.017045454545454544
