0 0.25 0.9318181818181818 0.014939024390243902 0.018668831168831168
0 0.6170731707317073 0.7536525974025974 0.014634146341463415 0.020698051948051948
0 0.32408536585365855 0.5044642857142857 0.016158536585365854 0.023944805194805196
0 0.7509146341463414 0.16233766233766234 0.007926829268292683 0.013392857142857142
0 0.19390243902439025 0.5758928571428571 0.01402439024390244 0.0174512987012987
0 0.5435975609756097 0.9991883116883117 0.010670731707317074 0.010551948051948052
0 0.9259146341463415 0.9906655844155844 0.010670731707317074 0.010551948051948052
0 0.3173780487804878 0.554788961038961 0.010365853658536586 0.016639610389610388
0 0.10579268292682927 0.21631493506493507 0.01768292682926829 0.020292207792207792
0 0.38140243902439025 0.5539772727272727 0.01676829268292683 0.021915584415584416
0 0.8155487804878049 0.31655844155844154 0.010365853658536586 0.014204545454545454
0 0.42347560975609755 0.5629058441558441 0.01798780487804878 0.019886363636363636
0 0.8753048780487804 0.47686688311688313 0.008841463414634146 0.012175324675324676
0 0.05274390243902439 0.2463474025974026 0.00853658536585366 0.008928571428571428
0 0.8143292682926829 0.19602272727272727 0.016463414634146342 0.019886363636363636
0 0.24908536585365854 0.6659902597402597 0.010670731707317074 0.012581168831168832
0 0.3375 0.11363636363636363 0.012195121951219513 0.016639610389610388
0 0.9649390243902439 0.924512987012987 0.013109756097560975 0.014204545454545454
0 0.17530487804878048 0.38392857142857145 0.014939024390243902 0.0174512987012987
0 0.3777439024390244 0.3116883116883117 0.01097560975609756 0.011363636363636364
0 0.6176829268292683 0.924512987012987 0.013414634146341463 0.020292207792207792
0 0.1298780487804878 0.5982142857142857 0.010670731707317074 0.012987012987012988
0 0.7298780487804878 0.05560064935064935 0.012804878048780487 0.018262987012987012
0 0.9039634146341463 0.882711038961039 0.013719512195121951 0.01461038961038961
0 0.46432926829268295 0.052759740259740256 0.012804878048780487 0.01948051948051948
0 0.10457317073170731 0.05965909090909091 0.012195121951219513 0.017045454545454544
0 0.6542682926829269 0.9310064935064936 0.017378048780487806 0.021915584415584416
0 0.7823170731707317 0.26582792207792205 0.01768292682926829 0.02353896103896104
0 0.015853658536585366 0.12134740259740259 0.013414634146341463 0.019886363636363636
0 0.46189024390243905 0.4237012987012987 0.011890243902439025 0.015422077922077922
0 0.5615853658536586 0.9366883116883117 0.016463414634146342 0.025162337662337664
0 0.913109756097561 0.27637987012987014 0.014329268292682927 0.015827922077922076
0 0.3003048780487805 0.34780844155844154 0.011890243902439025 0.012581168831168832
0 0.1125 0.2934253246753247 0.01097560975609756 0.013392857142857142
0 0.6487804878048781 0.9521103896103896 0.013719512195121951 0.014204545454545454
1 0.28871951219512193 0.9090909090909091 0.01920731707317073 0.025974025974025976
1 0.9875 0.8189935064935064 0.011280487804878048 0.01461038961038961
1 0.5481707317073171 0.6193181818181818 0.009146341463414634 0.015016233766233766
1 0.6463414634146342 0.14772727272727273 0.012195121951219513 0.018262987012987012
1 0.20396341463414633 0.3717532467532468 0.011890243902439025 0.019074675324675324
1 0.7945121951219513 0.8425324675324676 0.007317073170731708 0.010551948051948052
1 0.08567073170731708 0.4212662337662338 0.015548780487804878 0.024350649350649352
1 0.12134146341463414 0.08076298701298701 0.011280487804878048 0.011363636363636364
1 0.6588414634146341 0.7893668831168831 0.008841463414634146 0.008116883116883116
1 0.9692073170731708 0.040584415584415584 0.011890243902439025 0.018262987012987012
1 0.6195121951219512 0.060876623376623376 0.01707317073170732 0.018668831168831168
1 0.2814024390243902 0.367288961038961 0.012195121951219513 0.018668831168831168
1 0.7966463414634146 0.9460227272727273 0.009146341463414634 0.01461038961038961
1 0.09359756097560976 0.9545454545454546 0.013414634146341463 0.013798701298701298
1 0.3719512195121951 0.7000811688311688 0.01798780487804878 0.021915584415584416
1 0.10274390243902438 0.8786525974025974 0.01920731707317073 0.02353896103896104
1 0.5557926829268293 0.3400974025974026 0.01097560975609756 0.010551948051948052
1 0.8829268292682927 0.7252435064935064 0.011890243902439025 0.014204545454545454
1 0.8682926829268293 0.11647727272727272 0.013109756097560975 0.013798701298701298
1 0.6783536585365854 0.5219155844155844 0.01676829268292683 0.02150974025974026
1 0.11798780487804877 0.6383928571428571 0.011280487804878048 0.016233766233766232
1 0.8378048780487805 0.9935064935064936 0.0125 0.01461038961038961
1 0.7649390243902439 0.7950487012987013 0.011280487804878048 0.018668831168831168
1 0.9621951219512195 0.8336038961038961 0.015853658536585366 0.017045454545454544
1 0.32926829268292684 0.5454545454545454 0.017378048780487806 0.024350649350649352
1 0.1527439024390244 0.9829545454545454 0.0125 0.014204545454545454
1 0.8618902439024391 0.3372564935064935 0.014329268292682927 0.0174512987012987
1 0.2679878048780488 0.6708603896103896 0.013109756097560975 0.0174512987012987
1 0.6155487804878049 0.2800324675324675 0.014634146341463415 0.021915584415584416
1 0.46402439024390246 0.7824675324675324 0.012195121951219513 0.014204545454545454
1 0.9320121951219512 0.6801948051948052 0.011585365853658536 0.018668831168831168
1 0.5365853658536586 0.06655844155844155 0.011890243902439025 0.014204545454545454
1 0.5923780487804878 0.13230519480519481 0.010060975609756098 0.012175324675324676
1 0.7765243902439024 0.7528409090909091 0.010365853658536586 0.013798701298701298
1 0.786890243902439 0.03530844155844156 0.017378048780487806 0.02353896103896104
1 0.9350609756097561 0.935064935064935 0.013109756097560975 0.018262987012987012
1 0.7728658536585366 0.4955357142857143 0.012195121951219513 0.015422077922077922
1 0.8740853658536586 0.6290584415584416 0.012195121951219513 0.018262987012987012
1 0.474390243902439 0.9423701298701299 0.010060975609756098 0.016639610389610388
1 0.9393292682926829 0.895698051948052 0.010670731707317074 0.016233766233766232
1 0.27896341463414637 0.338474025974026 0.009146341463414634 0.010146103896103896
1 0.14847560975609755 0.7297077922077922 0.010060975609756098 0.009334415584415584
1 0.1975609756097561 0.5454545454545454 0.01402439024390244 0.0174512987012987
1 0.3948170731707317 0.4050324675324675 0.013719512195121951 0.019074675324675324
1 0.8021341463414634 0.7329545454545454 0.014634146341463415 0.015422077922077922
1 0.6381097560975609 0.07021103896103896 0.013414634146341463 0.016233766233766232
1 0.5734756097560976 0.04667207792207792 0.009146341463414634 0.01461038961038961
1 0.07896341463414634 0.7455357142857143 0.01524390243902439 0.020292207792207792
1 0.0899390243902439 0.17694805194805194 0.011890243902439025 0.013392857142857142
1 0.09969512195121952 0.08887987012987013 0.02225609756097561 0.03206168831168831
1 0.4219512195121951 0.33685064935064934 0.010670731707317074 0.017857142857142856
1 0.7905487804878049 0.9159902597402597 0.010060975609756098 0.017045454545454544
1 0.9219512195121952 0.22402597402597402 0.011585365853658536 0.01461038961038961
1 0.2222560975609756 0.33887987012987014 0.011280487804878048 0.0174512987012987
1 0.8201219512195121 0.5905032467532467 0.014329268292682927 0.016233766233766232
1 0.9807926829268293 0.4569805194805195 0.013414634146341463 0.014204545454545454
1 0.2978658536585366 0.2597402597402597 0.014939024390243902 0.018668831168831168
1 0.2426829268292683 0.5657467532467533 0.01402439024390244 0.019074675324675324
1 0.5234756097560975 0.6116071428571429 0.013719512195121951 0.016639610389610388
1 0.4405487804878049 0.11038961038961038 0.009146341463414634 0.012987012987012988
1 0.34786585365853656 0.6826298701298701 0.013109756097560975 0.018262987012987012
1 0.37073170731707317 0.7678571428571429 0.010670731707317074 0.013392857142857142
1 0.725609756097561 0.8336038961038961 0.012804878048780487 0.020292207792207792
1 0.3692073170731707 0.040584415584415584 0.013109756097560975 0.018668831168831168
1 0.5585365853658537 0.2471590909090909 0.009146341463414634 0.015422077922077922
1 0.6213414634146341 0.5633116883116883 0.009146341463414634 0.012175324675324676
1 0.7195121951219512 0.12378246753246754 0.01097560975609756 0.017857142857142856
1 0.8195121951219512 0.09334415584415584 0.01097560975609756 0.017857142857142856
1 0.7521341463414634 0.30194805194805197 0.012195121951219513 0.01948051948051948
1 0.28262195121951217 0.9354707792207793 0.010060975609756098 0.01461038961038961
1 0.40823170731707314 0.36363636363636365 0.018902439024390243 0.02719155844155844
1 0.7939024390243903 0.06412337662337662 0.010365853658536586 0.0174512987012987
1 0.9408536585365853 0.672077922077922 0.013109756097560975 0.021103896103896104
1 0.623780487804878 0.6396103896103896 0.01097560975609756 0.010551948051948052
1 0.9942073170731708 0.2820616883116883 0.007926829268292683 0.007305194805194805
1 0.9240853658536585 0.9500811688311688 0.012195121951219513 0.014204545454545454
1 0.586890243902439 0.8900162337662337 0.011585365853658536 0.012175324675324676
1 0.9667682926829269 0.577922077922078 0.013414634146341463 0.017857142857142856
1 0.20426829268292682 0.1367694805194805 0.01707317073170732 0.023944805194805196
1 0.1597560975609756 0.45008116883116883 0.014634146341463415 0.023133116883116884
1 0.5332317073170731 0.987012987012987 0.010060975609756098 0.010146103896103896
1 0.23140243902439026 0.5089285714285714 0.00975609756097561 0.016639610389610388
1 0.9576219512195122 0.8944805194805194 0.0125 0.012987012987012988
1 0.885060975609756 0.6826298701298701 0.011280487804878048 0.018668831168831168
1 0.9134146341463415 0.5454545454545454 0.011585365853658536 0.016639610389610388
1 0.8417682926829269 0.13027597402597402 0.013719512195121951 0.016233766233766232
1 0.25182926829268293 0.17410714285714285 0.00975609756097561 0.009334415584415584
1 0.6323170731707317 0.8782467532467533 0.012804878048780487 0.0174512987012987
1 0.06463414634146342 0.3445616883116883 0.01524390243902439 0.02353896103896104
1 0.6192073170731708 0.6189123376623377 0.010060975609756098 0.01176948051948052
1 0.10609756097560975 0.2471590909090909 0.015548780487804878 0.016639610389610388
1 0.12560975609756098 0.19724025974025974 0.011280487804878048 0.01176948051948052
1 0.057926829268292686 0.11201298701298701 0.011585365853658536 0.012987012987012988
1 0.813719512195122 0.35186688311688313 0.01097560975609756 0.015016233766233766
1 0.4893292682926829 0.3758116883116883 0.0125 0.015422077922077922
1 0.3771341463414634 0.6278409090909091 0.010670731707317074 0.016233766233766232
1 0.044817073170731705 0.5089285714285714 0.013414634146341463 0.019074675324675324
1 0.4067073170731707 0.26055194805194803 0.01097560975609756 0.013798701298701298
1 0.9896341463414634 0.23944805194805194 0.011280487804878048 0.016233766233766232
