0 0.47804878048780486 0.9078733766233766 0.011890243902439025 0.018668831168831168
0 0.1954268292682927 0.026785714285714284 0.0125 0.01948051948051948
0 0.49390243902439024 0.15625 0.016158536585365854 0.0174512987012987
0 0.28841463414634144 0.7366071428571429 0.008231707317073171 0.014204545454545454
0 0.1152439024390244 0.1038961038961039 0.010365853658536586 0.010146103896103896
0 0.7990853658536585 0.6318993506493507 0.010670731707317074 0.0174512987012987
0 0.9137195121951219 0.45332792207792205 0.012804878048780487 0.015016233766233766
0 0.43567073170731707 0.5093344155844156 0.013109756097560975 0.019074675324675324
0 0.9051829268292683 0.19318181818181818 0.00975609756097561 0.01176948051948052
0 0.8414634146341463 0.07183441558441558 0.01097560975609756 0.018262987012987012
0 0.16890243902439026 0.700487012987013 0.009146341463414634 0.009334415584415584
0 0.863719512195122 0.8145292207792207 0.009146341463414634 0.01176948051948052
0 0.9996951219512196 0.9549512987012987 0.012804878048780487 0.012987012987012988
0 0.688109756097561 0.755275974025974 0.012804878048780487 0.013798701298701298
0 0.23658536585365852 0.8015422077922078 0.013414634146341463 0.019074675324675324
0 0.9664634146341463 0.07954545454545454 0.014329268292682927 0.01948051948051948
0 0.4899390243902439 0.9070616883116883 0.013414634146341463 0.021103896103896104
0 0.5064024390243902 0.5718344155844156 0.011890243902439025 0.016233766233766232
0 0.9902439024390244 0.8388798701298701 0.016158536585365854 0.021915584415584416
0 0.9024390243902439 0.1266233766233766 0.013414634146341463 0.020292207792207792
0 0.561890243902439 0.16599025974025974 0.012804878048780487 0.015827922077922076
0 0.22987804878048781 0.5093344155844156 0.008841463414634146 0.010957792207792208
0 0.8576219512195122 0.6318993506493507 0.01097560975609756 0.010957792207792208
0 0.7832317073170731 0.7260551948051948 0.013109756097560975 0.016639610389610388
0 0.5378048780487805 0.06615259740259741 0.00975609756097561 0.010551948051948052
0 0.7420731707317073 0.5840097402597403 0.011890243902439025 0.013798701298701298
0 0.7368902439024391 0.26704545454545453 0.013109756097560975 0.020292207792207792
0 0.2899390243902439 0.38189935064935066 0.013109756097560975 0.021103896103896104
0 0.7396341463414634 0.42613636363636365 0.009451219512195122 0.010146103896103896
0 0.04939024390243903 0.9383116883116883 0.015853658536585366 0.021915584415584416
0 0.7073170731707317 0.8681006493506493 0.013719512195121951 0.0174512987012987
0 0.31676829268292683 0.7094155844155844 0.013109756097560975 0.013798701298701298
0 0.525 0.3538961038961039 0.014329268292682927 0.020698051948051948
0 0.7030487804878048 0.28084415584415584 0.01097560975609756 0.0174512987012987
0 0.12073170731707317 0.44561688311688313 0.015853658536585366 0.023944805194805196
0 0.7899390243902439 0.5848214285714286 0.0125 0.017045454545454544
0 0.6625 0.2077922077922078 0.01097560975609756 0.01176948051948052
0 0.1496951219512195 0.36810064935064934 0.013414634146341463 0.014204545454545454
0 0.39878048780487807 0.8210227272727273 0.01524390243902439 0.016639610389610388
0 0.25182926829268293 0.10308441558441558 0.012804878048780487 0.016233766233766232
0 0.5301829268292683 0.695211038961039 0.013719512195121951 0.021103896103896104
0 0.42591463414634145 0.7086038961038961 0.015853658536585366 0.022321428571428572
0 0.22073170731707317 0.2739448051948052 0.011280487804878048 0.012581168831168832
0 0.7283536585365854 0.7840909090909091 0.00853658536585366 0.01176948051948052
1 0.7929878048780488 0.6915584415584416 0.01402439024390244 0.018262987012987012
1 0.9192073170731707 0.9931006493506493 0.015853658536585366 0.019074675324675324
1 0.7310975609756097 0.3555194805194805 0.009146341463414634 0.010551948051948052
1 0.18140243902439024 0.661525974025974 0.014329268292682927 0.020698051948051948
1 0.9228658536585366 0.7613636363636364 0.014329268292682927 0.020698051948051948
1 0.12713414634146342 0.1396103896103896 0.01402439024390244 0.018262987012987012
1 0.24817073170731707 0.8145292207792207 0.011890243902439025 0.012175324675324676
1 0.8036585365853659 0.8522727272727273 0.011280487804878048 0.013798701298701298
1 0.15609756097560976 0.5625 0.012804878048780487 0.018262987012987012
1 0.20091463414634148 0.948051948051948 0.012804878048780487 0.019074675324675324
1 0.2890243902439024 0.8778409090909091 0.011280487804878048 0.013392857142857142
1 0.4530487804878049 0.7244318181818182 0.013719512195121951 0.019886363636363636
1 0.6594512195121951 0.8547077922077922 0.014329268292682927 0.018262987012987012
1 0.045121951219512194 0.4878246753246753 0.014329268292682927 0.020292207792207792
1 0.18445121951219512 0.2520292207792208 0.010365853658536586 0.012581168831168832
1 0.7582317073170731 0.5698051948051948 0.014939024390243902 0.022321428571428572
1 0.19146341463414634 0.18993506493506493 0.012804878048780487 0.016233766233766232
1 0.5295731707317073 0.786525974025974 0.013109756097560975 0.021103896103896104
1 0.20548780487804877 0.8538961038961039 0.01097560975609756 0.012175324675324676
