0 0.463109756097561 0.674512987012987 0.012195121951219513 0.016639610389610388
0 0.3518292682926829 0.2934253246753247 0.0125 0.018262987012987012
0 0.5817073170731707 0.5223214285714286 0.011585365853658536 0.011363636363636364
0 0.17896341463414633 0.2690746753246753 0.01402439024390244 0.01461038961038961
0 0.8542682926829268 0.8027597402597403 0.010060975609756098 0.015422077922077922
0 0.9338414634146341 0.8482142857142857 0.012195121951219513 0.0174512987012987
0 0.6582317073170731 0.6424512987012987 0.011585365853658536 0.015016233766233766
0 0.8341463414634146 0.9878246753246753 0.01097560975609756 0.015827922077922076
0 0.7917682926829268 0.4407467532467532 0.00975609756097561 0.011363636363636364
0 0.698170731707317 0.4971590909090909 0.016158536585365854 0.01948051948051948
0 0.03231707317073171 0.2609577922077922 0.014939024390243902 0.016639610389610388
0 0.813719512195122 0.5637175324675324 0.012804878048780487 0.014204545454545454
0 0.17835365853658536 0.43344155844155846 0.010060975609756098 0.012175324675324676
0 0.5067073170731707 0.8741883116883117 0.00975609756097561 0.010957792207792208
0 0.9771341463414634 0.6262175324675324 0.01524390243902439 0.017045454545454544
0 0.8942073170731707 0.9797077922077922 0.013414634146341463 0.014204545454545454
0 0.9716463414634147 0.31737012987012986 0.016158536585365854 0.020698051948051948
0 0.06219512195121951 0.48295454545454547 0.011585365853658536 0.013392857142857142
0 0.9929878048780488 0.28165584415584416 0.008841463414634146 0.01461038961038961
0 0.850609756097561 0.21428571428571427 0.011280487804878048 0.01176948051948052
0 0.5560975609756098 0.7690746753246753 0.013719512195121951 0.016639610389610388
0 0.8673780487804879 0.06939935064935066 0.012804878048780487 0.012987012987012988
0 0.325 0.4967532467532468 0.014939024390243902 0.020292207792207792
0 0.5536585365853659 0.6688311688311688 0.011890243902439025 0.019074675324675324
0 0.7817073170731708 0.2171266233766234 0.013719512195121951 0.020292207792207792
0 0.20091463414634148 0.3977272727272727 0.010060975609756098 0.016233766233766232
0 0.9871951219512195 0.04261363636363636 0.009451219512195122 0.01176948051948052
0 0.4902439024390244 0.5819805194805194 0.010670731707317074 0.016233766233766232
0 0.2682926829268293 0.08482142857142858 0.0125 0.019886363636363636
0 0.34786585365853656 0.8275162337662337 0.01707317073170732 0.021103896103896104
0 0.2814024390243902 0.7130681818181818 0.014329268292682927 0.01948051948051948
0 0.16829268292682928 0.9439935064935064 0.010670731707317074 0.012987012987012988
0 0.1524390243902439 0.2711038961038961 0.011585365853658536 0.01176948051948052
0 0.7722560975609756 0.14001623376623376 0.014939024390243902 0.019074675324675324
0 0.33414634146341465 0.4590097402597403 0.018902439024390243 0.025974025974025976
0 0.27682926829268295 0.10308441558441558 0.017378048780487806 0.020698051948051948
0 0.2603658536585366 0.6879058441558441 0.012195121951219513 0.013798701298701298
0 0.7225609756097561 0.9460227272727273 0.011585365853658536 0.016639610389610388
0 0.5048780487804878 0.38920454545454547 0.012195121951219513 0.01948051948051948
0 0.9128048780487805 0.0689935064935065 0.011890243902439025 0.012581168831168832
0 0.8774390243902439 0.10186688311688312 0.0125 0.018668831168831168
0 0.23170731707317074 0.6461038961038961 0.011890243902439025 0.015422077922077922
0 0.6109756097560975 0.6542207792207793 0.01402439024390244 0.020698051948051948
0 0.47103658536585363 0.19439935064935066 0.011280487804878048 0.01176948051948052
0 0.028353658536585367 0.19480519480519481 0.010670731707317074 0.015422077922077922
0 0.29054878048780486 0.8287337662337663 0.011890243902439025 0.016639610389610388
0 0.4100609756097561 0.9099025974025974 0.0125 0.014204545454545454
0 0.13628048780487806 0.7329545454545454 0.017378048780487806 0.023944805194805196
0 0.7966463414634146 0.07183441558441558 0.008841463414634146 0.012581168831168832
0 0.4100609756097561 0.052759740259740256 0.013414634146341463 0.015422077922077922
0 0.37408536585365854 0.07508116883116883 0.011890243902439025 0.015422077922077922
0 0.9088414634146341 0.36810064935064934 0.010060975609756098 0.017045454545454544
0 0.3259146341463415 0.820211038961039 0.009146341463414634 0.013392857142857142
0 0.17621951219512194 0.08887987012987013 0.011585365853658536 0.015827922077922076
0 0.9414634146341463 0.9760551948051948 0.011280487804878048 0.015827922077922076
0 0.4606707317073171 0.4257305194805195 0.012195121951219513 0.012987012987012988
0 0.7960365853658536 0.35430194805194803 0.01676829268292683 0.02150974025974026
0 0.8899390243902439 0.7260551948051948 0.014329268292682927 0.019886363636363636
0 0.8091463414634147 0.5880681818181818 0.017378048780487806 0.024756493506493508
0 0.2634146341463415 0.65625 0.010670731707317074 0.0174512987012987
0 0.15853658536585366 0.515827922077922 0.011890243902439025 0.013798701298701298
0 0.06798780487804879 0.6943993506493507 0.011890243902439025 0.01176948051948052
0 0.7679878048780487 0.21306818181818182 0.0125 0.015422077922077922
0 0.20152439024390245 0.32061688311688313 0.01676829268292683 0.018668831168831168
0 0.06737804878048781 0.8141233766233766 0.011280487804878048 0.016233766233766232
0 0.41310975609756095 0.7962662337662337 0.01524390243902439 0.022727272727272728
0 0.761890243902439 0.5945616883116883 0.0125 0.019886363636363636
0 0.200609756097561 0.13433441558441558 0.011585365853658536 0.013798701298701298
0 0.08871951219512195 0.7751623376623377 0.011280487804878048 0.015827922077922076
0 0.6804878048780488 0.869724025974026 0.009451219512195122 0.015016233766233766
0 0.7932926829268293 0.8352272727272727 0.009451219512195122 0.012175324675324676
0 0.7457317073170732 0.39204545454545453 0.00853658536585366 0.01461038961038961
0 0.6820121951219512 0.3912337662337662 0.01768292682926829 0.025974025974025976
0 0.7402439024390244 0.34780844155844154 0.011585365853658536 0.012581168831168832
0 0.4579268292682927 0.9143668831168831 0.01798780487804878 0.023944805194805196
0 0.23079268292682928 0.6018668831168831 0.013719512195121951 0.019886363636363636
0 0.24939024390243902 0.16233766233766234 0.013719512195121951 0.02150974025974026
0 0.8689024390243902 0.4878246753246753 0.022560975609756097 0.030032467532467532
0 0.4893292682926829 0.8770292207792207 0.015548780487804878 0.024350649350649352
0 0.8542682926829268 0.5949675324675324 0.011585365853658536 0.017045454545454544
0 0.9725609756097561 0.7926136363636364 0.012195121951219513 0.01461038961038961
0 0.041158536585365856 0.16193181818181818 0.011280487804878048 0.012175324675324676
0 0.4329268292682927 0.4991883116883117 0.010670731707317074 0.010957792207792208
0 0.5789634146341464 0.39813311688311687 0.014329268292682927 0.020698051948051948
0 0.5722560975609756 0.637987012987013 0.011585365853658536 0.017045454545454544
0 0.06707317073170732 0.31939935064935066 0.012804878048780487 0.015827922077922076
0 0.31585365853658537 0.6793831168831169 0.011280487804878048 0.013798701298701298
0 0.046646341463414634 0.5604707792207793 0.01524390243902439 0.022727272727272728
0 0.338719512195122 0.294237012987013 0.009146341463414634 0.012581168831168832
1 0.899390243902439 0.7926136363636364 0.01097560975609756 0.014204545454545454
1 0.2521341463414634 0.27719155844155846 0.01402439024390244 0.017857142857142856
1 0.22408536585365854 0.255275974025974 0.015853658536585366 0.022321428571428572
1 0.3978658536585366 0.6176948051948052 0.013109756097560975 0.018668831168831168
1 0.8298780487804878 0.15422077922077923 0.007926829268292683 0.012175324675324676
1 0.10213414634146341 0.7495941558441559 0.01402439024390244 0.019074675324675324
1 0.5722560975609756 0.5064935064935064 0.010060975609756098 0.015827922077922076
1 0.36615853658536585 0.25243506493506496 0.014329268292682927 0.020698051948051948
1 0.8554878048780488 0.9383116883116883 0.016158536585365854 0.022727272727272728
1 0.9335365853658537 0.20373376623376624 0.01798780487804878 0.023944805194805196
1 0.3719512195121951 0.2297077922077922 0.00975609756097561 0.015422077922077922
1 0.11829268292682926 0.5965909090909091 0.009146341463414634 0.015016233766233766
1 0.04237804878048781 0.25811688311688313 0.009451219512195122 0.013798701298701298
1 0.8411585365853659 0.7828733766233766 0.01402439024390244 0.016233766233766232
1 0.043292682926829265 0.7792207792207793 0.008841463414634146 0.010957792207792208
1 0.9969512195121951 0.4184253246753247 0.013414634146341463 0.019074675324675324
1 0.12591463414634146 0.07467532467532467 0.01097560975609756 0.018262987012987012
1 0.4216463414634146 0.19237012987012986 0.010365853658536586 0.015827922077922076
1 0.9759146341463415 0.15665584415584416 0.00975609756097561 0.013392857142857142
1 0.21798780487804878 0.09780844155844155 0.010060975609756098 0.010957792207792208
1 0.2600609756097561 0.3336038961038961 0.018597560975609755 0.023944805194805196
1 0.7375 0.27313311688311687 0.010670731707317074 0.013798701298701298
1 0.08597560975609755 0.8141233766233766 0.01097560975609756 0.015827922077922076
1 0.7051829268292683 0.06452922077922078 0.010670731707317074 0.013392857142857142
1 0.5667682926829268 0.9261363636363636 0.013414634146341463 0.020698051948051948
1 0.4429878048780488 0.6895292207792207 0.01097560975609756 0.016639610389610388
1 0.6567073170731708 0.8912337662337663 0.014329268292682927 0.018262987012987012
1 0.10640243902439024 0.890422077922078 0.011280487804878048 0.018262987012987012
1 0.4972560975609756 0.3116883116883117 0.01676829268292683 0.018262987012987012
1 0.2814024390243902 0.7398538961038961 0.014939024390243902 0.020292207792207792
1 0.2621951219512195 0.5093344155844156 0.009146341463414634 0.013798701298701298
1 0.3079268292682927 0.18628246753246752 0.012195121951219513 0.016233766233766232
1 0.48048780487804876 0.9111201298701299 0.016463414634146342 0.02556818181818182
1 0.5390243902439025 0.755275974025974 0.01097560975609756 0.01176948051948052
1 0.02926829268292683 0.9545454545454546 0.014329268292682927 0.019074675324675324
1 0.35853658536585364 0.8056006493506493 0.010670731707317074 0.015422077922077922
1 0.21615853658536585 0.5454545454545454 0.00975609756097561 0.008928571428571428
1 0.15426829268292683 0.5397727272727273 0.013719512195121951 0.016233766233766232
1 0.45701219512195124 0.1875 0.011890243902439025 0.015016233766233766
1 0.7003048780487805 0.989448051948052 0.013414634146341463 0.018668831168831168
1 0.7457317073170732 0.18993506493506493 0.011280487804878048 0.01461038961038961
1 0.27378048780487807 0.5718344155844156 0.012195121951219513 0.016233766233766232
1 0.9393292682926829 0.5450487012987013 0.015853658536585366 0.017857142857142856
1 0.6307926829268292 0.15543831168831168 0.014939024390243902 0.01948051948051948
1 0.39969512195121953 0.481737012987013 0.01097560975609756 0.01176948051948052
1 0.5426829268292683 0.09862012987012987 0.016463414634146342 0.022727272727272728
1 0.38109756097560976 0.7159090909090909 0.011890243902439025 0.012175324675324676
1 0.2914634146341463 0.867288961038961 0.010060975609756098 0.017045454545454544
1 0.5975609756097561 0.3851461038961039 0.011280487804878048 0.016639610389610388
1 0.4795731707317073 0.8056006493506493 0.01768292682926829 0.022727272727272728
1 0.3097560975609756 0.5300324675324676 0.011280487804878048 0.016639610389610388
1 0.2125 0.41030844155844154 0.015548780487804878 0.016639610389610388
1 0.9600609756097561 0.9476461038961039 0.013719512195121951 0.017045454545454544
1 0.4841463414634146 0.7666396103896104 0.016158536585365854 0.020292207792207792
1 0.25945121951219513 0.24228896103896103 0.011280487804878048 0.017857142857142856
1 0.5820121951219512 0.867288961038961 0.01524390243902439 0.017857142857142856
1 0.9710365853658537 0.06290584415584416 0.011280487804878048 0.0174512987012987
1 0.9850609756097561 0.8965097402597403 0.012195121951219513 0.012581168831168832
1 0.999390243902439 0.36688311688311687 0.008841463414634146 0.01176948051948052
1 0.7314024390243903 0.9135551948051948 0.013719512195121951 0.018262987012987012
1 0.15853658536585366 0.9642857142857143 0.011890243902439025 0.015827922077922076
1 0.4125 0.4094967532467532 0.010365853658536586 0.010551948051948052
1 0.45121951219512196 0.4569805194805195 0.013109756097560975 0.01461038961038961
