0 0.07256097560975609 0.7414772727272727 0.010670731707317074 0.013392857142857142
0 0.7082317073170732 0.23498376623376624 0.016463414634146342 0.018262987012987012
0 0.25884146341463415 0.7167207792207793 0.013414634146341463 0.016639610389610388
0 0.4878048780487805 0.8924512987012987 0.00975609756097561 0.013392857142857142
0 0.6234756097560976 0.7877435064935064 0.011890243902439025 0.01461038961038961
0 0.739939024390244 0.5925324675324676 0.01402439024390244 0.019074675324675324
0 0.9814024390243903 0.237012987012987 0.018597560975609755 0.023944805194805196
0 0.6634146341463415 0.6883116883116883 0.0125 0.016639610389610388
0 0.9612804878048781 0.08400974025974026 0.0125 0.013798701298701298
0 0.27195121951219514 0.8453733766233766 0.014634146341463415 0.019886363636363636
0 0.8603658536585366 0.19642857142857142 0.01402439024390244 0.015827922077922076
0 0.5591463414634147 0.10795454545454546 0.011585365853658536 0.013798701298701298
0 0.14329268292682926 0.052759740259740256 0.016463414634146342 0.023944805194805196
0 0.14908536585365853 0.5637175324675324 0.0125 0.012581168831168832
0 0.7396341463414634 0.3555194805194805 0.013719512195121951 0.021915584415584416
0 0.8009146341463415 0.6006493506493507 0.010060975609756098 0.016639610389610388
0 0.2923780487804878 0.6858766233766234 0.014939024390243902 0.018668831168831168
0 0.21646341463414634 0.3027597402597403 0.009146341463414634 0.013392857142857142
0 0.4198170731707317 0.8015422077922078 0.014329268292682927 0.020698051948051948
0 0.5024390243902439 0.9318181818181818 0.012195121951219513 0.012987012987012988
0 0.6917682926829268 0.8583603896103896 0.010060975609756098 0.009334415584415584
0 0.9701219512195122 0.2086038961038961 0.008841463414634146 0.00974025974025974
0 0.3871951219512195 0.0872564935064935 0.014329268292682927 0.022321428571428572
0 0.9484756097560976 0.8555194805194806 0.012804878048780487 0.019074675324675324
0 0.7362804878048781 0.9586038961038961 0.015548780487804878 0.022727272727272728
0 0.8929878048780487 0.9338474025974026 0.00975609756097561 0.008928571428571428
0 0.748780487804878 0.21956168831168832 0.009146341463414634 0.014204545454545454
0 0.8265243902439025 0.9431818181818182 0.014634146341463415 0.020698051948051948
0 0.6597560975609756 0.13758116883116883 0.0125 0.0174512987012987
0 0.0475609756097561 0.304788961038961 0.012804878048780487 0.015827922077922076
0 0.34847560975609754 0.6732954545454546 0.015853658536585366 0.019074675324675324
0 0.5125 0.31087662337662336 0.011890243902439025 0.012987012987012988
0 0.6393292682926829 0.09212662337662338 0.01524390243902439 0.017045454545454544
0 0.5884146341463414 0.14001623376623376 0.00975609756097561 0.01176948051948052
0 0.40213414634146344 0.9188311688311688 0.010060975609756098 0.012987012987012988
0 0.5908536585365853 0.4906655844155844 0.010670731707317074 0.015016233766233766
0 0.6399390243902439 0.3344155844155844 0.01402439024390244 0.018668831168831168
0 0.9786585365853658 0.18709415584415584 0.01524390243902439 0.020292207792207792
0 0.048170731707317074 0.10064935064935066 0.00975609756097561 0.013798701298701298
0 0.09878048780487805 0.09577922077922078 0.014634146341463415 0.020698051948051948
0 0.3954268292682927 0.44358766233766234 0.013719512195121951 0.016639610389610388
0 0.3070121951219512 0.9310064935064936 0.010365853658536586 0.016639610389610388
0 0.8359756097560975 0.0762987012987013 0.011890243902439025 0.014204545454545454
0 0.8152439024390243 0.2650162337662338 0.00975609756097561 0.015827922077922076
0 0.35365853658536583 0.019886363636363636 0.011585365853658536 0.012987012987012988
0 0.0801829268292683 0.7686688311688312 0.008841463414634146 0.012175324675324676
0 0.1975609756097561 0.9744318181818182 0.013414634146341463 0.015422077922077922
0 0.538109756097561 0.28165584415584416 0.012804878048780487 0.013392857142857142
0 0.998780487804878 0.1266233766233766 0.010670731707317074 0.015827922077922076
0 0.2817073170731707 0.2609577922077922 0.011280487804878048 0.01176948051948052
0 0.949390243902439 0.7532467532467533 0.014939024390243902 0.016233766233766232
0 0.9606707317073171 0.3344155844155844 0.008841463414634146 0.00974025974025974
0 0.8042682926829269 0.8563311688311688 0.015853658536585366 0.0174512987012987
0 0.16189024390243903 0.2532467532467532 0.010060975609756098 0.009334415584415584
0 0.6003048780487805 0.6542207792207793 0.013719512195121951 0.017045454545454544
0 0.5426829268292683 0.7000811688311688 0.011890243902439025 0.017857142857142856
0 0.9795731707317074 0.3299512987012987 0.010670731707317074 0.012987012987012988
0 0.6091463414634146 0.37256493506493504 0.01402439024390244 0.020698051948051948
0 0.9432926829268292 0.1737012987012987 0.009451219512195122 0.015422077922077922
1 0.2545731707317073 0.7715097402597403 0.009451219512195122 0.00974025974025974
1 0.6579268292682927 0.8311688311688312 0.010365853658536586 0.016639610389610388
1 0.9591463414634146 0.26663961038961037 0.01402439024390244 0.016639610389610388
1 0.15701219512195122 0.2012987012987013 0.011280487804878048 0.014204545454545454
1 0.7496951219512196 0.671672077922078 0.010365853658536586 0.012987012987012988
1 0.5292682926829269 0.8766233766233766 0.01524390243902439 0.020698051948051948
1 0.5201219512195122 0.96875 0.010365853658536586 0.014204545454545454
1 0.039634146341463415 0.7199675324675324 0.010060975609756098 0.015827922077922076
1 0.486890243902439 0.3652597402597403 0.00853658536585366 0.011363636363636364
1 0.6442073170731707 0.29829545454545453 0.009451219512195122 0.008522727272727272
1 0.44359756097560976 0.859577922077922 0.0125 0.017045454545454544
1 0.785670731707317 0.21387987012987014 0.010365853658536586 0.0174512987012987
1 0.13597560975609757 0.7122564935064936 0.0125 0.016639610389610388
1 0.4329268292682927 0.41883116883116883 0.012195121951219513 0.01461038961038961
1 0.95 0.5 0.010365853658536586 0.014204545454545454
1 0.4524390243902439 0.17329545454545456 0.011585365853658536 0.012581168831168832
1 0.057926829268292686 0.5531655844155844 0.011890243902439025 0.015422077922077922
1 0.18963414634146342 0.17775974025974026 0.012804878048780487 0.01461038961038961
1 0.28353658536585363 0.299512987012987 0.01097560975609756 0.01461038961038961
1 0.7417682926829269 0.987012987012987 0.012804878048780487 0.020292207792207792
1 0.5399390243902439 0.04301948051948052 0.00975609756097561 0.012581168831168832
1 0.17347560975609755 0.032873376623376624 0.008841463414634146 0.00974025974025974
1 0.01524390243902439 0.6116071428571429 0.01402439024390244 0.017857142857142856
1 0.9728658536585366 0.15543831168831168 0.011280487804878048 0.013798701298701298
1 0.7981707317073171 0.22443181818181818 0.013414634146341463 0.015422077922077922
1 0.6451219512195122 0.21103896103896103 0.013109756097560975 0.013798701298701298
1 0.020426829268292684 0.6842532467532467 0.015548780487804878 0.017857142857142856
1 0.7798780487804878 0.07670454545454546 0.015548780487804878 0.021915584415584416
1 0.7634146341463415 0.9959415584415584 0.012195121951219513 0.013798701298701298
1 0.1625 0.3900162337662338 0.01402439024390244 0.017045454545454544
1 0.6064024390243903 0.630275974025974 0.013719512195121951 0.018668831168831168
1 0.9923780487804879 0.8173701298701299 0.010365853658536586 0.013798701298701298
1 0.5445121951219513 0.26055194805194803 0.013109756097560975 0.016639610389610388
1 0.36554878048780487 0.31290584415584416 0.00975609756097561 0.016233766233766232
1 0.2396341463414634 0.9683441558441559 0.012804878048780487 0.01461038961038961
1 0.5396341463414634 0.43506493506493504 0.017378048780487806 0.01948051948051948
1 0.3878048780487805 0.8502435064935064 0.011890243902439025 0.012175324675324676
1 0.7972560975609756 0.7556818181818182 0.012804878048780487 0.018262987012987012
1 0.776829268292683 0.8896103896103896 0.010670731707317074 0.013798701298701298
1 0.6332317073170731 0.9797077922077922 0.015853658536585366 0.021915584415584416
1 0.01920731707317073 0.8441558441558441 0.013109756097560975 0.015016233766233766
1 0.16585365853658537 0.445211038961039 0.01798780487804878 0.02353896103896104
1 0.11890243902439024 0.24918831168831168 0.01707317073170732 0.024350649350649352
1 0.22164634146341464 0.544237012987013 0.011585365853658536 0.0174512987012987
1 0.49664634146341463 0.05397727272727273 0.01524390243902439 0.021915584415584416
1 0.8216463414634146 0.36363636363636365 0.01798780487804878 0.026785714285714284
1 0.7240853658536586 0.2215909090909091 0.0125 0.018262987012987012
1 0.45640243902439026 0.24066558441558442 0.013109756097560975 0.016233766233766232
1 0.9454268292682927 0.6018668831168831 0.01524390243902439 0.022321428571428572
1 0.9079268292682927 0.07467532467532467 0.012195121951219513 0.016639610389610388
1 0.9682926829268292 0.7792207792207793 0.015548780487804878 0.017045454545454544
1 0.4164634146341463 0.44642857142857145 0.012804878048780487 0.016233766233766232
1 0.03384146341463415 0.8189935064935064 0.01768292682926829 0.019886363636363636
1 0.8323170731707317 0.505275974025974 0.014329268292682927 0.020292207792207792
1 0.5920731707317073 0.5292207792207793 0.013109756097560975 0.017857142857142856
1 0.263109756097561 0.3510551948051948 0.014329268292682927 0.015827922077922076
1 0.053353658536585365 0.5369318181818182 0.00975609756097561 0.010957792207792208
1 0.5042682926829268 0.2609577922077922 0.013109756097560975 0.016639610389610388
1 0.7170731707317073 0.4805194805194805 0.012195121951219513 0.015422077922077922
1 0.3128048780487805 0.2593344155844156 0.010670731707317074 0.017045454545454544
1 0.8929878048780487 0.846185064935065 0.009451219512195122 0.01176948051948052
1 0.29054878048780486 0.4090909090909091 0.009451219512195122 0.015827922077922076
1 0.6945121951219512 0.8944805194805194 0.011890243902439025 0.017045454545454544
1 0.5564024390243902 0.7053571428571429 0.013414634146341463 0.016233766233766232
1 0.45 0.4200487012987013 0.011585365853658536 0.016233766233766232
1 0.175 0.505275974025974 0.01707317073170732 0.022727272727272728
1 0.6844512195121951 0.7305194805194806 0.012804878048780487 0.0174512987012987
1 0.6509146341463414 0.21915584415584416 0.00853658536585366 0.015016233766233766
1 0.3432926829268293 0.8705357142857143 0.009146341463414634 0.013798701298701298
1 0.40182926829268295 0.7049512987012987 0.012195121951219513 0.017857142857142856
1 0.4841463414634146 0.2215909090909091 0.012195121951219513 0.012987012987012988
1 0.5954268292682927 0.1278409090909091 0.01097560975609756 0.015422077922077922
1 0.10335365853658536 0.19155844155844157 0.009451219512195122 0.014204545454545454
1 0.9655487804878049 0.8173701298701299 0.009451219512195122 0.012581168831168832
1 0.5338414634146341 0.3027597402597403 0.011890243902439025 0.015422077922077922
1 0.0701219512195122 0.9606331168831169 0.0125 0.019886363636363636
1 0.0524390243902439 0.9232954545454546 0.011890243902439025 0.013392857142857142
1 0.5070121951219512 0.23660714285714285 0.010365853658536586 0.00974025974025974
1 0.8390243902439024 0.747564935064935 0.013109756097560975 0.020292207792207792
1 0.4240853658536585 0.9314123376623377 0.01402439024390244 0.015827922077922076
1 0.09359756097560976 0.6010551948051948 0.013719512195121951 0.021915584415584416
1 0.6945121951219512 0.5117694805194806 0.010365853658536586 0.016639610389610388
1 0.3274390243902439 0.18222402597402598 0.010670731707317074 0.012987012987012988
1 0.7384146341463415 0.5320616883116883 0.01097560975609756 0.016233766233766232
1 0.8929878048780487 0.09131493506493507 0.014634146341463415 0.017045454545454544
