0 0.525609756097561 0.9910714285714286 0.01097560975609756 0.017857142857142856
0 0.058231707317073174 0.7337662337662337 0.009146341463414634 0.011363636363636364
0 0.6280487804878049 0.362012987012987 0.01097560975609756 0.016233766233766232
0 0.9228658536585366 0.1858766233766234 0.00975609756097561 0.012175324675324676
0 0.42591463414634145 0.3612012987012987 0.013719512195121951 0.017857142857142856
0 0.9469512195121951 0.783685064935065 0.013414634146341463 0.017857142857142856
0 0.2003048780487805 0.7236201298701299 0.00975609756097561 0.014204545454545454
0 0.7987804878048781 0.43912337662337664 0.010060975609756098 0.012987012987012988
0 0.9612804878048781 0.698051948051948 0.011585365853658536 0.0174512987012987
0 0.3173780487804878 0.7828733766233766 0.014634146341463415 0.019886363636363636
0 0.09451219512195122 0.9078733766233766 0.0125 0.014204545454545454
0 0.6158536585365854 0.030844155844155844 0.0125 0.015827922077922076
0 0.5591463414634147 0.7711038961038961 0.010365853658536586 0.012987012987012988
0 0.3725609756097561 0.6984577922077922 0.012804878048780487 0.015016233766233766
0 0.2698170731707317 0.560064935064935 0.01097560975609756 0.014204545454545454
0 0.938109756097561 0.6883116883116883 0.013719512195121951 0.01461038961038961
0 0.7103658536585366 0.8433441558441559 0.00853658536585366 0.011363636363636364
0 0.19115853658536586 0.362012987012987 0.010670731707317074 0.015422077922077922
0 0.15030487804878048 0.1627435064935065 0.01097560975609756 0.016639610389610388
0 0.3429878048780488 0.23782467532467533 0.009451219512195122 0.012581168831168832
0 0.55 0.1627435064935065 0.01402439024390244 0.016639610389610388
0 0.598780487804878 0.4472402597402597 0.010060975609756098 0.013798701298701298
0 0.7728658536585366 0.8299512987012987 0.011585365853658536 0.01176948051948052
0 0.49390243902439024 0.0726461038961039 0.012195121951219513 0.012175324675324676
0 0.9527439024390244 0.9273538961038961 0.02103658536585366 0.028409090909090908
0 0.5054878048780488 0.4099025974025974 0.01402439024390244 0.017857142857142856
0 0.22896341463414635 0.13555194805194806 0.013109756097560975 0.015827922077922076
0 0.263109756097561 0.512987012987013 0.013414634146341463 0.015827922077922076
0 0.41585365853658535 0.676948051948052 0.018597560975609755 0.02556818181818182
0 0.07865853658536585 0.8794642857142857 0.011890243902439025 0.014204545454545454
0 0.6734756097560975 0.24025974025974026 0.010670731707317074 0.012987012987012988
0 0.8817073170731707 0.7780032467532467 0.012195121951219513 0.015422077922077922
0 0.31432926829268293 0.9147727272727273 0.015853658536585366 0.01948051948051948
0 0.9304878048780488 0.16680194805194806 0.010060975609756098 0.009334415584415584
0 0.03841463414634146 0.8007305194805194 0.0125 0.01948051948051948
0 0.12286585365853658 0.8193993506493507 0.011585365853658536 0.013392857142857142
0 0.18689024390243902 0.5239448051948052 0.01097560975609756 0.013798701298701298
0 0.12591463414634146 0.7857142857142857 0.01097560975609756 0.016639610389610388
0 0.2347560975609756 0.4342532467532468 0.014634146341463415 0.017857142857142856
0 0.10975609756097561 0.5588474025974026 0.00975609756097561 0.015827922077922076
0 0.10640243902439024 0.4163961038961039 0.01402439024390244 0.016233766233766232
0 0.661280487804878 0.6891233766233766 0.015853658536585366 0.023944805194805196
0 0.05426829268292683 0.14691558441558442 0.015548780487804878 0.016639610389610388
0 0.7362804878048781 0.19602272727272727 0.014329268292682927 0.018668831168831168
0 0.3798780487804878 0.8007305194805194 0.012195121951219513 0.015016233766233766
0 0.3932926829268293 0.47686688311688313 0.011585365853658536 0.016639610389610388
0 0.16676829268292684 0.05113636363636364 0.010365853658536586 0.012987012987012988
0 0.16371951219512196 0.3145292207792208 0.014939024390243902 0.0174512987012987
0 0.9167682926829268 0.8948863636363636 0.010060975609756098 0.017045454545454544
0 0.07560975609756097 0.515422077922078 0.013719512195121951 0.01948051948051948
0 0.4978658536585366 0.8989448051948052 0.013109756097560975 0.0174512987012987
0 0.1496951219512195 0.8823051948051948 0.019817073170731708 0.024756493506493508
0 0.2551829268292683 0.8417207792207793 0.009451219512195122 0.010146103896103896
0 0.7515243902439024 0.7544642857142857 0.016463414634146342 0.020698051948051948
0 0.17378048780487804 0.5896915584415584 0.009451219512195122 0.010146103896103896
0 0.10182926829268292 0.4338474025974026 0.00975609756097561 0.00974025974025974
0 0.9554878048780487 0.5044642857142857 0.009451219512195122 0.016233766233766232
0 0.5917682926829269 0.5608766233766234 0.016463414634146342 0.023944805194805196
0 0.054878048780487805 0.7828733766233766 0.013109756097560975 0.015827922077922076
0 0.36646341463414633 0.09577922077922078 0.017378048780487806 0.026785714285714284
0 0.7945121951219513 0.1765422077922078 0.014634146341463415 0.016639610389610388
0 0.5911585365853659 0.29180194805194803 0.010670731707317074 0.010551948051948052
0 0.3448170731707317 0.14853896103896103 0.011585365853658536 0.016233766233766232
0 0.34542682926829266 0.2512175324675325 0.009451219512195122 0.013392857142857142
0 0.8838414634146341 0.17532467532467533 0.011890243902439025 0.012581168831168832
0 0.5935975609756098 0.237012987012987 0.0125 0.016639610389610388
0 0.4661585365853659 0.841314935064935 0.012195121951219513 0.012581168831168832
0 0.4530487804878049 0.4963474025974026 0.010365853658536586 0.013392857142857142
0 0.06676829268292683 0.41112012987012986 0.013414634146341463 0.019074675324675324
0 0.06432926829268293 0.20170454545454544 0.017378048780487806 0.019886363636363636
0 0.9472560975609756 0.18628246753246752 0.010060975609756098 0.011363636363636364
0 0.9530487804878048 0.03530844155844156 0.013414634146341463 0.019886363636363636
0 0.40792682926829266 0.8129058441558441 0.011890243902439025 0.013392857142857142
0 0.7454268292682927 0.06696428571428571 0.013414634146341463 0.016233766233766232
0 0.4472560975609756 0.24310064935064934 0.01097560975609756 0.017857142857142856
0 0.7411585365853659 0.11323051948051949 0.0125 0.020292207792207792
0 0.08628048780487804 0.9387175324675324 0.011280487804878048 0.012987012987012988
0 0.8521341463414634 0.05438311688311688 0.015853658536585366 0.017857142857142856
0 0.1548780487804878 0.08685064935064934 0.01402439024390244 0.015422077922077922
0 0.9725609756097561 0.5393668831168831 0.011890243902439025 0.012987012987012988
0 0.0399390243902439 0.8120941558441559 0.013109756097560975 0.015016233766233766
0 0.4426829268292683 0.9127435064935064 0.011280487804878048 0.013798701298701298
0 0.6637195121951219 0.9598214285714286 0.014939024390243902 0.018668831168831168
0 0.7829268292682927 0.8169642857142857 0.015853658536585366 0.019074675324675324
0 0.411280487804878 0.474025974025974 0.011280487804878048 0.017857142857142856
0 0.5460365853658536 0.3157467532467532 0.010365853658536586 0.016233766233766232
0 0.6753048780487805 0.8847402597402597 0.00853658536585366 0.007305194805194805
0 0.8975609756097561 0.8291396103896104 0.01524390243902439 0.020292207792207792
0 0.411890243902439 0.03206168831168831 0.011280487804878048 0.01461038961038961
0 0.5914634146341463 0.2556818181818182 0.013414634146341463 0.01948051948051948
0 0.5621951219512196 0.18547077922077923 0.011890243902439025 0.013392857142857142
0 0.9853658536585366 0.8526785714285714 0.010060975609756098 0.00974025974025974
0 0.4582317073170732 0.7508116883116883 0.009146341463414634 0.01461038961038961
0 0.5975609756097561 0.19967532467532467 0.00975609756097561 0.015016233766233766
0 0.23658536585365852 0.7560876623376623 0.011585365853658536 0.013798701298701298
0 0.9606707317073171 0.04748376623376623 0.01097560975609756 0.010551948051948052
1 0.13201219512195123 0.32508116883116883 0.011890243902439025 0.01461038961038961
1 0.12134146341463414 0.8867694805194806 0.014939024390243902 0.023133116883116884
1 0.7155487804878049 0.3502435064935065 0.011280487804878048 0.015016233766233766
1 0.0923780487804878 0.21022727272727273 0.011280487804878048 0.015827922077922076
1 0.2274390243902439 0.8011363636363636 0.013719512195121951 0.017857142857142856
1 0.5426829268292683 0.7991071428571429 0.011280487804878048 0.018668831168831168
1 0.10579268292682927 0.5933441558441559 0.011585365853658536 0.0174512987012987
1 0.3097560975609756 0.05844155844155844 0.010365853658536586 0.013798701298701298
1 0.501219512195122 0.9728084415584416 0.012804878048780487 0.018262987012987012
1 0.21890243902439024 0.045048701298701296 0.014634146341463415 0.018262987012987012
1 0.3146341463414634 0.09496753246753246 0.01524390243902439 0.021915584415584416
1 0.1625 0.12134740259740259 0.011280487804878048 0.012987012987012988
1 0.21189024390243902 0.9484577922077922 0.011585365853658536 0.01461038961038961
1 0.6353658536585366 0.7954545454545454 0.011890243902439025 0.014204545454545454
1 0.5396341463414634 0.4602272727272727 0.011890243902439025 0.013798701298701298
1 0.299390243902439 0.7325487012987013 0.00975609756097561 0.010957792207792208
1 0.13658536585365855 0.08035714285714286 0.012804878048780487 0.018668831168831168
1 0.8054878048780488 0.362012987012987 0.010670731707317074 0.015422077922077922
1 0.4274390243902439 0.47930194805194803 0.010060975609756098 0.011363636363636364
1 0.23201219512195123 0.9212662337662337 0.01402439024390244 0.01948051948051948
1 0.14512195121951219 0.02922077922077922 0.015853658536585366 0.022727272727272728
1 0.6033536585365854 0.1185064935064935 0.01707317073170732 0.019886363636363636
1 0.6515243902439024 0.3534902597402597 0.010365853658536586 0.0174512987012987
1 0.07286585365853658 0.6777597402597403 0.013414634146341463 0.01948051948051948
1 0.05 0.12540584415584416 0.013719512195121951 0.015016233766233766
1 0.9972560975609757 0.19642857142857142 0.009146341463414634 0.012581168831168832
1 0.4661585365853659 0.08887987012987013 0.00853658536585366 0.01176948051948052
1 0.10640243902439024 0.3924512987012987 0.010670731707317074 0.010551948051948052
1 0.4661585365853659 0.14042207792207792 0.009451219512195122 0.00974025974025974
1 0.6109756097560975 0.2832792207792208 0.011280487804878048 0.01176948051948052
1 0.08597560975609755 0.3969155844155844 0.012804878048780487 0.013392857142857142
1 0.18658536585365854 0.8924512987012987 0.015548780487804878 0.019886363636363636
1 0.563719512195122 0.6107954545454546 0.01402439024390244 0.01461038961038961
1 0.5198170731707317 0.10186688311688312 0.014634146341463415 0.016233766233766232
1 0.1850609756097561 0.18303571428571427 0.013414634146341463 0.019886363636363636
1 0.5314024390243902 0.060876623376623376 0.00975609756097561 0.014204545454545454
1 0.11890243902439024 0.3372564935064935 0.011280487804878048 0.017045454545454544
1 0.17774390243902438 0.8327922077922078 0.013719512195121951 0.0174512987012987
1 0.6338414634146341 0.7244318181818182 0.018902439024390243 0.027597402597402596
1 0.7301829268292683 0.2662337662337662 0.008841463414634146 0.01176948051948052
1 0.6966463414634146 0.17775974025974026 0.010060975609756098 0.012987012987012988
1 0.030792682926829268 0.9987824675324676 0.011280487804878048 0.010957792207792208
1 0.9551829268292683 0.47767857142857145 0.01768292682926829 0.026379870129870128
1 0.4527439024390244 0.1627435064935065 0.008841463414634146 0.008928571428571428
1 0.2579268292682927 0.8603896103896104 0.013719512195121951 0.01948051948051948
1 0.9923780487804879 0.5219155844155844 0.014939024390243902 0.022727272727272728
