0 0.8908536585365854 0.7012987012987013 0.01676829268292683 0.021103896103896104
0 0.6810975609756098 0.8689123376623377 0.009451219512195122 0.008928571428571428
0 0.7036585365853658 0.9099025974025974 0.0125 0.01461038961038961
0 0.10701219512195122 0.6761363636363636 0.015853658536585366 0.024756493506493508
0 0.510670731707317 0.6314935064935064 0.011585365853658536 0.017857142857142856
0 0.6268292682926829 0.33482142857142855 0.0125 0.012987012987012988
0 0.2399390243902439 0.4237012987012987 0.011585365853658536 0.017857142857142856
0 0.17560975609756097 0.9030032467532467 0.010670731707317074 0.015827922077922076
0 0.6939024390243902 0.6298701298701299 0.012195121951219513 0.015422077922077922
0 0.07835365853658537 0.04667207792207792 0.014329268292682927 0.015422077922077922
0 0.9195121951219513 0.38311688311688313 0.02103658536585366 0.029626623376623376
0 0.25182926829268293 0.7999188311688312 0.01402439024390244 0.018668831168831168
0 0.3521341463414634 0.3887987012987013 0.009146341463414634 0.012581168831168832
0 0.9545731707317073 0.07792207792207792 0.012195121951219513 0.016639610389610388
0 0.8451219512195122 0.16193181818181818 0.012804878048780487 0.016639610389610388
0 0.5390243902439025 0.3900162337662338 0.01097560975609756 0.018262987012987012
0 0.10091463414634147 0.286525974025974 0.013414634146341463 0.016639610389610388
0 0.47286585365853656 0.7739448051948052 0.010365853658536586 0.013392857142857142
0 0.3518292682926829 0.8713474025974026 0.009451219512195122 0.01176948051948052
0 0.19207317073170732 0.5905032467532467 0.010365853658536586 0.0174512987012987
0 0.7359756097560975 0.2593344155844156 0.010365853658536586 0.00974025974025974
0 0.910670731707317 0.9910714285714286 0.012804878048780487 0.019886363636363636
0 0.3539634146341463 0.42329545454545453 0.012195121951219513 0.015422077922077922
0 0.6643292682926829 0.9829545454545454 0.011280487804878048 0.01176948051948052
0 0.0701219512195122 0.9472402597402597 0.008841463414634146 0.01461038961038961
0 0.9091463414634147 0.4224837662337662 0.011890243902439025 0.016233766233766232
0 0.2996951219512195 0.9776785714285714 0.010060975609756098 0.012175324675324676
0 0.9963414634146341 0.6221590909090909 0.013414634146341463 0.018668831168831168
0 0.09786585365853659 0.4366883116883117 0.009146341463414634 0.010957792207792208
0 0.7341463414634146 0.1351461038961039 0.011585365853658536 0.013392857142857142
0 0.9408536585365853 0.2637987012987013 0.015853658536585366 0.019886363636363636
0 0.4603658536585366 0.979301948051948 0.010365853658536586 0.010146103896103896
0 0.4496951219512195 0.43506493506493504 0.012195121951219513 0.018668831168831168
0 0.14085365853658535 0.3794642857142857 0.010365853658536586 0.013392857142857142
0 0.2347560975609756 0.22564935064935066 0.007621951219512195 0.008928571428571428
0 0.4628048780487805 0.22362012987012986 0.015548780487804878 0.01948051948051948
0 0.31859756097560976 0.14894480519480519 0.013719512195121951 0.021915584415584416
0 0.7298780487804878 0.8936688311688312 0.014329268292682927 0.020292207792207792
0 0.12347560975609756 0.34131493506493504 0.014634146341463415 0.021915584415584416
0 0.05701219512195122 0.4237012987012987 0.013719512195121951 0.015422077922077922
0 0.15060975609756097 0.7426948051948052 0.012804878048780487 0.015422077922077922
0 0.5210365853658536 0.39285714285714285 0.011890243902439025 0.016639610389610388
0 0.26371951219512196 0.6051136363636364 0.010670731707317074 0.016233766233766232
0 0.25182926829268293 0.48741883116883117 0.009146341463414634 0.015016233766233766
0 0.05457317073170732 0.7804383116883117 0.016463414634146342 0.019886363636363636
0 0.20152439024390245 0.8823051948051948 0.011280487804878048 0.015422077922077922
0 0.7030487804878048 0.44237012987012986 0.01707317073170732 0.018668831168831168
0 0.04085365853658537 0.18303571428571427 0.010670731707317074 0.013798701298701298
0 0.4143292682926829 0.08116883116883117 0.014634146341463415 0.021103896103896104
0 0.9667682926829269 0.9691558441558441 0.015548780487804878 0.02150974025974026
0 0.0676829268292683 0.7792207792207793 0.013414634146341463 0.017045454545454544
0 0.15152439024390243 0.9143668831168831 0.010670731707317074 0.015827922077922076
0 0.7152439024390244 0.349025974025974 0.012195121951219513 0.014204545454545454
0 0.7439024390243902 0.10267857142857142 0.017378048780487806 0.024350649350649352
0 0.8777439024390243 0.3843344155844156 0.011890243902439025 0.01948051948051948
0 0.20426829268292682 0.8250811688311688 0.01402439024390244 0.022321428571428572
0 0.8134146341463414 0.9338474025974026 0.015853658536585366 0.020292207792207792
0 0.27225609756097563 0.1461038961038961 0.015853658536585366 0.02353896103896104
0 0.30609756097560975 0.1793831168831169 0.01097560975609756 0.013392857142857142
0 0.11128048780487805 0.30438311688311687 0.015853658536585366 0.023133116883116884
0 0.10121951219512196 0.8997564935064936 0.011280487804878048 0.0174512987012987
0 0.7996951219512195 0.08116883116883117 0.01402439024390244 0.016233766233766232
0 0.6067073170731707 0.3125 0.0125 0.015016233766233766
0 0.10823170731707317 0.8555194805194806 0.012195121951219513 0.019074675324675324
0 0.5469512195121952 0.992288961038961 0.014634146341463415 0.021915584415584416
1 0.8710365853658537 0.7138798701298701 0.0125 0.018668831168831168
1 0.3935975609756098 0.5629058441558441 0.010365853658536586 0.016639610389610388
1 0.44390243902439025 0.8762175324675324 0.011585365853658536 0.016233766233766232
1 0.6179878048780488 0.44642857142857145 0.01951219512195122 0.02353896103896104
1 0.8841463414634146 0.6221590909090909 0.010060975609756098 0.015016233766233766
1 0.04420731707317073 0.9131493506493507 0.007317073170731708 0.01176948051948052
1 0.9484756097560976 0.698051948051948 0.012804878048780487 0.01461038961038961
1 0.8570121951219513 0.5316558441558441 0.010365853658536586 0.01176948051948052
1 0.35091463414634144 0.9375 0.008231707317073171 0.008522727272727272
1 0.034451219512195125 0.045454545454545456 0.00975609756097561 0.014204545454545454
1 0.3829268292682927 0.8145292207792207 0.013414634146341463 0.0174512987012987
1 0.28292682926829266 0.1525974025974026 0.013719512195121951 0.014204545454545454
1 0.36402439024390243 0.026379870129870128 0.00975609756097561 0.015016233766233766
1 0.7984756097560975 0.974025974025974 0.013414634146341463 0.01461038961038961
1 0.7304878048780488 0.19642857142857142 0.01097560975609756 0.012987012987012988
1 0.8612804878048781 0.4862012987012987 0.012804878048780487 0.012987012987012988
1 0.9304878048780488 0.8790584415584416 0.014939024390243902 0.021915584415584416
1 0.723780487804878 0.9910714285714286 0.012804878048780487 0.018262987012987012
1 0.7262195121951219 0.6396103896103896 0.011890243902439025 0.01176948051948052
1 0.48109756097560974 0.3944805194805195 0.01524390243902439 0.020292207792207792
1 0.5420731707317074 0.04342532467532467 0.020731707317073172 0.02922077922077922
1 0.2682926829268293 0.8323863636363636 0.015548780487804878 0.021915584415584416
1 0.35548780487804876 0.257711038961039 0.014939024390243902 0.023133116883116884
1 0.33689024390243905 0.9391233766233766 0.01402439024390244 0.01948051948051948
1 0.7917682926829268 0.8607954545454546 0.013414634146341463 0.013798701298701298
1 0.1951219512195122 0.9326298701298701 0.010365853658536586 0.013392857142857142
1 0.16585365853658537 0.41314935064935066 0.014634146341463415 0.022727272727272728
1 0.911890243902439 0.9326298701298701 0.01402439024390244 0.015422077922077922
1 0.7759146341463414 0.04301948051948052 0.011585365853658536 0.015016233766233766
1 0.874390243902439 0.49188311688311687 0.00975609756097561 0.015016233766233766
1 0.4530487804878049 0.6956168831168831 0.00975609756097561 0.016639610389610388
1 0.28597560975609754 0.7508116883116883 0.01097560975609756 0.0174512987012987
1 0.8664634146341463 0.07305194805194805 0.010060975609756098 0.010146103896103896
1 0.09786585365853659 0.04220779220779221 0.02347560975609756 0.03125
1 0.2682926829268293 0.200487012987013 0.010365853658536586 0.016639610389610388
1 0.7557926829268292 0.2934253246753247 0.009146341463414634 0.012581168831168832
1 0.27957317073170734 0.056006493506493504 0.013414634146341463 0.015827922077922076
1 0.7423780487804879 0.6059253246753247 0.010365853658536586 0.0174512987012987
1 0.7692073170731707 0.8676948051948052 0.010365853658536586 0.00974025974025974
1 0.7844512195121951 0.6931818181818182 0.01097560975609756 0.012987012987012988
1 0.4899390243902439 0.5243506493506493 0.01707317073170732 0.02150974025974026
1 0.9612804878048781 0.5482954545454546 0.014329268292682927 0.022727272727272728
1 0.8301829268292683 0.3510551948051948 0.010670731707317074 0.010551948051948052
1 0.5170731707317073 0.432224025974026 0.0125 0.01461038961038961
1 0.22713414634146342 0.9577922077922078 0.014329268292682927 0.019886363636363636
1 0.6935975609756098 0.22199675324675325 0.013414634146341463 0.01948051948051948
1 0.5978658536585366 0.4602272727272727 0.009451219512195122 0.010957792207792208
1 0.7384146341463415 0.6286525974025974 0.01097560975609756 0.011363636363636364
1 0.4170731707317073 0.5430194805194806 0.01768292682926829 0.024756493506493508
1 0.27195121951219514 0.021103896103896104 0.009451219512195122 0.010146103896103896
