0 0.7838414634146341 0.46631493506493504 0.011280487804878048 0.013798701298701298
0 0.4268292682926829 0.7666396103896104 0.013719512195121951 0.021103896103896104
0 0.9146341463414634 0.08319805194805195 0.00853658536585366 0.010551948051948052
0 0.9966463414634147 0.7362012987012987 0.010670731707317074 0.010957792207792208
0 0.03475609756097561 0.06412337662337662 0.01402439024390244 0.019886363636363636
0 0.4740853658536585 0.1846590909090909 0.01097560975609756 0.013392857142857142
0 0.06859756097560976 0.9151785714285714 0.0125 0.01948051948051948
0 0.7533536585365853 0.3287337662337662 0.012804878048780487 0.016233766233766232
0 0.3725609756097561 0.2905844155844156 0.012804878048780487 0.019886363636363636
0 0.5237804878048781 0.3961038961038961 0.018902439024390243 0.022727272727272728
0 0.9676829268292683 0.5896915584415584 0.011585365853658536 0.017857142857142856
0 0.8542682926829268 0.35267857142857145 0.018902439024390243 0.028409090909090908
0 0.15396341463414634 0.518262987012987 0.011585365853658536 0.013798701298701298
0 0.8140243902439024 0.2962662337662338 0.008841463414634146 0.00974025974025974
0 0.4679878048780488 0.30844155844155846 0.011585365853658536 0.019074675324675324
0 0.2420731707317073 0.6785714285714286 0.013109756097560975 0.019886363636363636
0 0.6698170731707317 0.0864448051948052 0.017378048780487806 0.021103896103896104
0 0.9704268292682927 0.7146915584415584 0.010060975609756098 0.012581168831168832
0 0.788109756097561 0.846185064935065 0.008841463414634146 0.009334415584415584
0 0.7884146341463415 0.625 0.011280487804878048 0.012581168831168832
0 0.4030487804878049 0.39732142857142855 0.01402439024390244 0.016639610389610388
0 0.37591463414634146 0.6972402597402597 0.013719512195121951 0.016639610389610388
0 0.5323170731707317 0.9724025974025974 0.013414634146341463 0.018668831168831168
0 0.6164634146341463 0.9614448051948052 0.018902439024390243 0.023133116883116884
0 0.2838414634146341 0.5767045454545454 0.014634146341463415 0.019886363636363636
0 0.8533536585365854 0.6099837662337663 0.01676829268292683 0.025162337662337664
0 0.9606707317073171 0.6392045454545454 0.014634146341463415 0.018262987012987012
0 0.5908536585365853 0.8612012987012987 0.015548780487804878 0.022727272727272728
0 0.839329268292683 0.9090909090909091 0.013109756097560975 0.018668831168831168
0 0.7658536585365854 0.0799512987012987 0.017378048780487806 0.026785714285714284
0 0.9768292682926829 0.3693181818181818 0.011585365853658536 0.013392857142857142
0 0.09817073170731708 0.6968344155844156 0.010670731707317074 0.012175324675324676
0 0.21189024390243902 0.16477272727272727 0.012804878048780487 0.016639610389610388
0 0.8942073170731707 0.9050324675324676 0.01097560975609756 0.010957792207792208
0 0.03231707317073171 0.7824675324675324 0.015548780487804878 0.020292207792207792
0 0.8082317073170732 0.5109577922077922 0.014939024390243902 0.020698051948051948
0 0.9496951219512195 0.4914772727272727 0.00975609756097561 0.010146103896103896
0 0.10396341463414634 0.8352272727272727 0.00975609756097561 0.016233766233766232
0 0.23353658536585367 0.7564935064935064 0.010060975609756098 0.017045454545454544
0 0.1628048780487805 0.760551948051948 0.010365853658536586 0.015422077922077922
0 0.2027439024390244 0.9054383116883117 0.009146341463414634 0.013798701298701298
0 0.12957317073170732 0.5340909090909091 0.013109756097560975 0.0174512987012987
0 0.11585365853658537 0.7333603896103896 0.00975609756097561 0.015827922077922076
0 0.4478658536585366 0.5892857142857143 0.014634146341463415 0.020698051948051948
0 0.3152439024390244 0.6887175324675324 0.010365853658536586 0.012987012987012988
0 0.3146341463414634 0.6481331168831169 0.015853658536585366 0.02353896103896104
0 0.39695121951219514 0.7873376623376623 0.010670731707317074 0.01461038961038961
0 0.6423780487804878 0.8271103896103896 0.010365853658536586 0.015422077922077922
0 0.08810975609756097 0.07426948051948051 0.011890243902439025 0.018262987012987012
0 0.5375 0.3534902597402597 0.010365853658536586 0.010146103896103896
0 0.8841463414634146 0.8198051948051948 0.012195121951219513 0.018262987012987012
0 0.3426829268292683 0.380275974025974 0.011890243902439025 0.018262987012987012
0 0.12713414634146342 0.4135551948051948 0.011890243902439025 0.015422077922077922
0 0.6911585365853659 0.6221590909090909 0.012195121951219513 0.015827922077922076
0 0.5286585365853659 0.8482142857142857 0.010060975609756098 0.011363636363636364
0 0.5405487804878049 0.689935064935065 0.012804878048780487 0.013798701298701298
0 0.7646341463414634 0.4724025974025974 0.016158536585365854 0.019886363636363636
0 0.30091463414634145 0.5 0.013719512195121951 0.020698051948051948
0 0.8286585365853658 0.07832792207792208 0.011280487804878048 0.010957792207792208
0 0.33170731707317075 0.056412337662337664 0.016158536585365854 0.022321428571428572
0 0.836890243902439 0.5888798701298701 0.01097560975609756 0.017045454545454544
0 0.6710365853658536 0.15746753246753248 0.021646341463414633 0.026785714285714284
0 0.36585365853658536 0.6359577922077922 0.011280487804878048 0.015422077922077922
0 0.3384146341463415 0.6278409090909091 0.012804878048780487 0.020698051948051948
0 0.7051829268292683 0.6461038961038961 0.01524390243902439 0.023133116883116884
0 0.1301829268292683 0.1286525974025974 0.013719512195121951 0.015016233766233766
0 0.8429878048780488 0.2532467532467532 0.016158536585365854 0.018668831168831168
0 0.03567073170731707 0.7597402597402597 0.008841463414634146 0.010551948051948052
0 0.4170731707317073 0.6765422077922078 0.01097560975609756 0.018262987012987012
0 0.47560975609756095 0.9460227272727273 0.015853658536585366 0.02150974025974026
0 0.13902439024390245 0.17491883116883117 0.011280487804878048 0.017857142857142856
0 0.02103658536585366 0.515422077922078 0.019817073170731708 0.026785714285714284
0 0.37347560975609756 0.2739448051948052 0.00975609756097561 0.012175324675324676
0 0.6295731707317073 0.052353896103896104 0.01402439024390244 0.020698051948051948
0 0.35792682926829267 0.9025974025974026 0.0125 0.01461038961038961
0 0.8457317073170731 0.45211038961038963 0.012804878048780487 0.018262987012987012
0 0.43597560975609756 0.33482142857142855 0.012195121951219513 0.012581168831168832
0 0.058231707317073174 0.08400974025974026 0.00975609756097561 0.012581168831168832
0 0.49634146341463414 0.5604707792207793 0.013109756097560975 0.017857142857142856
0 0.16737804878048781 0.5706168831168831 0.013109756097560975 0.017045454545454544
1 0.06554878048780488 0.2974837662337662 0.00853658536585366 0.00974025974025974
