0 0.5405487804878049 0.2804383116883117 0.013109756097560975 0.01948051948051948
0 0.5411585365853658 0.3871753246753247 0.011280487804878048 0.013392857142857142
0 0.42378048780487804 0.3092532467532468 0.016463414634146342 0.01948051948051948
0 0.7966463414634146 0.44886363636363635 0.013719512195121951 0.017045454545454544
0 0.11310975609756098 0.5499188311688312 0.014329268292682927 0.015827922077922076
0 0.12164634146341463 0.7455357142857143 0.010060975609756098 0.015422077922077922
0 0.474390243902439 0.8035714285714286 0.01768292682926829 0.020292207792207792
0 0.7414634146341463 0.8453733766233766 0.013109756097560975 0.017045454545454544
1 0.25396341463414634 0.12621753246753248 0.011280487804878048 0.013392857142857142
1 0.1076219512195122 0.09577922077922078 0.013719512195121951 0.017045454545454544
1 0.6201219512195122 0.7374188311688312 0.011585365853658536 0.016233766233766232
1 0.09481707317073171 0.7122564935064936 0.014634146341463415 0.020292207792207792
1 0.10304878048780487 0.5742694805194806 0.010060975609756098 0.012581168831168832
1 0.613109756097561 0.2390422077922078 0.012195121951219513 0.0174512987012987
1 0.4530487804878049 0.8084415584415584 0.012804878048780487 0.020292207792207792
1 0.21158536585365853 0.5576298701298701 0.01097560975609756 0.016233766233766232
1 0.4548780487804878 0.7077922077922078 0.009451219512195122 0.00974025974025974
1 0.12103658536585366 0.5284090909090909 0.012804878048780487 0.013798701298701298
1 0.07865853658536585 0.3116883116883117 0.01097560975609756 0.013392857142857142
1 0.10304878048780487 0.827922077922078 0.01097560975609756 0.015422077922077922
1 0.760060975609756 0.5771103896103896 0.017378048780487806 0.02150974025974026
1 0.5682926829268292 0.36038961038961037 0.0125 0.020292207792207792
1 0.7939024390243903 0.6655844155844156 0.022865853658536585 0.02719155844155844
1 0.8115853658536586 0.45170454545454547 0.01798780487804878 0.024350649350649352
1 0.9289634146341463 0.9630681818181818 0.00975609756097561 0.015827922077922076
1 0.8353658536585366 0.9991883116883117 0.01920731707317073 0.022321428571428572
1 0.7942073170731707 0.35795454545454547 0.011585365853658536 0.019074675324675324
1 0.8036585365853659 0.041396103896103896 0.011890243902439025 0.015827922077922076
1 0.8146341463414634 0.9655032467532467 0.016463414634146342 0.021915584415584416
1 0.6222560975609757 0.04667207792207792 0.00975609756097561 0.011363636363636364
1 0.5789634146341464 0.8023538961038961 0.013109756097560975 0.021103896103896104
1 0.5713414634146341 0.9630681818181818 0.012195121951219513 0.019074675324675324
1 0.2527439024390244 0.7767857142857143 0.0125 0.01948051948051948
1 0.551829268292683 0.21144480519480519 0.011280487804878048 0.015422077922077922
1 0.0375 0.939935064935065 0.01524390243902439 0.02353896103896104
1 0.7524390243902439 0.6891233766233766 0.00853658536585366 0.008928571428571428
1 0.6996951219512195 0.4594155844155844 0.009146341463414634 0.010146103896103896
1 0.510060975609756 0.9650974025974026 0.013719512195121951 0.021915584415584416
1 0.41798780487804876 0.8137175324675324 0.014939024390243902 0.02150974025974026
1 0.09420731707317073 0.7426948051948052 0.008231707317073171 0.006899350649350649
1 0.8984756097560975 0.7256493506493507 0.013719512195121951 0.018668831168831168
1 0.6097560975609756 0.021915584415584416 0.014939024390243902 0.016233766233766232
1 0.07835365853658537 0.37905844155844154 0.0125 0.013798701298701298
1 0.5542682926829269 0.4695616883116883 0.008841463414634146 0.010957792207792208
1 0.7807926829268292 0.3145292207792208 0.012804878048780487 0.0174512987012987
1 0.35365853658536583 0.4030032467532468 0.011585365853658536 0.015827922077922076
1 0.47347560975609754 0.46915584415584416 0.010365853658536586 0.010957792207792208
1 0.8234756097560976 0.3315746753246753 0.015548780487804878 0.022321428571428572
1 0.7655487804878048 0.05113636363636364 0.01097560975609756 0.017045454545454544
1 0.3042682926829268 0.05438311688311688 0.013414634146341463 0.018262987012987012
1 0.40426829268292686 0.12053571428571429 0.010365853658536586 0.016233766233766232
1 0.7667682926829268 0.7045454545454546 0.00975609756097561 0.015016233766233766
1 0.8792682926829268 0.9935064935064936 0.013414634146341463 0.017045454545454544
1 0.5271341463414634 0.650974025974026 0.00975609756097561 0.010957792207792208
1 0.2603658536585366 0.833198051948052 0.014634146341463415 0.017857142857142856
1 0.6643292682926829 0.9724025974025974 0.008841463414634146 0.010957792207792208
1 0.9329268292682927 0.6030844155844156 0.012195121951219513 0.01461038961038961
1 0.711890243902439 0.2601461038961039 0.011890243902439025 0.012987012987012988
1 0.6 0.6018668831168831 0.012195121951219513 0.015422077922077922
1 0.6070121951219513 0.8599837662337663 0.014634146341463415 0.016639610389610388
1 0.5600609756097561 0.8782467532467533 0.01402439024390244 0.016639610389610388
1 0.08932926829268292 0.9549512987012987 0.014329268292682927 0.015016233766233766
1 0.12073170731707317 0.6619318181818182 0.011890243902439025 0.017857142857142856
1 0.9640243902439024 0.08522727272727272 0.01097560975609756 0.015827922077922076
1 0.5707317073170731 0.10998376623376624 0.009451219512195122 0.012175324675324676
1 0.6060975609756097 0.9951298701298701 0.014329268292682927 0.0174512987012987
