0 0.8670731707317073 0.38636363636363635 0.014634146341463415 0.020292207792207792
0 0.725609756097561 0.9253246753246753 0.011280487804878048 0.015827922077922076
0 0.8695121951219512 0.10227272727272728 0.007926829268292683 0.008928571428571428
0 0.9676829268292683 0.6875 0.012804878048780487 0.015422077922077922
0 0.2198170731707317 0.2934253246753247 0.011280487804878048 0.018262987012987012
0 0.6185975609756098 0.4050324675324675 0.015548780487804878 0.019074675324675324
0 0.4274390243902439 0.8417207792207793 0.01402439024390244 0.019886363636363636
0 0.7530487804878049 0.3327922077922078 0.0125 0.019886363636363636
0 0.40182926829268295 0.5109577922077922 0.011585365853658536 0.018668831168831168
0 0.6481707317073171 0.6416396103896104 0.01097560975609756 0.011363636363636364
0 0.17134146341463416 0.21753246753246752 0.00975609756097561 0.015016233766233766
0 0.3795731707317073 0.349025974025974 0.01097560975609756 0.010957792207792208
0 0.6027439024390244 0.8133116883116883 0.012804878048780487 0.015422077922077922
0 0.49054878048780487 0.9918831168831169 0.00853658536585366 0.013798701298701298
0 0.8161585365853659 0.1793831168831169 0.01402439024390244 0.018262987012987012
0 0.36341463414634145 0.8145292207792207 0.01798780487804878 0.021103896103896104
0 0.33201219512195124 0.96875 0.019817073170731708 0.028814935064935064
0 0.5 0.205762987012987 0.014634146341463415 0.021915584415584416
0 0.11402439024390244 0.15543831168831168 0.014634146341463415 0.022321428571428572
0 0.9875 0.3112824675324675 0.010670731707317074 0.012581168831168832
0 0.713719512195122 0.7991071428571429 0.011585365853658536 0.012987012987012988
0 0.8591463414634146 0.612012987012987 0.009451219512195122 0.016233766233766232
0 0.5158536585365854 0.8867694805194806 0.01524390243902439 0.017857142857142856
0 0.4219512195121951 0.04626623376623377 0.011890243902439025 0.017857142857142856
0 0.03201219512195122 0.3599837662337662 0.012195121951219513 0.01948051948051948
0 0.38871951219512196 0.09577922077922078 0.010670731707317074 0.014204545454545454
0 0.6826219512195122 0.5373376623376623 0.010670731707317074 0.015016233766233766
0 0.9768292682926829 0.8125 0.016463414634146342 0.020292207792207792
0 0.4146341463414634 0.11160714285714286 0.012804878048780487 0.012987012987012988
0 0.31676829268292683 0.045048701298701296 0.008841463414634146 0.007711038961038961
0 0.4192073170731707 0.2288961038961039 0.011890243902439025 0.014204545454545454
0 0.5375 0.4878246753246753 0.0125 0.013798701298701298
0 0.19390243902439025 0.2869318181818182 0.013414634146341463 0.02150974025974026
0 0.08323170731707318 0.674512987012987 0.015853658536585366 0.019886363636363636
0 0.8564024390243903 0.9253246753246753 0.014939024390243902 0.022321428571428572
0 0.6996951219512195 0.1416396103896104 0.01097560975609756 0.012175324675324676
0 0.873780487804878 0.6396103896103896 0.00975609756097561 0.016233766233766232
0 0.9426829268292682 0.26542207792207795 0.012195121951219513 0.012175324675324676
0 0.8109756097560976 0.6112012987012987 0.011280487804878048 0.0174512987012987
0 0.5945121951219512 0.20738636363636365 0.010365853658536586 0.014204545454545454
0 0.6204268292682927 0.5917207792207793 0.011585365853658536 0.015422077922077922
0 0.5170731707317073 0.583198051948052 0.010060975609756098 0.00974025974025974
0 0.6893292682926829 0.2418831168831169 0.013719512195121951 0.015016233766233766
0 0.7003048780487805 0.8534902597402597 0.01920731707317073 0.022727272727272728
0 0.6844512195121951 0.9013798701298701 0.013414634146341463 0.021103896103896104
0 0.1469512195121951 0.4330357142857143 0.013414634146341463 0.02150974025974026
0 0.34146341463414637 0.411525974025974 0.018597560975609755 0.021103896103896104
0 0.6545731707317073 0.11404220779220779 0.010365853658536586 0.013798701298701298
0 0.5134146341463415 0.3814935064935065 0.01097560975609756 0.012581168831168832
0 0.6893292682926829 0.7885551948051948 0.008231707317073171 0.006899350649350649
1 0.9716463414634147 0.2715097402597403 0.013109756097560975 0.01461038961038961
1 0.8054878048780488 0.38636363636363635 0.011280487804878048 0.015422077922077922
1 0.873780487804878 0.8494318181818182 0.01402439024390244 0.01461038961038961
1 0.8905487804878048 0.19602272727272727 0.010365853658536586 0.010957792207792208
1 0.09298780487804878 0.42207792207792205 0.009146341463414634 0.009334415584415584
1 0.23170731707317074 0.708198051948052 0.010670731707317074 0.010957792207792208
1 0.32134146341463415 0.6055194805194806 0.015548780487804878 0.021103896103896104
1 0.825 0.056412337662337664 0.01097560975609756 0.016233766233766232
1 0.16402439024390245 0.7244318181818182 0.013414634146341463 0.02150974025974026
1 0.05396341463414634 0.5028409090909091 0.013414634146341463 0.019074675324675324
1 0.6 0.3770292207792208 0.01676829268292683 0.018262987012987012
1 0.10792682926829268 0.6367694805194806 0.010670731707317074 0.015422077922077922
1 0.9170731707317074 0.8973214285714286 0.009451219512195122 0.015422077922077922
1 0.2871951219512195 0.15381493506493507 0.012195121951219513 0.0174512987012987
1 0.7853658536585366 0.5620941558441559 0.010670731707317074 0.016639610389610388
1 0.7051829268292683 0.46387987012987014 0.012804878048780487 0.012987012987012988
1 0.08658536585365853 0.635551948051948 0.018292682926829267 0.02556818181818182
1 0.47591463414634144 0.9995941558441559 0.012195121951219513 0.012175324675324676
1 0.424390243902439 0.32832792207792205 0.0125 0.012581168831168832
1 0.5859756097560975 0.29667207792207795 0.010060975609756098 0.010957792207792208
1 0.7905487804878049 0.07426948051948051 0.008231707317073171 0.012987012987012988
1 0.47317073170731705 0.43262987012987014 0.0125 0.016233766233766232
1 0.5801829268292683 0.21306818181818182 0.015853658536585366 0.017857142857142856
1 0.38170731707317074 0.4257305194805195 0.013414634146341463 0.013798701298701298
1 0.8890243902439025 0.07589285714285714 0.013719512195121951 0.019886363636363636
1 0.1445121951219512 0.13555194805194806 0.008231707317073171 0.012581168831168832
1 0.47835365853658535 0.24797077922077923 0.011585365853658536 0.01176948051948052
1 0.7429878048780488 0.7106331168831169 0.010670731707317074 0.012987012987012988
1 0.6341463414634146 0.10267857142857142 0.013109756097560975 0.018262987012987012
1 0.2786585365853659 0.7118506493506493 0.011280487804878048 0.017857142857142856
1 0.5685975609756098 0.1680194805194805 0.013414634146341463 0.015422077922077922
1 0.3466463414634146 0.7114448051948052 0.01097560975609756 0.012581168831168832
1 0.09908536585365854 0.7094155844155844 0.0125 0.012581168831168832
1 0.5862804878048781 0.336038961038961 0.013719512195121951 0.015827922077922076
1 0.43079268292682926 0.9825487012987013 0.00975609756097561 0.01176948051948052
1 0.6423780487804878 0.3218344155844156 0.020426829268292684 0.024756493506493508
1 0.7835365853658537 0.9448051948051948 0.010060975609756098 0.015016233766233766
1 0.7228658536585366 0.39366883116883117 0.011280487804878048 0.01176948051948052
1 0.11615853658536586 0.791801948051948 0.011280487804878048 0.012987012987012988
1 0.10396341463414634 0.3867694805194805 0.0125 0.013798701298701298
1 0.3649390243902439 0.895698051948052 0.012195121951219513 0.015016233766233766
1 0.15670731707317073 0.6351461038961039 0.012195121951219513 0.016639610389610388
1 0.04603658536585366 0.07832792207792208 0.011280487804878048 0.015422077922077922
1 0.7932926829268293 0.737012987012987 0.0125 0.017857142857142856
1 0.8161585365853659 0.6943993506493507 0.01097560975609756 0.016639610389610388
1 0.7685975609756097 0.18425324675324675 0.010060975609756098 0.016233766233766232
1 0.2734756097560976 0.4926948051948052 0.013109756097560975 0.013798701298701298
1 0.400609756097561 0.9553571428571429 0.012195121951219513 0.018262987012987012
1 0.9594512195121951 0.5974025974025974 0.008231707317073171 0.007711038961038961
1 0.8524390243902439 0.7248376623376623 0.011890243902439025 0.016639610389610388
1 0.9975609756097561 0.7487824675324676 0.016158536585365854 0.021915584415584416
1 0.2646341463414634 0.9813311688311688 0.011890243902439025 0.013392857142857142
1 0.901829268292683 0.17694805194805194 0.01402439024390244 0.020292207792207792
1 0.7978658536585366 0.07021103896103896 0.00853658536585366 0.011363636363636364
1 0.14298780487804877 0.32142857142857145 0.011585365853658536 0.013798701298701298
1 0.25640243902439025 0.6680194805194806 0.012195121951219513 0.012987012987012988
1 0.5137195121951219 0.5397727272727273 0.0125 0.0174512987012987
1 0.31676829268292683 0.1331168831168831 0.0125 0.01948051948051948
1 0.7524390243902439 0.0588474025974026 0.015548780487804878 0.019074675324675324
1 0.24786585365853658 0.28165584415584416 0.011585365853658536 0.016639610389610388
1 0.22652439024390245 0.044237012987012984 0.013719512195121951 0.014204545454545454
1 0.8164634146341463 0.775974025974026 0.016158536585365854 0.022321428571428572
1 0.3426829268292683 0.864448051948052 0.013719512195121951 0.015016233766233766
1 0.12012195121951219 0.4780844155844156 0.00853658536585366 0.013798701298701298
1 0.17347560975609755 0.9508928571428571 0.012195121951219513 0.015827922077922076
1 0.35 0.9744318181818182 0.01524390243902439 0.018262987012987012
1 0.2710365853658537 0.599025974025974 0.011280487804878048 0.016639610389610388
1 0.40487804878048783 0.5284090909090909 0.011585365853658536 0.012175324675324676
1 0.2734756097560976 0.060876623376623376 0.011890243902439025 0.017857142857142856
1 0.08109756097560976 0.18506493506493507 0.01676829268292683 0.020292207792207792
1 0.9384146341463414 0.6907467532467533 0.009146341463414634 0.015827922077922076
1 0.25670731707317074 0.5377435064935064 0.010365853658536586 0.016233766233766232
1 0.1652439024390244 0.828327922077922 0.00975609756097561 0.015016233766233766
1 0.6865853658536586 0.5113636363636364 0.011585365853658536 0.016639610389610388
1 0.04847560975609756 0.8912337662337663 0.00975609756097561 0.012175324675324676
1 0.9908536585365854 0.38311688311688313 0.015853658536585366 0.020698051948051948
1 0.2045731707317073 0.3445616883116883 0.011890243902439025 0.015016233766233766
