0 0.9143292682926829 0.18547077922077923 0.012195121951219513 0.015827922077922076
0 0.7570121951219512 0.08035714285714286 0.018292682926829267 0.02353896103896104
0 0.7344512195121952 0.755275974025974 0.010365853658536586 0.013798701298701298
0 0.8969512195121951 0.25040584415584416 0.013414634146341463 0.019074675324675324
0 0.07256097560975609 0.6814123376623377 0.012804878048780487 0.015827922077922076
0 0.9189024390243903 0.6314935064935064 0.0125 0.013798701298701298
1 0.18628048780487805 0.6107954545454546 0.010365853658536586 0.015016233766233766
1 0.35274390243902437 0.8551136363636364 0.014634146341463415 0.0174512987012987
1 0.6673780487804878 0.7012987012987013 0.012195121951219513 0.015827922077922076
1 0.7173780487804878 0.1911525974025974 0.010365853658536586 0.015016233766233766
1 0.5862804878048781 0.6655844155844156 0.011280487804878048 0.011363636363636364
1 0.23231707317073172 0.5551948051948052 0.011890243902439025 0.01461038961038961
1 0.9448170731707317 0.908685064935065 0.014634146341463415 0.018262987012987012
1 0.5972560975609756 0.9366883116883117 0.013109756097560975 0.0174512987012987
1 0.01676829268292683 0.24512987012987014 0.01097560975609756 0.0174512987012987
1 0.25121951219512195 0.33685064935064934 0.00975609756097561 0.015827922077922076
1 0.4929878048780488 0.18344155844155843 0.012804878048780487 0.015827922077922076
1 0.25091463414634146 0.014204545454545454 0.01097560975609756 0.013392857142857142
1 0.031402439024390244 0.12378246753246754 0.014634146341463415 0.019886363636363636
1 0.4658536585365854 0.2252435064935065 0.01097560975609756 0.01176948051948052
1 0.36341463414634145 0.846185064935065 0.011890243902439025 0.0174512987012987
