0 0.4198170731707317 0.19805194805194806 0.014939024390243902 0.019886363636363636
0 0.5801829268292683 0.3068181818181818 0.020121951219512196 0.026785714285714284
0 0.21676829268292683 0.2934253246753247 0.016158536585365854 0.020698051948051948
0 0.021341463414634148 0.9131493506493507 0.009451219512195122 0.00974025974025974
0 0.04054878048780488 0.03449675324675325 0.010060975609756098 0.016639610389610388
0 0.05426829268292683 0.7698863636363636 0.011585365853658536 0.014204545454545454
0 0.2030487804878049 0.9094967532467533 0.011890243902439025 0.01461038961038961
0 0.5972560975609756 0.015422077922077922 0.010060975609756098 0.015016233766233766
0 0.936890243902439 0.7479707792207793 0.008231707317073171 0.012987012987012988
0 0.06737804878048781 0.1875 0.010670731707317074 0.012987012987012988
0 0.014939024390243902 0.987012987012987 0.011280487804878048 0.018668831168831168
0 0.36341463414634145 0.052353896103896104 0.016158536585365854 0.01948051948051948
0 0.3524390243902439 0.2593344155844156 0.013109756097560975 0.019886363636363636
0 0.4740853658536585 0.8112824675324676 0.013719512195121951 0.016639610389610388
0 0.5701219512195121 0.8068181818181818 0.013719512195121951 0.017045454545454544
1 0.8539634146341464 0.4732142857142857 0.010670731707317074 0.017857142857142856
1 0.6701219512195122 0.12621753246753248 0.013719512195121951 0.01948051948051948
1 0.024390243902439025 0.685064935064935 0.010670731707317074 0.012581168831168832
1 0.5554878048780488 0.8137175324675324 0.012804878048780487 0.015016233766233766
1 0.5649390243902439 0.5523538961038961 0.010670731707317074 0.015827922077922076
1 0.7655487804878048 0.9935064935064936 0.014329268292682927 0.017857142857142856
1 0.85 0.8916396103896104 0.011585365853658536 0.012175324675324676
1 0.43323170731707317 0.25243506493506496 0.009146341463414634 0.010146103896103896
1 0.8091463414634147 0.9780844155844156 0.009146341463414634 0.012987012987012988
1 0.13902439024390245 0.9094967532467533 0.011890243902439025 0.018668831168831168
1 0.05030487804878049 0.23214285714285715 0.013719512195121951 0.02150974025974026
1 0.20548780487804877 0.4346590909090909 0.009146341463414634 0.00974025974025974
1 0.6439024390243903 0.7893668831168831 0.014329268292682927 0.015016233766233766
1 0.8567073170731707 0.8169642857142857 0.013109756097560975 0.015827922077922076
1 0.5094512195121951 0.23133116883116883 0.01097560975609756 0.017045454545454544
1 0.2545731707317073 0.21875 0.012195121951219513 0.016233766233766232
1 0.1100609756097561 0.5503246753246753 0.009146341463414634 0.014204545454545454
1 0.5600609756097561 0.9119318181818182 0.00853658536585366 0.007305194805194805
1 0.44878048780487806 0.6594967532467533 0.013109756097560975 0.021103896103896104
1 0.7692073170731707 0.6209415584415584 0.016158536585365854 0.020292207792207792
1 0.824390243902439 0.21996753246753248 0.014634146341463415 0.019886363636363636
1 0.1573170731707317 0.7698863636363636 0.012804878048780487 0.018668831168831168
1 0.12225609756097561 0.4107142857142857 0.011585365853658536 0.016639610389610388
1 0.09054878048780488 0.17897727272727273 0.011890243902439025 0.014204545454545454
1 0.21585365853658536 0.40625 0.020121951219512196 0.022727272727272728
1 0.7603658536585366 0.752435064935065 0.00853658536585366 0.014204545454545454
1 0.1152439024390244 0.9512987012987013 0.01097560975609756 0.012987012987012988
1 0.9060975609756098 0.2674512987012987 0.014329268292682927 0.018262987012987012
1 0.8826219512195121 0.12012987012987013 0.01097560975609756 0.015827922077922076
1 0.9945121951219512 0.3859577922077922 0.018597560975609755 0.024756493506493508
1 0.44878048780487806 0.586038961038961 0.011585365853658536 0.011363636363636364
1 0.2917682926829268 0.4411525974025974 0.008841463414634146 0.013798701298701298
1 0.08231707317073171 0.03449675324675325 0.013719512195121951 0.015016233766233766
1 0.9774390243902439 0.2934253246753247 0.01768292682926829 0.026379870129870128
1 0.9695121951219512 0.1599025974025974 0.011280487804878048 0.012581168831168832
1 0.3073170731707317 0.6262175324675324 0.012804878048780487 0.013798701298701298
1 0.12957317073170732 0.1075487012987013 0.012804878048780487 0.012987012987012988
1 0.2228658536585366 0.11647727272727272 0.01097560975609756 0.012987012987012988
1 0.5274390243902439 0.6558441558441559 0.01097560975609756 0.013392857142857142
1 0.9841463414634146 0.6960227272727273 0.013719512195121951 0.016639610389610388
1 0.5103658536585366 0.35430194805194803 0.00975609756097561 0.015827922077922076
1 0.1375 0.609577922077922 0.011585365853658536 0.011363636363636364
1 0.08810975609756097 0.4784902597402597 0.013414634146341463 0.021103896103896104
1 0.04390243902439024 0.12702922077922077 0.013719512195121951 0.0174512987012987
1 0.4457317073170732 0.7751623376623377 0.01402439024390244 0.01461038961038961
1 0.9503048780487805 0.6866883116883117 0.009146341463414634 0.014204545454545454
1 0.30640243902439024 0.09537337662337662 0.014329268292682927 0.02150974025974026
1 0.2728658536585366 0.10064935064935066 0.013719512195121951 0.018262987012987012
1 0.613109756097561 0.16314935064935066 0.013719512195121951 0.019074675324675324
1 0.8908536585365854 0.8125 0.013109756097560975 0.013392857142857142
1 0.5594512195121951 0.9237012987012987 0.011890243902439025 0.019074675324675324
1 0.2045731707317073 0.9748376623376623 0.012195121951219513 0.017857142857142856
1 0.3780487804878049 0.7881493506493507 0.010365853658536586 0.017045454545454544
1 0.43628048780487805 0.7556818181818182 0.007926829268292683 0.009334415584415584
1 0.8094512195121951 0.9046266233766234 0.008841463414634146 0.011363636363636364
1 0.6658536585365854 0.9825487012987013 0.01798780487804878 0.02719155844155844
1 0.20121951219512196 0.984577922077922 0.009451219512195122 0.01461038961038961
1 0.7557926829268292 0.6737012987012987 0.00975609756097561 0.012987012987012988
1 0.9009146341463414 0.2905844155844156 0.011585365853658536 0.012581168831168832
1 0.5271341463414634 0.4496753246753247 0.014939024390243902 0.017857142857142856
1 0.07774390243902439 0.6521915584415584 0.013109756097560975 0.015827922077922076
1 0.7588414634146341 0.8867694805194806 0.014939024390243902 0.017857142857142856
1 0.28262195121951217 0.40584415584415584 0.012804878048780487 0.019886363636363636
1 0.3524390243902439 0.38920454545454547 0.013109756097560975 0.018262987012987012
1 0.3024390243902439 0.9683441558441559 0.015548780487804878 0.019074675324675324
1 0.5679878048780488 0.35714285714285715 0.013719512195121951 0.019886363636363636
1 0.3801829268292683 0.5742694805194806 0.010670731707317074 0.015016233766233766
1 0.738719512195122 0.9155844155844156 0.008841463414634146 0.007711038961038961
1 0.1628048780487805 0.5426136363636364 0.014939024390243902 0.021915584415584416
1 0.8314024390243903 0.24878246753246752 0.012804878048780487 0.018262987012987012
1 0.9698170731707317 0.2398538961038961 0.011890243902439025 0.014204545454545454
1 0.5899390243902439 0.11931818181818182 0.013414634146341463 0.015016233766233766
1 0.17408536585365852 0.3352272727272727 0.013414634146341463 0.015016233766233766
1 0.1 0.2077922077922078 0.011585365853658536 0.013798701298701298
1 0.5280487804878049 0.6907467532467533 0.0125 0.016233766233766232
1 0.8865853658536585 0.2483766233766234 0.015548780487804878 0.023944805194805196
1 0.9033536585365853 0.5641233766233766 0.012804878048780487 0.015827922077922076
1 0.3 0.32711038961038963 0.013109756097560975 0.013798701298701298
