0 0.36829268292682926 0.731737012987013 0.011890243902439025 0.014204545454545454
0 0.9948170731707318 0.2877435064935065 0.0125 0.019074675324675324
0 0.9048780487804878 0.09902597402597403 0.01097560975609756 0.012175324675324676
0 0.8402439024390244 0.6777597402597403 0.014634146341463415 0.0174512987012987
0 0.23597560975609755 0.8425324675324676 0.009146341463414634 0.01176948051948052
0 0.8527439024390244 0.8336038961038961 0.015853658536585366 0.02150974025974026
0 0.7594512195121951 0.6461038961038961 0.015853658536585366 0.024350649350649352
0 0.6896341463414634 0.7747564935064936 0.013719512195121951 0.019886363636363636
0 0.7402439024390244 0.7272727272727273 0.014329268292682927 0.017045454545454544
0 0.8155487804878049 0.6156655844155844 0.010060975609756098 0.015422077922077922
0 0.8948170731707317 0.4679383116883117 0.010365853658536586 0.012987012987012988
0 0.04908536585365854 0.42857142857142855 0.013109756097560975 0.01461038961038961
0 0.5152439024390244 0.7171266233766234 0.012195121951219513 0.016639610389610388
0 0.33689024390243905 0.29180194805194803 0.011280487804878048 0.012581168831168832
0 0.10091463414634147 0.6651785714285714 0.009451219512195122 0.010551948051948052
0 0.3545731707317073 0.9476461038961039 0.012195121951219513 0.012987012987012988
0 0.8271341463414634 0.7698863636363636 0.01707317073170732 0.018668831168831168
0 0.5969512195121951 0.5178571428571429 0.02103658536585366 0.030438311688311688
0 0.9195121951219513 0.823051948051948 0.014634146341463415 0.022321428571428572
0 0.614329268292683 0.7978896103896104 0.01097560975609756 0.01176948051948052
0 0.6240853658536586 0.12215909090909091 0.009146341463414634 0.015827922077922076
1 0.7314024390243903 0.4622564935064935 0.014634146341463415 0.018668831168831168
1 0.43567073170731707 0.6830357142857143 0.009451219512195122 0.01461038961038961
1 0.45670731707317075 0.07305194805194805 0.010060975609756098 0.016639610389610388
1 0.5533536585365854 0.557224025974026 0.015548780487804878 0.017857142857142856
1 0.34542682926829266 0.8319805194805194 0.011280487804878048 0.01461038961038961
1 0.2917682926829268 0.8993506493506493 0.013109756097560975 0.017045454545454544
1 0.9051829268292683 0.1700487012987013 0.011585365853658536 0.019074675324675324
1 0.43597560975609756 0.32832792207792205 0.011280487804878048 0.016639610389610388
1 0.06615853658536586 0.903814935064935 0.010670731707317074 0.012987012987012988
1 0.788109756097561 0.5669642857142857 0.01920731707317073 0.026785714285714284
1 0.10274390243902438 0.966314935064935 0.015548780487804878 0.0174512987012987
1 0.7396341463414634 0.5474837662337663 0.010060975609756098 0.012581168831168832
1 0.10213414634146341 0.8782467532467533 0.012195121951219513 0.019886363636363636
1 0.573780487804878 0.7248376623376623 0.01097560975609756 0.017857142857142856
1 0.5567073170731708 0.27069805194805197 0.010670731707317074 0.012175324675324676
1 0.9207317073170732 0.8632305194805194 0.010365853658536586 0.012581168831168832
1 0.9780487804878049 0.22118506493506493 0.0125 0.013392857142857142
1 0.5121951219512195 0.8762175324675324 0.012804878048780487 0.017857142857142856
1 0.08780487804878048 0.4017857142857143 0.012804878048780487 0.019074675324675324
1 0.5484756097560975 0.3664772727272727 0.013109756097560975 0.017857142857142856
1 0.6628048780487805 0.17207792207792208 0.012195121951219513 0.01461038961038961
1 0.2448170731707317 0.7946428571428571 0.012804878048780487 0.020698051948051948
1 0.2579268292682927 0.5681818181818182 0.013414634146341463 0.021103896103896104
1 0.22621951219512196 0.5482954545454546 0.01768292682926829 0.01948051948051948
1 0.5472560975609756 0.32061688311688313 0.010365853658536586 0.015827922077922076
1 0.7789634146341463 0.6103896103896104 0.014329268292682927 0.018668831168831168
1 0.8783536585365853 0.32508116883116883 0.007621951219512195 0.012581168831168832
1 0.9945121951219512 0.20454545454545456 0.011585365853658536 0.018262987012987012
1 0.10823170731707317 0.5767045454545454 0.00975609756097561 0.01461038961038961
1 0.5030487804878049 0.0929383116883117 0.013109756097560975 0.018668831168831168
1 0.20884146341463414 0.38189935064935066 0.010060975609756098 0.015422077922077922
1 0.1496951219512195 0.9748376623376623 0.009451219512195122 0.010146103896103896
1 0.43628048780487805 0.9553571428571429 0.009146341463414634 0.013798701298701298
1 0.9170731707317074 0.794237012987013 0.010365853658536586 0.010551948051948052
1 0.23810975609756097 0.9180194805194806 0.011585365853658536 0.018668831168831168
1 0.2301829268292683 0.8681006493506493 0.0125 0.018668831168831168
1 0.6170731707317073 0.8271103896103896 0.011890243902439025 0.012581168831168832
1 0.5384146341463415 0.7885551948051948 0.011890243902439025 0.01176948051948052
1 0.8746951219512196 0.35267857142857145 0.013109756097560975 0.015016233766233766
1 0.6826219512195122 0.037743506493506496 0.012804878048780487 0.020292207792207792
1 0.6033536585365854 0.5616883116883117 0.013109756097560975 0.016233766233766232
1 0.0951219512195122 0.16680194805194806 0.0125 0.012987012987012988
1 0.6908536585365853 0.47483766233766234 0.01097560975609756 0.017045454545454544
1 0.37682926829268293 0.3125 0.011890243902439025 0.016639610389610388
1 0.32865853658536587 0.3474025974025974 0.00975609756097561 0.013392857142857142
1 0.26097560975609757 0.474025974025974 0.012804878048780487 0.014204545454545454
1 0.6460365853658536 0.17694805194805194 0.013719512195121951 0.01948051948051948
1 0.6902439024390243 0.5491071428571429 0.010365853658536586 0.012581168831168832
1 0.5609756097560976 0.24675324675324675 0.012804878048780487 0.019886363636363636
1 0.020731707317073172 0.030844155844155844 0.010365853658536586 0.012987012987012988
1 0.03414634146341464 0.7982954545454546 0.012804878048780487 0.012987012987012988
1 0.6292682926829268 0.786525974025974 0.014329268292682927 0.019074675324675324
1 0.43109756097560975 0.724025974025974 0.012804878048780487 0.01461038961038961
1 0.23079268292682928 0.6570616883116883 0.011585365853658536 0.0174512987012987
1 0.424390243902439 0.28125 0.014329268292682927 0.017045454545454544
1 0.21951219512195122 0.7150974025974026 0.013719512195121951 0.021915584415584416
1 0.8435975609756098 0.5434253246753247 0.008231707317073171 0.012987012987012988
1 0.9798780487804878 0.09212662337662338 0.010060975609756098 0.013798701298701298
1 0.5667682926829268 0.586038961038961 0.0125 0.019886363636363636
1 0.8426829268292683 0.39285714285714285 0.011585365853658536 0.017857142857142856
1 0.041158536585365856 0.9326298701298701 0.015853658536585366 0.019886363636363636
1 0.9621951219512195 0.4890422077922078 0.012195121951219513 0.01948051948051948
1 0.375609756097561 0.6160714285714286 0.01097560975609756 0.013798701298701298
1 0.5990853658536586 0.19480519480519481 0.014634146341463415 0.015422077922077922
1 0.9963414634146341 0.961038961038961 0.011280487804878048 0.013798701298701298
1 0.4027439024390244 0.9338474025974026 0.009451219512195122 0.010146103896103896
1 0.4826219512195122 0.3900162337662338 0.011585365853658536 0.012175324675324676
1 0.6850609756097561 0.739448051948052 0.011890243902439025 0.012987012987012988
1 0.7115853658536585 0.48863636363636365 0.010060975609756098 0.011363636363636364
1 0.9079268292682927 0.3806818181818182 0.018597560975609755 0.023133116883116884
1 0.8496951219512195 0.27637987012987014 0.010670731707317074 0.013798701298701298
1 0.28780487804878047 0.24269480519480519 0.010670731707317074 0.016233766233766232
1 0.536280487804878 0.36444805194805197 0.010060975609756098 0.017045454545454544
1 0.5515243902439024 0.8120941558441559 0.011280487804878048 0.01461038961038961
1 0.5161585365853658 0.19358766233766234 0.0125 0.016233766233766232
1 0.1826219512195122 0.5722402597402597 0.010365853658536586 0.016233766233766232
1 0.22591463414634147 0.4971590909090909 0.011280487804878048 0.011363636363636364
1 0.5890243902439024 0.12053571428571429 0.01097560975609756 0.018262987012987012
1 0.015853658536585366 0.2877435064935065 0.009146341463414634 0.011363636363636364
1 0.7082317073170732 0.4135551948051948 0.011280487804878048 0.017045454545454544
1 0.5271341463414634 0.6858766233766234 0.01097560975609756 0.01461038961038961
1 0.7554878048780488 0.762987012987013 0.009451219512195122 0.011363636363636364
1 0.3804878048780488 0.13433441558441558 0.014939024390243902 0.017857142857142856
1 0.2914634146341463 0.20373376623376624 0.01402439024390244 0.021915584415584416
1 0.3003048780487805 0.7869318181818182 0.011585365853658536 0.011363636363636364
1 0.9695121951219512 0.5604707792207793 0.009451219512195122 0.010957792207792208
1 0.4478658536585366 0.1838474025974026 0.01768292682926829 0.02556818181818182
1 0.6746951219512195 0.961038961038961 0.013109756097560975 0.017857142857142856
1 0.09390243902439024 0.5848214285714286 0.015548780487804878 0.016639610389610388
1 0.9685975609756098 0.6631493506493507 0.01524390243902439 0.019074675324675324
1 0.4652439024390244 0.7540584415584416 0.010365853658536586 0.00974025974025974
1 0.16737804878048781 0.6765422077922078 0.011280487804878048 0.012175324675324676
1 0.3954268292682927 0.5016233766233766 0.012195121951219513 0.01948051948051948
1 0.9384146341463414 0.14650974025974026 0.009146341463414634 0.008116883116883116
1 0.21707317073170732 0.9001623376623377 0.011890243902439025 0.015827922077922076
1 0.43628048780487805 0.96875 0.012804878048780487 0.012987012987012988
1 0.6185975609756098 0.6866883116883117 0.009451219512195122 0.013392857142857142
1 0.9414634146341463 0.4310064935064935 0.00975609756097561 0.012581168831168832
1 0.6789634146341463 0.9204545454545454 0.01402439024390244 0.016639610389610388
