0 0.6725609756097561 0.6282467532467533 0.012804878048780487 0.014204545454545454
0 0.774390243902439 0.515827922077922 0.010670731707317074 0.016233766233766232
0 0.44390243902439025 0.8729707792207793 0.02103658536585366 0.03125
0 0.901219512195122 0.4943181818181818 0.0125 0.01948051948051948
0 0.9603658536585366 0.570211038961039 0.013109756097560975 0.015827922077922076
0 0.2890243902439024 0.7244318181818182 0.013719512195121951 0.014204545454545454
0 0.9121951219512195 0.8782467532467533 0.014329268292682927 0.018668831168831168
0 0.9557926829268293 0.3474025974025974 0.009451219512195122 0.010146103896103896
0 0.8256097560975609 0.6477272727272727 0.011280487804878048 0.012987012987012988
0 0.6829268292682927 0.494724025974026 0.012195121951219513 0.017857142857142856
0 0.5740853658536585 0.18181818181818182 0.011585365853658536 0.01461038961038961
0 0.9076219512195122 0.34212662337662336 0.011890243902439025 0.012987012987012988
0 0.43871951219512195 0.5247564935064936 0.016463414634146342 0.025162337662337664
1 0.41341463414634144 0.8340097402597403 0.015548780487804878 0.022727272727272728
1 0.6780487804878049 0.31290584415584416 0.01798780487804878 0.025162337662337664
1 0.22957317073170733 0.31290584415584416 0.008841463414634146 0.010146103896103896
1 0.41859756097560974 0.724025974025974 0.01402439024390244 0.016233766233766232
1 0.9454268292682927 0.18262987012987014 0.011280487804878048 0.018262987012987012
1 0.43658536585365854 0.48944805194805197 0.00853658536585366 0.010146103896103896
1 0.2658536585365854 0.3685064935064935 0.013109756097560975 0.017045454545454544
1 0.4920731707317073 0.8092532467532467 0.012804878048780487 0.015016233766233766
1 0.660670731707317 0.49310064935064934 0.01402439024390244 0.019074675324675324
1 0.6625 0.32832792207792205 0.01402439024390244 0.021915584415584416
1 0.5009146341463414 0.895698051948052 0.011280487804878048 0.012987012987012988
1 0.17164634146341465 0.12743506493506493 0.020121951219512196 0.024350649350649352
1 0.06554878048780488 0.15097402597402598 0.00975609756097561 0.010551948051948052
1 0.2698170731707317 0.544237012987013 0.014634146341463415 0.020698051948051948
1 0.18201219512195121 0.18425324675324675 0.012804878048780487 0.016233766233766232
1 0.8152439024390243 0.2739448051948052 0.013414634146341463 0.013798701298701298
1 0.501219512195122 0.6948051948051948 0.01402439024390244 0.015422077922077922
1 0.6265243902439024 0.36160714285714285 0.01097560975609756 0.01176948051948052
1 0.4719512195121951 0.8271103896103896 0.010670731707317074 0.015016233766233766
1 0.400609756097561 0.04626623376623377 0.01524390243902439 0.020698051948051948
1 0.948780487804878 0.8214285714285714 0.013109756097560975 0.018262987012987012
1 0.043292682926829265 0.26704545454545453 0.01097560975609756 0.017857142857142856
1 0.589329268292683 0.21956168831168832 0.011585365853658536 0.014204545454545454
1 0.1722560975609756 0.46875 0.009451219512195122 0.016233766233766232
1 0.3573170731707317 0.7832792207792207 0.011585365853658536 0.019074675324675324
