0 0.7359756097560975 0.939935064935065 0.016463414634146342 0.020292207792207792
0 0.5969512195121951 0.39732142857142855 0.012195121951219513 0.017045454545454544
0 0.6875 0.9622564935064936 0.010060975609756098 0.015422077922077922
0 0.9405487804878049 0.9196428571428571 0.009451219512195122 0.009334415584415584
0 0.7185975609756098 0.6282467532467533 0.013719512195121951 0.018668831168831168
0 0.45426829268292684 0.890827922077922 0.010365853658536586 0.012175324675324676
0 0.3929878048780488 0.9196428571428571 0.010060975609756098 0.011363636363636364
0 0.09725609756097561 0.18222402597402598 0.014329268292682927 0.020698051948051948
0 0.9207317073170732 0.8518668831168831 0.014939024390243902 0.02150974025974026
0 0.6798780487804879 0.1663961038961039 0.010060975609756098 0.013392857142857142
0 0.9557926829268293 0.5527597402597403 0.012804878048780487 0.015422077922077922
0 0.7426829268292683 0.5880681818181818 0.008841463414634146 0.01461038961038961
0 0.27134146341463417 0.2041396103896104 0.013109756097560975 0.020292207792207792
0 0.5871951219512195 0.11972402597402597 0.011585365853658536 0.013392857142857142
0 0.06646341463414634 0.9127435064935064 0.010365853658536586 0.013798701298701298
0 0.31676829268292683 0.5292207792207793 0.011890243902439025 0.012175324675324676
0 0.7451219512195122 0.5109577922077922 0.01798780487804878 0.025974025974025976
0 0.7112804878048781 0.8616071428571429 0.018292682926829267 0.024756493506493508
0 0.5076219512195121 0.5377435064935064 0.013414634146341463 0.020698051948051948
0 0.6146341463414634 0.992288961038961 0.010365853658536586 0.015016233766233766
0 0.16097560975609757 0.23498376623376624 0.017378048780487806 0.021915584415584416
0 0.6106707317073171 0.5012175324675324 0.00853658536585366 0.014204545454545454
0 0.3935975609756098 0.048701298701298704 0.015853658536585366 0.021915584415584416
0 0.7289634146341464 0.14569805194805194 0.013719512195121951 0.01948051948051948
0 0.48353658536585364 0.4760551948051948 0.00853658536585366 0.009334415584415584
0 0.5875 0.44886363636363635 0.015853658536585366 0.022727272727272728
0 0.6161585365853659 0.893262987012987 0.013109756097560975 0.0174512987012987
0 0.19359756097560976 0.8741883116883117 0.015853658536585366 0.019074675324675324
0 0.9137195121951219 0.8887987012987013 0.012195121951219513 0.013392857142857142
0 0.8182926829268292 0.04748376623376623 0.010365853658536586 0.012987012987012988
0 0.4899390243902439 0.8900162337662337 0.015548780487804878 0.018262987012987012
0 0.3426829268292683 0.7516233766233766 0.012804878048780487 0.018262987012987012
0 0.21676829268292683 0.4281655844155844 0.01097560975609756 0.011363636363636364
0 0.8954268292682926 0.49594155844155846 0.010670731707317074 0.015827922077922076
0 0.5076219512195121 0.6018668831168831 0.013719512195121951 0.014204545454545454
0 0.6039634146341464 0.07670454545454546 0.012804878048780487 0.013392857142857142
0 0.48902439024390243 0.4362824675324675 0.01402439024390244 0.0174512987012987
0 0.6384146341463415 0.1590909090909091 0.014634146341463415 0.02150974025974026
0 0.024085365853658537 0.7731331168831169 0.009451219512195122 0.008928571428571428
0 0.41615853658536583 0.3161525974025974 0.0125 0.015827922077922076
0 0.37621951219512195 0.2333603896103896 0.012804878048780487 0.020292207792207792
0 0.8948170731707317 0.47280844155844154 0.012804878048780487 0.020292207792207792
0 0.45670731707317075 0.6599025974025974 0.011585365853658536 0.016639610389610388
0 0.5646341463414634 0.1680194805194805 0.00853658536585366 0.010957792207792208
0 0.02378048780487805 0.5978084415584416 0.012195121951219513 0.016639610389610388
0 0.6786585365853659 0.8656655844155844 0.010060975609756098 0.01176948051948052
0 0.42896341463414633 0.40665584415584416 0.010365853658536586 0.010551948051948052
0 0.9094512195121951 0.48579545454545453 0.00975609756097561 0.009334415584415584
0 0.28810975609756095 0.14204545454545456 0.014329268292682927 0.015827922077922076
0 0.651829268292683 0.09172077922077922 0.011280487804878048 0.014204545454545454
0 0.7097560975609756 0.18222402597402598 0.016158536585365854 0.024756493506493508
0 0.5292682926829269 0.10064935064935066 0.010670731707317074 0.012987012987012988
0 0.838109756097561 0.48538961038961037 0.012804878048780487 0.016639610389610388
0 0.3722560975609756 0.1416396103896104 0.01524390243902439 0.022727272727272728
0 0.8902439024390244 0.9655032467532467 0.015548780487804878 0.018668831168831168
0 0.2073170731707317 0.4496753246753247 0.01524390243902439 0.01948051948051948
0 0.823780487804878 0.2767857142857143 0.011890243902439025 0.012581168831168832
0 0.7307926829268293 0.44237012987012986 0.013719512195121951 0.018262987012987012
0 0.4451219512195122 0.9151785714285714 0.013719512195121951 0.015827922077922076
0 0.32347560975609757 0.6424512987012987 0.017378048780487806 0.021103896103896104
0 0.20548780487804877 0.8027597402597403 0.010060975609756098 0.016639610389610388
0 0.9060975609756098 0.7236201298701299 0.014939024390243902 0.018668831168831168
0 0.16737804878048781 0.6574675324675324 0.010670731707317074 0.012581168831168832
0 0.17378048780487804 0.27232142857142855 0.01402439024390244 0.019074675324675324
0 0.4801829268292683 0.08116883116883117 0.014634146341463415 0.019074675324675324
0 0.32865853658536587 0.13636363636363635 0.014329268292682927 0.019074675324675324
0 0.875 0.18709415584415584 0.013719512195121951 0.016639610389610388
0 0.5024390243902439 0.2747564935064935 0.013719512195121951 0.01948051948051948
1 0.6890243902439024 0.23863636363636365 0.010670731707317074 0.01176948051948052
1 0.04451219512195122 0.07670454545454546 0.014939024390243902 0.023133116883116884
1 0.8625 0.9598214285714286 0.01707317073170732 0.023133116883116884
1 0.4198170731707317 0.9500811688311688 0.009451219512195122 0.015422077922077922
1 0.09664634146341464 0.42288961038961037 0.013719512195121951 0.017045454545454544
1 0.0701219512195122 0.8039772727272727 0.010670731707317074 0.0174512987012987
1 0.7253048780487805 0.11688311688311688 0.014329268292682927 0.018668831168831168
1 0.4091463414634146 0.8088474025974026 0.015548780487804878 0.02353896103896104
1 0.7332317073170732 0.6002435064935064 0.010670731707317074 0.010957792207792208
1 0.7978658536585366 0.3218344155844156 0.01920731707317073 0.028814935064935064
1 0.388109756097561 0.41964285714285715 0.01097560975609756 0.014204545454545454
1 0.021341463414634148 0.8189935064935064 0.011280487804878048 0.015422077922077922
1 0.6698170731707317 0.26136363636363635 0.011585365853658536 0.01176948051948052
1 0.822560975609756 0.4070616883116883 0.014939024390243902 0.015827922077922076
1 0.6393292682926829 0.4906655844155844 0.010060975609756098 0.013798701298701298
1 0.588109756097561 0.060064935064935064 0.018292682926829267 0.02556818181818182
1 0.9628048780487805 0.8875811688311688 0.011280487804878048 0.015422077922077922
1 0.9176829268292683 0.1984577922077922 0.010670731707317074 0.017857142857142856
1 0.5554878048780488 0.18060064935064934 0.015853658536585366 0.023133116883116884
1 0.9832317073170732 0.6814123376623377 0.010365853658536586 0.016233766233766232
1 0.37378048780487805 0.36891233766233766 0.01402439024390244 0.019886363636363636
1 0.7689024390243903 0.825487012987013 0.011585365853658536 0.015016233766233766
1 0.3570121951219512 0.48863636363636365 0.014939024390243902 0.021103896103896104
1 0.5347560975609756 0.8035714285714286 0.01676829268292683 0.023133116883116884
1 0.7152439024390244 0.2463474025974026 0.010365853658536586 0.013798701298701298
1 0.9856707317073171 0.31858766233766234 0.010365853658536586 0.01461038961038961
1 0.973170731707317 0.731737012987013 0.011585365853658536 0.015422077922077922
1 0.4740853658536585 0.797077922077922 0.012804878048780487 0.01461038961038961
1 0.8256097560975609 0.8498376623376623 0.013109756097560975 0.019886363636363636
1 0.825 0.8271103896103896 0.00975609756097561 0.013798701298701298
1 0.43353658536585366 0.6444805194805194 0.020121951219512196 0.029626623376623376
1 0.65 0.676948051948052 0.01402439024390244 0.015827922077922076
1 0.03384146341463415 0.6554383116883117 0.010365853658536586 0.016233766233766232
1 0.09420731707317073 0.0945616883116883 0.014329268292682927 0.020698051948051948
1 0.760060975609756 0.3717532467532468 0.015853658536585366 0.024350649350649352
1 0.8198170731707317 0.4383116883116883 0.015853658536585366 0.017045454545454544
1 0.11798780487804877 0.8713474025974026 0.010365853658536586 0.00974025974025974
1 0.0625 0.760551948051948 0.012804878048780487 0.019074675324675324
1 0.5158536585365854 0.15706168831168832 0.01097560975609756 0.012987012987012988
1 0.7524390243902439 0.5876623376623377 0.012195121951219513 0.014204545454545454
1 0.9826219512195122 0.7877435064935064 0.011890243902439025 0.012175324675324676
1 0.8289634146341464 0.5101461038961039 0.012195121951219513 0.017857142857142856
1 0.4875 0.9261363636363636 0.013414634146341463 0.020698051948051948
