0 0.13993902439024392 0.08035714285714286 0.012195121951219513 0.012987012987012988
0 0.9597560975609756 0.23133116883116883 0.011280487804878048 0.018668831168831168
0 0.988109756097561 0.28368506493506496 0.01097560975609756 0.015422077922077922
0 0.13445121951219513 0.16152597402597402 0.014939024390243902 0.02150974025974026
0 0.4823170731707317 0.2471590909090909 0.013414634146341463 0.021103896103896104
0 0.14146341463414633 0.9050324675324676 0.014939024390243902 0.02150974025974026
0 0.9524390243902439 0.8011363636363636 0.008231707317073171 0.013798701298701298
0 0.8829268292682927 0.6461038961038961 0.013414634146341463 0.017857142857142856
0 0.589329268292683 0.7548701298701299 0.016158536585365854 0.018668831168831168
0 0.3445121951219512 0.400974025974026 0.00975609756097561 0.012175324675324676
0 0.6899390243902439 0.5430194805194806 0.018902439024390243 0.022321428571428572
0 0.4923780487804878 0.630275974025974 0.013109756097560975 0.020698051948051948
0 0.8344512195121951 0.036525974025974024 0.012195121951219513 0.016233766233766232
0 0.35121951219512193 0.07589285714285714 0.014939024390243902 0.02150974025974026
0 0.21402439024390243 0.6704545454545454 0.013414634146341463 0.019886363636363636
0 0.6051829268292683 0.9147727272727273 0.012804878048780487 0.020292207792207792
0 0.6487804878048781 0.06737012987012987 0.011585365853658536 0.011363636363636364
0 0.7088414634146342 0.5535714285714286 0.01524390243902439 0.016639610389610388
0 0.6304878048780488 0.7767857142857143 0.01951219512195122 0.022321428571428572
0 0.09817073170731708 0.47037337662337664 0.014634146341463415 0.019074675324675324
0 0.2685975609756098 0.4119318181818182 0.014329268292682927 0.019074675324675324
0 0.47530487804878047 0.5186688311688312 0.009451219512195122 0.015016233766233766
0 0.30609756097560975 0.4163961038961039 0.016463414634146342 0.018262987012987012
0 0.7280487804878049 0.42410714285714285 0.013414634146341463 0.017857142857142856
0 0.27926829268292686 0.07873376623376624 0.013719512195121951 0.019886363636363636
0 0.4396341463414634 0.5397727272727273 0.010670731707317074 0.017045454545454544
0 0.8460365853658537 0.5734577922077922 0.013109756097560975 0.01948051948051948
0 0.8192073170731707 0.5170454545454546 0.01524390243902439 0.019886363636363636
0 0.08414634146341464 0.4147727272727273 0.013414634146341463 0.014204545454545454
0 0.1823170731707317 0.705762987012987 0.012804878048780487 0.014204545454545454
0 0.9417682926829268 0.29829545454545453 0.012804878048780487 0.017857142857142856
0 0.23658536585365852 0.7670454545454546 0.013414634146341463 0.020292207792207792
0 0.12957317073170732 0.429788961038961 0.01524390243902439 0.023944805194805196
0 0.2939024390243902 0.32954545454545453 0.011890243902439025 0.016233766233766232
0 0.11310975609756098 0.6834415584415584 0.011280487804878048 0.012987012987012988
0 0.7036585365853658 0.8482142857142857 0.01097560975609756 0.016233766233766232
0 0.44085365853658537 0.06777597402597403 0.010670731707317074 0.010551948051948052
0 0.8512195121951219 0.3319805194805195 0.010670731707317074 0.010146103896103896
0 0.5707317073170731 0.7086038961038961 0.013719512195121951 0.018668831168831168
0 0.1649390243902439 0.3051948051948052 0.013414634146341463 0.018668831168831168
0 0.4143292682926829 0.6107954545454546 0.010060975609756098 0.015016233766233766
0 0.5676829268292682 0.14853896103896103 0.011585365853658536 0.013798701298701298
0 0.9600609756097561 0.3721590909090909 0.011890243902439025 0.017045454545454544
0 0.572560975609756 0.7857142857142857 0.011585365853658536 0.013798701298701298
0 0.536890243902439 0.9517045454545454 0.010365853658536586 0.014204545454545454
0 0.899390243902439 0.9537337662337663 0.011585365853658536 0.012175324675324676
0 0.5701219512195121 0.7349837662337663 0.015853658536585366 0.024350649350649352
0 0.8926829268292683 0.2930194805194805 0.01097560975609756 0.014204545454545454
0 0.6948170731707317 0.45616883116883117 0.020426829268292684 0.02719155844155844
0 0.7015243902439025 0.7893668831168831 0.013414634146341463 0.0174512987012987
0 0.0774390243902439 0.6489448051948052 0.012195121951219513 0.017045454545454544
0 0.08109756097560976 0.7268668831168831 0.00975609756097561 0.012581168831168832
0 0.6679878048780488 0.040584415584415584 0.01798780487804878 0.020292207792207792
0 0.999390243902439 0.7950487012987013 0.0125 0.012987012987012988
0 0.38597560975609757 0.666801948051948 0.01097560975609756 0.01461038961038961
1 0.7722560975609756 0.3612012987012987 0.015548780487804878 0.016639610389610388
1 0.5121951219512195 0.34131493506493504 0.01097560975609756 0.014204545454545454
1 0.5326219512195122 0.22362012987012986 0.015853658536585366 0.021915584415584416
1 0.4228658536585366 0.6757305194805194 0.011280487804878048 0.016639610389610388
1 0.7469512195121951 0.08685064935064934 0.018597560975609755 0.023133116883116884
1 0.5088414634146341 0.6136363636363636 0.01402439024390244 0.020292207792207792
1 0.16463414634146342 0.40787337662337664 0.014329268292682927 0.016233766233766232
1 0.6942073170731707 0.47483766233766234 0.013109756097560975 0.014204545454545454
1 0.988719512195122 0.40584415584415584 0.009146341463414634 0.015827922077922076
1 0.7344512195121952 0.7885551948051948 0.014634146341463415 0.019074675324675324
1 0.049695121951219515 0.15827922077922077 0.013414634146341463 0.017857142857142856
1 0.5280487804878049 0.34131493506493504 0.01097560975609756 0.014204545454545454
1 0.6996951219512195 0.8977272727272727 0.01707317073170732 0.026379870129870128
1 0.5560975609756098 0.4155844155844156 0.01524390243902439 0.023133116883116884
1 0.9097560975609756 0.41883116883116883 0.015548780487804878 0.02150974025974026
1 0.4067073170731707 0.33766233766233766 0.018597560975609755 0.025162337662337664
1 0.8478658536585366 0.8758116883116883 0.0125 0.01948051948051948
1 0.9472560975609756 0.5653409090909091 0.013414634146341463 0.016639610389610388
1 0.05609756097560976 0.09172077922077922 0.013414634146341463 0.016639610389610388
1 0.286890243902439 0.512987012987013 0.015548780487804878 0.023944805194805196
1 0.22073170731707317 0.3758116883116883 0.009451219512195122 0.015016233766233766
1 0.35853658536585364 0.325487012987013 0.010670731707317074 0.015827922077922076
1 0.3899390243902439 0.13636363636363635 0.013414634146341463 0.021103896103896104
1 0.28810975609756095 0.9549512987012987 0.012195121951219513 0.018262987012987012
1 0.8021341463414634 0.5170454545454546 0.01798780487804878 0.024756493506493508
1 0.801219512195122 0.8214285714285714 0.00975609756097561 0.010957792207792208
1 0.8121951219512196 0.1728896103896104 0.013414634146341463 0.018668831168831168
1 0.8286585365853658 0.2804383116883117 0.013414634146341463 0.017045454545454544
1 0.3155487804878049 0.3275162337662338 0.01097560975609756 0.0174512987012987
1 0.7588414634146341 0.6059253246753247 0.013109756097560975 0.020292207792207792
1 0.9792682926829268 0.5568181818181818 0.00975609756097561 0.015422077922077922
1 0.8710365853658537 0.8465909090909091 0.009146341463414634 0.01461038961038961
1 0.2222560975609756 0.4752435064935065 0.012804878048780487 0.015016233766233766
1 0.5210365853658536 0.17329545454545456 0.010060975609756098 0.015827922077922076
1 0.7027439024390244 0.10836038961038962 0.00975609756097561 0.012987012987012988
1 0.47103658536585363 0.268262987012987 0.010365853658536586 0.013392857142857142
1 0.020426829268292684 0.4094967532467532 0.010060975609756098 0.010146103896103896
1 0.18292682926829268 0.49837662337662336 0.0125 0.015827922077922076
1 0.5414634146341464 0.7138798701298701 0.012195121951219513 0.012987012987012988
1 0.9774390243902439 0.3344155844155844 0.01402439024390244 0.020292207792207792
1 0.9259146341463415 0.5637175324675324 0.012804878048780487 0.013798701298701298
1 0.2701219512195122 0.2086038961038961 0.01676829268292683 0.02556818181818182
1 0.8878048780487805 0.5665584415584416 0.012804878048780487 0.019074675324675324
1 0.6222560975609757 0.19724025974025974 0.012804878048780487 0.014204545454545454
