0 0.6332317073170731 0.9143668831168831 0.018902439024390243 0.02150974025974026
0 0.75 0.9825487012987013 0.013109756097560975 0.013392857142857142
0 0.9204268292682927 0.382711038961039 0.011890243902439025 0.014204545454545454
0 0.5777439024390244 0.31412337662337664 0.01524390243902439 0.02353896103896104
0 0.8780487804878049 0.04707792207792208 0.010060975609756098 0.015827922077922076
0 0.8896341463414634 0.020292207792207792 0.0125 0.015016233766233766
0 0.16920731707317074 0.9306006493506493 0.010670731707317074 0.0174512987012987
0 0.1225609756097561 0.8717532467532467 0.012195121951219513 0.0174512987012987
0 0.46737804878048783 0.18181818181818182 0.009146341463414634 0.013798701298701298
0 0.8942073170731707 0.5036525974025974 0.012195121951219513 0.016639610389610388
0 0.9533536585365854 0.6870941558441559 0.010060975609756098 0.016233766233766232
0 0.5143292682926829 0.7609577922077922 0.011585365853658536 0.018262987012987012
0 0.3719512195121951 0.22321428571428573 0.01768292682926829 0.022321428571428572
0 0.2655487804878049 0.0625 0.013109756097560975 0.01461038961038961
0 0.3542682926829268 0.9208603896103896 0.01097560975609756 0.012987012987012988
0 0.8454268292682927 0.5998376623376623 0.009146341463414634 0.015422077922077922
0 0.5289634146341463 0.34983766233766234 0.010670731707317074 0.013798701298701298
0 0.42103658536585364 0.6513798701298701 0.01402439024390244 0.022321428571428572
0 0.3960365853658537 0.7617694805194806 0.011890243902439025 0.01948051948051948
0 0.9326219512195122 0.7171266233766234 0.010365853658536586 0.012987012987012988
0 0.12073170731707317 0.041396103896103896 0.012195121951219513 0.019074675324675324
0 0.4768292682926829 0.5588474025974026 0.010060975609756098 0.00974025974025974
0 0.8594512195121952 0.48295454545454547 0.011585365853658536 0.016639610389610388
0 0.08384146341463415 0.48011363636363635 0.010365853658536586 0.017045454545454544
0 0.3801829268292683 0.7219967532467533 0.012195121951219513 0.015422077922077922
0 0.06859756097560976 0.4549512987012987 0.011890243902439025 0.014204545454545454
0 0.7015243902439025 0.11566558441558442 0.010670731707317074 0.015422077922077922
0 0.14115853658536584 0.3587662337662338 0.014329268292682927 0.017045454545454544
0 0.5875 0.3319805194805195 0.010365853658536586 0.014204545454545454
0 0.7085365853658536 0.3112824675324675 0.01097560975609756 0.01176948051948052
0 0.45426829268292684 0.5227272727272727 0.016158536585365854 0.022321428571428572
0 0.11798780487804877 0.7325487012987013 0.014634146341463415 0.023133116883116884
0 0.660670731707317 0.5823863636363636 0.0125 0.020292207792207792
0 0.9777439024390244 0.903814935064935 0.01402439024390244 0.022321428571428572
0 0.8015243902439024 0.8912337662337663 0.010670731707317074 0.011363636363636364
0 0.7649390243902439 0.08563311688311688 0.010060975609756098 0.01176948051948052
0 0.6658536585365854 0.22321428571428573 0.008841463414634146 0.015422077922077922
0 0.6652439024390244 0.1939935064935065 0.013414634146341463 0.01948051948051948
0 0.7283536585365854 0.0689935064935065 0.014329268292682927 0.0174512987012987
0 0.749390243902439 0.044642857142857144 0.01524390243902439 0.016233766233766232
0 0.5929878048780488 0.528814935064935 0.013414634146341463 0.017045454545454544
0 0.19969512195121952 0.528814935064935 0.012804878048780487 0.016233766233766232
0 0.5948170731707317 0.5673701298701299 0.013719512195121951 0.017045454545454544
0 0.16341463414634147 0.4383116883116883 0.013719512195121951 0.014204545454545454
0 0.6414634146341464 0.4281655844155844 0.015853658536585366 0.017045454545454544
0 0.6036585365853658 0.3806818181818182 0.0125 0.017857142857142856
0 0.20670731707317072 0.12987012987012986 0.011280487804878048 0.010957792207792208
0 0.4189024390243902 0.8806818181818182 0.012195121951219513 0.012175324675324676
0 0.436890243902439 0.35267857142857145 0.011280487804878048 0.018262987012987012
0 0.021646341463414633 0.5430194805194806 0.011280487804878048 0.01461038961038961
0 0.13048780487804879 0.07224025974025974 0.01402439024390244 0.018262987012987012
0 0.6231707317073171 0.6387987012987013 0.012804878048780487 0.015422077922077922
0 0.9929878048780488 0.8948863636363636 0.016158536585365854 0.022727272727272728
0 0.4277439024390244 0.4724025974025974 0.010365853658536586 0.010957792207792208
0 0.5692073170731707 0.09943181818181818 0.010365853658536586 0.012175324675324676
0 0.2329268292682927 0.23214285714285715 0.010060975609756098 0.016233766233766232
0 0.37896341463414634 0.10836038961038962 0.014329268292682927 0.015422077922077922
0 0.8399390243902439 0.8409090909090909 0.013109756097560975 0.017045454545454544
0 0.49390243902439024 0.666801948051948 0.0125 0.01948051948051948
0 0.9865853658536585 0.9715909090909091 0.010365853658536586 0.013798701298701298
0 0.9161585365853658 0.7686688311688312 0.01097560975609756 0.016233766233766232
0 0.5204268292682926 0.609577922077922 0.013719512195121951 0.019886363636363636
0 0.44664634146341464 0.2122564935064935 0.015853658536585366 0.018262987012987012
0 0.04908536585365854 0.8486201298701299 0.013109756097560975 0.020292207792207792
0 0.6033536585365854 0.019886363636363636 0.01097560975609756 0.013798701298701298
0 0.95 0.3039772727272727 0.0125 0.016233766233766232
0 0.9673780487804878 0.262987012987013 0.018902439024390243 0.022321428571428572
0 0.4423780487804878 0.14488636363636365 0.01402439024390244 0.019074675324675324
0 0.7396341463414634 0.6461038961038961 0.01402439024390244 0.0174512987012987
0 0.9527439024390244 0.8445616883116883 0.014634146341463415 0.01948051948051948
0 0.017378048780487806 0.22767857142857142 0.012195121951219513 0.01461038961038961
0 0.625 0.6221590909090909 0.014329268292682927 0.016639610389610388
0 0.7246951219512195 0.7844967532467533 0.017378048780487806 0.022727272727272728
0 0.08048780487804878 0.6400162337662337 0.013719512195121951 0.020292207792207792
0 0.7609756097560976 0.5803571428571429 0.011585365853658536 0.015827922077922076
1 0.7051829268292683 0.5328733766233766 0.011585365853658536 0.017857142857142856
1 0.501219512195122 0.7508116883116883 0.010060975609756098 0.013392857142857142
1 0.8073170731707318 0.8206168831168831 0.012804878048780487 0.020698051948051948
1 0.2347560975609756 0.30357142857142855 0.00975609756097561 0.013798701298701298
1 0.4371951219512195 0.9074675324675324 0.011280487804878048 0.017045454545454544
1 0.28536585365853656 0.7650162337662337 0.010670731707317074 0.016639610389610388
1 0.9304878048780488 0.44439935064935066 0.013719512195121951 0.015827922077922076
1 0.4795731707317073 0.32954545454545453 0.00975609756097561 0.013798701298701298
1 0.21829268292682927 0.7808441558441559 0.013719512195121951 0.020292207792207792
1 0.7448170731707318 0.4719967532467532 0.012195121951219513 0.017857142857142856
1 0.8073170731707318 0.9586038961038961 0.007317073170731708 0.010146103896103896
1 0.9079268292682927 0.5892857142857143 0.01097560975609756 0.017857142857142856
1 0.4454268292682927 0.8027597402597403 0.00975609756097561 0.016233766233766232
1 0.7545731707317073 0.40665584415584416 0.011890243902439025 0.012175324675324676
1 0.6304878048780488 0.8794642857142857 0.0125 0.017857142857142856
1 0.45975609756097563 0.7796266233766234 0.013719512195121951 0.01461038961038961
1 0.9079268292682927 0.7353896103896104 0.010060975609756098 0.010551948051948052
1 0.4579268292682927 0.39813311688311687 0.013414634146341463 0.013798701298701298
1 0.35884146341463413 0.49837662337662336 0.011890243902439025 0.018668831168831168
1 0.26890243902439026 0.9058441558441559 0.009146341463414634 0.01176948051948052
1 0.5509146341463415 0.461038961038961 0.010060975609756098 0.015016233766233766
1 0.42103658536585364 0.75 0.010670731707317074 0.012581168831168832
1 0.6439024390243903 0.9196428571428571 0.015853658536585366 0.0174512987012987
1 0.863719512195122 0.330762987012987 0.01676829268292683 0.024756493506493508
1 0.8634146341463415 0.9013798701298701 0.018292682926829267 0.026379870129870128
1 0.7554878048780488 0.380275974025974 0.010060975609756098 0.00974025974025974
1 0.5801829268292683 0.8271103896103896 0.013719512195121951 0.019074675324675324
1 0.5734756097560976 0.6525974025974026 0.014329268292682927 0.015827922077922076
1 0.6112804878048781 0.5166396103896104 0.016463414634146342 0.017857142857142856
1 0.8338414634146342 0.8754058441558441 0.013414634146341463 0.0174512987012987
1 0.6210365853658537 0.5397727272727273 0.00975609756097561 0.012175324675324676
1 0.06341463414634146 0.4630681818181818 0.010060975609756098 0.010957792207792208
1 0.5253048780487805 0.2086038961038961 0.011890243902439025 0.0174512987012987
1 0.08689024390243902 0.8587662337662337 0.012804878048780487 0.020698051948051948
1 0.8057926829268293 0.21306818181818182 0.01707317073170732 0.025162337662337664
1 0.5606707317073171 0.2950487012987013 0.011280487804878048 0.011363636363636364
1 0.22591463414634147 0.7885551948051948 0.009451219512195122 0.008928571428571428
1 0.4679878048780488 0.12459415584415584 0.0125 0.017045454545454544
1 0.7984756097560975 0.6002435064935064 0.014939024390243902 0.022727272727272728
1 0.07560975609756097 0.30560064935064934 0.0125 0.015016233766233766
1 0.6536585365853659 0.953327922077922 0.01524390243902439 0.021915584415584416
1 0.12408536585365854 0.6964285714285714 0.01402439024390244 0.01461038961038961
1 0.49359756097560975 0.994724025974026 0.010365853658536586 0.017045454545454544
1 0.5103658536585366 0.5819805194805194 0.014329268292682927 0.020698051948051948
1 0.5609756097560976 0.369724025974026 0.01097560975609756 0.015016233766233766
1 0.6853658536585366 0.5263798701298701 0.013109756097560975 0.018668831168831168
1 0.6295731707317073 0.1599025974025974 0.010365853658536586 0.00974025974025974
1 0.4585365853658537 0.8104707792207793 0.013719512195121951 0.018668831168831168
1 0.06798780487804879 0.4184253246753247 0.011585365853658536 0.017045454545454544
1 0.8603658536585366 0.7390422077922078 0.010365853658536586 0.014204545454545454
1 0.5716463414634146 0.5673701298701299 0.011890243902439025 0.015016233766233766
1 0.19451219512195123 0.31737012987012986 0.015853658536585366 0.020292207792207792
1 0.18658536585365854 0.2715097402597403 0.010060975609756098 0.010146103896103896
1 0.411890243902439 0.4237012987012987 0.011890243902439025 0.01176948051948052
1 0.24695121951219512 0.6862824675324676 0.01402439024390244 0.0174512987012987
1 0.4478658536585366 0.16599025974025974 0.013109756097560975 0.01948051948051948
1 0.2820121951219512 0.27069805194805197 0.011890243902439025 0.019074675324675324
1 0.8362804878048781 0.7386363636363636 0.010060975609756098 0.01461038961038961
1 0.6789634146341463 0.6996753246753247 0.008231707317073171 0.010957792207792208
1 0.48902439024390243 0.24147727272727273 0.012804878048780487 0.0174512987012987
1 0.5219512195121951 0.6497564935064936 0.0125 0.01461038961038961
1 0.29542682926829267 0.9054383116883117 0.01097560975609756 0.011363636363636364
1 0.6704268292682927 0.9525162337662337 0.014634146341463415 0.015827922077922076
1 0.5143292682926829 0.25892857142857145 0.010365853658536586 0.014204545454545454
1 0.5646341463414634 0.6038961038961039 0.012804878048780487 0.012987012987012988
1 0.8829268292682927 0.6757305194805194 0.0125 0.019886363636363636
1 0.6551829268292683 0.49107142857142855 0.013109756097560975 0.015016233766233766
1 0.16676829268292684 0.8315746753246753 0.013109756097560975 0.014204545454545454
1 0.16646341463414635 0.45170454545454547 0.008231707317073171 0.013392857142857142
1 0.6765243902439024 0.36607142857142855 0.0125 0.020292207792207792
1 0.45182926829268294 0.3693181818181818 0.016463414634146342 0.020698051948051948
1 0.1679878048780488 0.4200487012987013 0.011890243902439025 0.015016233766233766
1 0.6057926829268293 0.15503246753246752 0.009146341463414634 0.015422077922077922
1 0.5853658536585366 0.2012987012987013 0.01097560975609756 0.012581168831168832
1 0.6198170731707318 0.12621753246753248 0.014634146341463415 0.016639610389610388
1 0.9682926829268292 0.3713474025974026 0.013414634146341463 0.017857142857142856
1 0.6649390243902439 0.8924512987012987 0.012804878048780487 0.013798701298701298
1 0.8417682926829269 0.07751623376623376 0.010365853658536586 0.01461038961038961
1 0.686280487804878 0.33116883116883117 0.010365853658536586 0.016233766233766232
1 0.3701219512195122 0.429788961038961 0.013414634146341463 0.019074675324675324
1 0.3951219512195122 0.9204545454545454 0.012804878048780487 0.01948051948051948
1 0.19939024390243903 0.7451298701298701 0.012195121951219513 0.015422077922077922
1 0.8942073170731707 0.31087662337662336 0.012195121951219513 0.014204545454545454
1 0.7670731707317073 0.9050324675324676 0.011585365853658536 0.019074675324675324
