0 0.0871951219512195 0.8892045454545454 0.01524390243902439 0.0174512987012987
0 0.8817073170731707 0.47930194805194803 0.012195121951219513 0.012987012987012988
0 0.8496951219512195 0.3364448051948052 0.0125 0.013798701298701298
0 0.4719512195121951 0.36038961038961037 0.0125 0.020292207792207792
0 0.7884146341463415 0.356737012987013 0.014329268292682927 0.018668831168831168
0 0.42652439024390243 0.726461038961039 0.011280487804878048 0.01461038961038961
0 0.7094512195121951 0.369724025974026 0.013109756097560975 0.013392857142857142
0 0.041463414634146344 0.3859577922077922 0.010365853658536586 0.013392857142857142
0 0.8524390243902439 0.9825487012987013 0.01402439024390244 0.022321428571428572
0 0.21341463414634146 0.2288961038961039 0.010060975609756098 0.013798701298701298
0 0.4 0.8165584415584416 0.008841463414634146 0.011363636363636364
0 0.44908536585365855 0.3007305194805195 0.010670731707317074 0.016639610389610388
0 0.9326219512195122 0.5397727272727273 0.012804878048780487 0.014204545454545454
0 0.46676829268292686 0.429788961038961 0.011280487804878048 0.017857142857142856
0 0.06463414634146342 0.026785714285714284 0.010365853658536586 0.013392857142857142
0 0.5128048780487805 0.3275162337662338 0.013719512195121951 0.021103896103896104
0 0.3048780487804878 0.6907467532467533 0.014939024390243902 0.018668831168831168
0 0.060365853658536583 0.8214285714285714 0.010060975609756098 0.01461038961038961
0 0.02926829268292683 0.5888798701298701 0.01097560975609756 0.015827922077922076
0 0.8097560975609757 0.8108766233766234 0.01097560975609756 0.015016233766233766
0 0.36067073170731706 0.28530844155844154 0.013414634146341463 0.02150974025974026
0 0.2753048780487805 0.4257305194805195 0.012804878048780487 0.020292207792207792
0 0.42103658536585364 0.533685064935065 0.013719512195121951 0.016639610389610388
0 0.41067073170731705 0.19683441558441558 0.011890243902439025 0.013392857142857142
0 0.37164634146341463 0.5645292207792207 0.013414634146341463 0.015422077922077922
0 0.20426829268292682 0.6923701298701299 0.009146341463414634 0.015016233766233766
0 0.9 0.411525974025974 0.010670731707317074 0.013392857142857142
0 0.48323170731707316 0.36241883116883117 0.010365853658536586 0.012987012987012988
0 0.3725609756097561 0.7049512987012987 0.008841463414634146 0.010551948051948052
0 0.5240853658536585 0.5941558441558441 0.014634146341463415 0.015422077922077922
0 0.07164634146341463 0.07386363636363637 0.01798780487804878 0.024350649350649352
0 0.6710365853658536 0.2536525974025974 0.013109756097560975 0.018262987012987012
0 0.6850609756097561 0.8701298701298701 0.014634146341463415 0.019886363636363636
0 0.5896341463414634 0.9261363636363636 0.014634146341463415 0.020698051948051948
0 0.11371951219512196 0.12215909090909091 0.014329268292682927 0.020292207792207792
0 0.0524390243902439 0.6806006493506493 0.013109756097560975 0.021103896103896104
0 0.3259146341463415 0.2767857142857143 0.011585365853658536 0.017857142857142856
0 0.7814024390243902 0.7999188311688312 0.014329268292682927 0.016639610389610388
0 0.2807926829268293 0.7175324675324676 0.011890243902439025 0.0174512987012987
0 0.536890243902439 0.762987012987013 0.011280487804878048 0.017857142857142856
0 0.552439024390244 0.481737012987013 0.014329268292682927 0.022321428571428572
0 0.8170731707317073 0.032467532467532464 0.012195121951219513 0.0174512987012987
0 0.3823170731707317 0.45292207792207795 0.014939024390243902 0.0174512987012987
0 0.06798780487804879 0.5190746753246753 0.013109756097560975 0.019074675324675324
0 0.40487804878048783 0.21875 0.010060975609756098 0.009334415584415584
0 0.5317073170731708 0.6566558441558441 0.012195121951219513 0.019074675324675324
0 0.09695121951219512 0.23741883116883117 0.00975609756097561 0.015016233766233766
0 0.8466463414634147 0.3786525974025974 0.015548780487804878 0.02353896103896104
0 0.325609756097561 0.9375 0.01402439024390244 0.021103896103896104
0 0.6079268292682927 0.23011363636363635 0.009146341463414634 0.012987012987012988
0 0.06219512195121951 0.24797077922077923 0.009146341463414634 0.010146103896103896
0 0.2027439024390244 0.9756493506493507 0.014634146341463415 0.01948051948051948
0 0.6344512195121951 0.11891233766233766 0.013109756097560975 0.020698051948051948
0 0.6661585365853658 0.3632305194805195 0.010365853658536586 0.012175324675324676
0 0.7884146341463415 0.5515422077922078 0.01097560975609756 0.015016233766233766
0 0.6277439024390243 0.7155032467532467 0.008841463414634146 0.00974025974025974
0 0.2551829268292683 0.6680194805194806 0.011890243902439025 0.012581168831168832
0 0.3746951219512195 0.4675324675324675 0.00853658536585366 0.010957792207792208
0 0.5533536585365854 0.09983766233766234 0.01402439024390244 0.015016233766233766
0 0.16128048780487805 0.4074675324675325 0.011585365853658536 0.017045454545454544
0 0.7637195121951219 0.35511363636363635 0.010060975609756098 0.010957792207792208
0 0.26920731707317075 0.5482954545454546 0.014329268292682927 0.0174512987012987
0 0.7594512195121951 0.7410714285714286 0.01097560975609756 0.011363636363636364
0 0.9823170731707317 0.16558441558441558 0.013414634146341463 0.018262987012987012
0 0.46189024390243905 0.320211038961039 0.012195121951219513 0.015422077922077922
0 0.623780487804878 0.0698051948051948 0.013109756097560975 0.019886363636363636
0 0.37164634146341463 0.8153409090909091 0.00975609756097561 0.009334415584415584
0 0.9945121951219512 0.7276785714285714 0.010060975609756098 0.017045454545454544
0 0.864329268292683 0.9517045454545454 0.010670731707317074 0.011363636363636364
0 0.5746951219512195 0.4955357142857143 0.009146341463414634 0.008116883116883116
0 0.8213414634146341 0.30762987012987014 0.010365853658536586 0.010146103896103896
0 0.7164634146341463 0.2662337662337662 0.015853658536585366 0.021103896103896104
0 0.8692073170731708 0.645698051948052 0.01402439024390244 0.021103896103896104
0 0.15792682926829268 0.022321428571428572 0.00853658536585366 0.014204545454545454
0 0.9350609756097561 0.2325487012987013 0.014939024390243902 0.018668831168831168
0 0.15579268292682927 0.05113636363636364 0.014939024390243902 0.015827922077922076
0 0.5048780487804878 0.1241883116883117 0.013414634146341463 0.019074675324675324
1 0.19176829268292683 0.10349025974025974 0.013414634146341463 0.015827922077922076
1 0.046646341463414634 0.7633928571428571 0.010365853658536586 0.01461038961038961
1 0.35091463414634144 0.22564935064935066 0.013414634146341463 0.021103896103896104
1 0.3277439024390244 0.533685064935065 0.011890243902439025 0.018262987012987012
1 0.9835365853658536 0.369724025974026 0.010060975609756098 0.015422077922077922
1 0.524390243902439 0.5710227272727273 0.011585365853658536 0.0174512987012987
1 0.8265243902439025 0.1461038961038961 0.014939024390243902 0.01948051948051948
1 0.3021341463414634 0.45819805194805197 0.012195121951219513 0.01948051948051948
1 0.25121951219512195 0.6217532467532467 0.015548780487804878 0.020698051948051948
1 0.8314024390243903 0.12094155844155845 0.013719512195121951 0.015422077922077922
1 0.3182926829268293 0.299512987012987 0.018292682926829267 0.025974025974025976
1 0.40823170731707314 0.1002435064935065 0.012195121951219513 0.014204545454545454
1 0.4100609756097561 0.325487012987013 0.01097560975609756 0.015016233766233766
1 0.16097560975609757 0.1525974025974026 0.01524390243902439 0.017045454545454544
1 0.7503048780487804 0.9318181818181818 0.0125 0.018668831168831168
1 0.5234756097560975 0.40625 0.012195121951219513 0.015422077922077922
1 0.7411585365853659 0.14204545454545456 0.013719512195121951 0.015016233766233766
1 0.18292682926829268 0.5068993506493507 0.008841463414634146 0.01461038961038961
1 0.03231707317073171 0.044642857142857144 0.017378048780487806 0.025974025974025976
1 0.5865853658536585 0.3104707792207792 0.01097560975609756 0.010551948051948052
1 0.9484756097560976 0.14204545454545456 0.011585365853658536 0.015422077922077922
1 0.7582317073170731 0.2840909090909091 0.012804878048780487 0.013798701298701298
1 0.6567073170731708 0.7646103896103896 0.011890243902439025 0.017857142857142856
1 0.7972560975609756 0.18181818181818182 0.010060975609756098 0.010146103896103896
1 0.7542682926829268 0.3741883116883117 0.013719512195121951 0.016639610389610388
1 0.9079268292682927 0.3587662337662338 0.010365853658536586 0.012987012987012988
1 0.051524390243902436 0.9573863636363636 0.010365853658536586 0.012581168831168832
1 0.3149390243902439 0.8628246753246753 0.01097560975609756 0.018262987012987012
1 0.5335365853658537 0.03855519480519481 0.010060975609756098 0.016233766233766232
1 0.10853658536585366 0.9496753246753247 0.011890243902439025 0.017045454545454544
1 0.5271341463414634 0.9537337662337663 0.010670731707317074 0.0174512987012987
1 0.44420731707317074 0.42288961038961037 0.014634146341463415 0.020292207792207792
1 0.4771341463414634 0.5840097402597403 0.01524390243902439 0.019074675324675324
1 0.14939024390243902 0.7780032467532467 0.011280487804878048 0.013798701298701298
1 0.5103658536585366 0.026785714285714284 0.01097560975609756 0.0174512987012987
1 0.28871951219512193 0.8088474025974026 0.013109756097560975 0.015422077922077922
1 0.4298780487804878 0.7593344155844156 0.012804878048780487 0.015827922077922076
1 0.10945121951219512 0.8474025974025974 0.010365853658536586 0.010551948051948052
1 0.6454268292682926 0.21022727272727273 0.0125 0.013392857142857142
1 0.47317073170731705 0.24025974025974026 0.011890243902439025 0.017045454545454544
1 0.6939024390243902 0.08887987012987013 0.010060975609756098 0.015016233766233766
1 0.47012195121951217 0.8226461038961039 0.009146341463414634 0.013392857142857142
1 0.2097560975609756 0.9439935064935064 0.012804878048780487 0.013798701298701298
1 0.6466463414634146 0.43344155844155846 0.017378048780487806 0.025974025974025976
1 0.6274390243902439 0.676948051948052 0.00853658536585366 0.012987012987012988
1 0.725 0.9553571428571429 0.011890243902439025 0.01461038961038961
1 0.29878048780487804 0.7142857142857143 0.011585365853658536 0.016233766233766232
1 0.30579268292682926 0.1903409090909091 0.010060975609756098 0.01176948051948052
1 0.8064024390243902 0.37459415584415584 0.012804878048780487 0.015827922077922076
1 0.4246951219512195 0.20332792207792208 0.013109756097560975 0.020292207792207792
1 0.2228658536585366 0.9695616883116883 0.010670731707317074 0.013392857142857142
1 0.2375 0.8993506493506493 0.011280487804878048 0.011363636363636364
1 0.4054878048780488 0.9797077922077922 0.0125 0.016233766233766232
1 0.23871951219512194 0.3222402597402597 0.014634146341463415 0.023133116883116884
1 0.13841463414634148 0.5085227272727273 0.010365853658536586 0.010957792207792208
1 0.349390243902439 0.8575487012987013 0.011890243902439025 0.017045454545454544
