0 0.8704268292682927 0.8246753246753247 0.012804878048780487 0.019886363636363636
0 0.5347560975609756 0.6810064935064936 0.01951219512195122 0.024350649350649352
0 0.2472560975609756 0.48336038961038963 0.011890243902439025 0.015422077922077922
0 0.5850609756097561 0.536525974025974 0.012195121951219513 0.0174512987012987
0 0.4277439024390244 0.7978896103896104 0.007926829268292683 0.007711038961038961
0 0.3463414634146341 0.6412337662337663 0.013414634146341463 0.0174512987012987
0 0.8195121951219512 0.18668831168831168 0.01402439024390244 0.017857142857142856
0 0.09298780487804878 0.2573051948051948 0.012804878048780487 0.019074675324675324
0 0.6170731707317073 0.505275974025974 0.012195121951219513 0.0174512987012987
0 0.0951219512195122 0.75 0.010670731707317074 0.017045454545454544
0 0.5076219512195121 0.7556818181818182 0.009451219512195122 0.012175324675324676
0 0.6280487804878049 0.39935064935064934 0.012804878048780487 0.014204545454545454
0 0.9225609756097561 0.6956168831168831 0.01402439024390244 0.018668831168831168
0 0.31890243902439025 0.7000811688311688 0.012195121951219513 0.018262987012987012
0 0.3518292682926829 0.17816558441558442 0.011585365853658536 0.015016233766233766
0 0.19420731707317074 0.6870941558441559 0.01097560975609756 0.01176948051948052
0 0.473780487804878 0.28125 0.014634146341463415 0.02150974025974026
0 0.43384146341463414 0.03814935064935065 0.01097560975609756 0.01176948051948052
0 0.5713414634146341 0.2690746753246753 0.012804878048780487 0.01461038961038961
0 0.8246951219512195 0.9456168831168831 0.013719512195121951 0.01948051948051948
0 0.5695121951219512 0.1838474025974026 0.011280487804878048 0.012987012987012988
0 0.29573170731707316 0.5255681818181818 0.0125 0.017045454545454544
0 0.8734756097560976 0.7228084415584416 0.009451219512195122 0.00974025974025974
0 0.8518292682926829 0.03165584415584415 0.012195121951219513 0.016233766233766232
0 0.7054878048780487 0.07061688311688312 0.01524390243902439 0.019074675324675324
0 0.31646341463414634 0.40219155844155846 0.010670731707317074 0.015016233766233766
0 0.1576219512195122 0.5584415584415584 0.011280487804878048 0.015827922077922076
0 0.29359756097560974 0.3555194805194805 0.013414634146341463 0.02150974025974026
0 0.21158536585365853 0.7203733766233766 0.011585365853658536 0.013392857142857142
0 0.4429878048780488 0.6590909090909091 0.015853658536585366 0.022321428571428572
0 0.2070121951219512 0.5215097402597403 0.009451219512195122 0.010551948051948052
0 0.4323170731707317 0.18262987012987014 0.010670731707317074 0.014204545454545454
0 0.02195121951219512 0.8762175324675324 0.01676829268292683 0.022727272727272728
0 0.4268292682926829 0.8323863636363636 0.012804878048780487 0.01948051948051948
0 0.5536585365853659 0.29586038961038963 0.01402439024390244 0.016639610389610388
0 0.057926829268292686 0.6801948051948052 0.010365853658536586 0.013392857142857142
0 0.31920731707317074 0.5109577922077922 0.013719512195121951 0.015016233766233766
0 0.18628048780487805 0.10714285714285714 0.014329268292682927 0.016639610389610388
0 0.411280487804878 0.15056818181818182 0.013109756097560975 0.015016233766233766
0 0.2557926829268293 0.1396103896103896 0.010670731707317074 0.013392857142857142
0 0.9801829268292683 0.4107142857142857 0.013719512195121951 0.021103896103896104
0 0.43323170731707317 0.273538961038961 0.010365853658536586 0.013392857142857142
0 0.5003048780487804 0.974025974025974 0.014329268292682927 0.021103896103896104
0 0.6057926829268293 0.5551948051948052 0.012804878048780487 0.013392857142857142
0 0.13475609756097562 0.5616883116883117 0.020121951219512196 0.026379870129870128
0 0.16737804878048781 0.3112824675324675 0.013109756097560975 0.021103896103896104
0 0.20518292682926828 0.3039772727272727 0.012195121951219513 0.018262987012987012
0 0.5304878048780488 0.9395292207792207 0.00975609756097561 0.008928571428571428
0 0.47103658536585363 0.9955357142857143 0.011585365853658536 0.016639610389610388
0 0.7908536585365854 0.8441558441558441 0.013719512195121951 0.018262987012987012
0 0.10182926829268292 0.4849837662337662 0.0125 0.013392857142857142
0 0.8542682926829268 0.9496753246753247 0.00975609756097561 0.013392857142857142
0 0.7713414634146342 0.16558441558441558 0.01676829268292683 0.019886363636363636
0 0.411890243902439 0.7183441558441559 0.01524390243902439 0.01948051948051948
0 0.02530487804878049 0.689935064935065 0.013109756097560975 0.01948051948051948
0 0.35884146341463413 0.7950487012987013 0.01920731707317073 0.024350649350649352
0 0.6713414634146342 0.1757305194805195 0.013109756097560975 0.01461038961038961
0 0.10274390243902438 0.26704545454545453 0.012195121951219513 0.0174512987012987
0 0.09298780487804878 0.5758928571428571 0.01951219512195122 0.02922077922077922
0 0.15396341463414634 0.588474025974026 0.011890243902439025 0.014204545454545454
0 0.8911585365853658 0.945211038961039 0.012195121951219513 0.0174512987012987
0 0.41554878048780486 0.05762987012987013 0.013109756097560975 0.018262987012987012
0 0.05121951219512195 0.3344155844155844 0.011280487804878048 0.01176948051948052
0 0.9935975609756098 0.6331168831168831 0.008841463414634146 0.012175324675324676
0 0.5073170731707317 0.36038961038961037 0.009451219512195122 0.014204545454545454
0 0.07926829268292683 0.734577922077922 0.011890243902439025 0.01948051948051948
0 0.26158536585365855 0.17775974025974026 0.014939024390243902 0.022321428571428572
0 0.23902439024390243 0.6367694805194806 0.014329268292682927 0.019886363636363636
0 0.5265243902439024 0.021915584415584416 0.013719512195121951 0.017045454545454544
0 0.7753048780487805 0.7126623376623377 0.0125 0.012987012987012988
1 0.16646341463414635 0.09943181818181818 0.011890243902439025 0.014204545454545454
1 0.13079268292682927 0.9537337662337663 0.011890243902439025 0.015422077922077922
1 0.4472560975609756 0.4074675324675325 0.01097560975609756 0.015827922077922076
1 0.5451219512195122 0.7646103896103896 0.007621951219512195 0.013798701298701298
1 0.37134146341463414 0.7045454545454546 0.010365853658536586 0.014204545454545454
1 0.17164634146341465 0.056818181818181816 0.010060975609756098 0.011363636363636364
1 0.13963414634146343 0.6737012987012987 0.010670731707317074 0.010957792207792208
1 0.012804878048780487 0.7191558441558441 0.011280487804878048 0.015827922077922076
1 0.2304878048780488 0.10633116883116883 0.00975609756097561 0.015422077922077922
1 0.3856707317073171 0.7950487012987013 0.01097560975609756 0.012175324675324676
1 0.299390243902439 0.9281655844155844 0.007621951219512195 0.010957792207792208
1 0.2649390243902439 0.7593344155844156 0.009146341463414634 0.012987012987012988
1 0.4582317073170732 0.849025974025974 0.011280487804878048 0.016639610389610388
1 0.036280487804878046 0.18141233766233766 0.01524390243902439 0.018668831168831168
1 0.8911585365853658 0.2784090909090909 0.0125 0.013392857142857142
1 0.9701219512195122 0.4419642857142857 0.01768292682926829 0.024756493506493508
1 0.05945121951219512 0.22483766233766234 0.013109756097560975 0.018668831168831168
1 0.2496951219512195 0.0625 0.010670731707317074 0.016233766233766232
1 0.636280487804878 0.9403409090909091 0.00975609756097561 0.013798701298701298
1 0.5164634146341464 0.6854707792207793 0.009146341463414634 0.009334415584415584
1 0.025 0.29667207792207795 0.01097560975609756 0.010957792207792208
1 0.6649390243902439 0.7284902597402597 0.008841463414634146 0.007711038961038961
1 0.24603658536585366 0.7179383116883117 0.011585365853658536 0.015827922077922076
