0 0.07378048780487804 0.8798701298701299 0.0125 0.01948051948051948
0 0.7582317073170731 0.622564935064935 0.012804878048780487 0.020698051948051948
0 0.05975609756097561 0.6655844155844156 0.015853658536585366 0.018262987012987012
0 0.07896341463414634 0.32792207792207795 0.017378048780487806 0.021915584415584416
1 0.5789634146341464 0.6627435064935064 0.010670731707317074 0.016639610389610388
1 0.30609756097560975 0.9151785714285714 0.016158536585365854 0.020292207792207792
1 0.3625 0.6854707792207793 0.00975609756097561 0.012987012987012988
1 0.1878048780487805 0.39732142857142855 0.011890243902439025 0.016639610389610388
1 0.19176829268292683 0.24269480519480519 0.011890243902439025 0.015422077922077922
1 0.8527439024390244 0.05113636363636364 0.014634146341463415 0.017857142857142856
1 0.8469512195121951 0.8794642857142857 0.010670731707317074 0.012175324675324676
1 0.38445121951219513 0.3599837662337662 0.010365853658536586 0.00974025974025974
1 0.7408536585365854 0.7909902597402597 0.011585365853658536 0.01461038961038961
1 0.7204268292682927 0.9963474025974026 0.014634146341463415 0.017045454545454544
1 0.8713414634146341 0.8920454545454546 0.009451219512195122 0.015422077922077922
1 0.1024390243902439 0.5223214285714286 0.00853658536585366 0.012987012987012988
1 0.9658536585365853 0.29586038961038963 0.01097560975609756 0.0174512987012987
1 0.014329268292682927 0.05519480519480519 0.011890243902439025 0.012175324675324676
1 0.6024390243902439 0.1737012987012987 0.011280487804878048 0.016639610389610388
1 0.04085365853658537 0.507711038961039 0.009146341463414634 0.010551948051948052
1 0.11707317073170732 0.15056818181818182 0.015548780487804878 0.020698051948051948
1 0.14664634146341463 0.15137987012987014 0.009146341463414634 0.012581168831168832
1 0.5487804878048781 0.23579545454545456 0.015548780487804878 0.021915584415584416
1 0.9548780487804878 0.33563311688311687 0.010060975609756098 0.017045454545454544
1 0.2698170731707317 0.898538961038961 0.014634146341463415 0.019886363636363636
1 0.3628048780487805 0.7930194805194806 0.013719512195121951 0.01461038961038961
1 0.4533536585365854 0.4752435064935065 0.012195121951219513 0.01948051948051948
1 0.9356707317073171 0.9030032467532467 0.01524390243902439 0.02150974025974026
1 0.6722560975609756 0.963474025974026 0.012804878048780487 0.017857142857142856
