0 0.22134146341463415 0.801948051948052 0.011890243902439025 0.013392857142857142
0 0.9539634146341464 0.5803571428571429 0.014329268292682927 0.019886363636363636
0 0.8051829268292683 0.5503246753246753 0.010670731707317074 0.012987012987012988
0 0.686890243902439 0.3474025974025974 0.01768292682926829 0.026785714285714284
0 0.8448170731707317 0.6700487012987013 0.012195121951219513 0.013392857142857142
0 0.55 0.3851461038961039 0.0125 0.01948051948051948
0 0.019817073170731708 0.7142857142857143 0.0125 0.01948051948051948
0 0.7625 0.7483766233766234 0.01920731707317073 0.023944805194805196
0 0.4067073170731707 0.6448863636363636 0.010365853658536586 0.0174512987012987
0 0.3146341463414634 0.7516233766233766 0.012804878048780487 0.015422077922077922
0 0.486890243902439 0.17410714285714285 0.013109756097560975 0.014204545454545454
0 0.9573170731707317 0.6367694805194806 0.009451219512195122 0.015016233766233766
0 0.9579268292682926 0.804788961038961 0.013719512195121951 0.016233766233766232
0 0.33628048780487807 0.1185064935064935 0.011890243902439025 0.014204545454545454
0 0.7420731707317073 0.5 0.011280487804878048 0.018262987012987012
0 0.27652439024390246 0.7390422077922078 0.011280487804878048 0.014204545454545454
0 0.2326219512195122 0.6083603896103896 0.015853658536585366 0.021915584415584416
0 0.27439024390243905 0.19277597402597402 0.011585365853658536 0.012581168831168832
0 0.4560975609756098 0.25040584415584416 0.007926829268292683 0.008928571428571428
0 0.8841463414634146 0.45454545454545453 0.011280487804878048 0.012581168831168832
0 0.16676829268292684 0.6075487012987013 0.00975609756097561 0.015827922077922076
0 0.8073170731707318 0.2755681818181818 0.009451219512195122 0.013392857142857142
0 0.3298780487804878 0.22443181818181818 0.009451219512195122 0.012987012987012988
0 0.3567073170731707 0.6034902597402597 0.011280487804878048 0.012987012987012988
0 0.49634146341463414 0.09009740259740259 0.014634146341463415 0.021915584415584416
0 0.9969512195121951 0.6517857142857143 0.011585365853658536 0.013392857142857142
0 0.5664634146341463 0.9630681818181818 0.014634146341463415 0.018668831168831168
0 0.05945121951219512 0.3847402597402597 0.014939024390243902 0.015827922077922076
0 0.9411585365853659 0.03530844155844156 0.0125 0.015827922077922076
0 0.7088414634146342 0.8380681818181818 0.015548780487804878 0.02353896103896104
0 0.5658536585365853 0.37905844155844154 0.008231707317073171 0.008116883116883116
0 0.5582317073170732 0.5219155844155844 0.014939024390243902 0.015827922077922076
0 0.13689024390243903 0.1956168831168831 0.010365853658536586 0.010551948051948052
0 0.7935975609756097 0.6245941558441559 0.01402439024390244 0.016639610389610388
0 0.7475609756097561 0.880275974025974 0.011890243902439025 0.018262987012987012
0 0.19420731707317074 0.03936688311688312 0.014634146341463415 0.017857142857142856
0 0.823780487804878 0.9143668831168831 0.011890243902439025 0.01461038961038961
0 0.5951219512195122 0.3181818181818182 0.014634146341463415 0.018262987012987012
0 0.09268292682926829 0.6359577922077922 0.01097560975609756 0.012175324675324676
0 0.8402439024390244 0.6838474025974026 0.016158536585365854 0.020292207792207792
0 0.28597560975609754 0.9241071428571429 0.0125 0.012987012987012988
0 0.3521341463414634 0.28936688311688313 0.012804878048780487 0.017857142857142856
0 0.013719512195121951 0.7934253246753247 0.011280487804878048 0.015016233766233766
0 0.7039634146341464 0.7175324675324676 0.01524390243902439 0.019886363636363636
0 0.25884146341463415 0.06534090909090909 0.012195121951219513 0.017857142857142856
0 0.07652439024390244 0.38839285714285715 0.013414634146341463 0.015827922077922076
0 0.8073170731707318 0.5734577922077922 0.011280487804878048 0.018262987012987012
0 0.9548780487804878 0.979301948051948 0.011890243902439025 0.013392857142857142
0 0.1954268292682927 0.7999188311688312 0.01402439024390244 0.017045454545454544
0 0.28841463414634144 0.1984577922077922 0.023170731707317073 0.03125
0 0.1847560975609756 0.21144480519480519 0.01097560975609756 0.014204545454545454
0 0.17134146341463416 0.11323051948051949 0.012804878048780487 0.013392857142857142
0 0.8259146341463415 0.22362012987012986 0.011585365853658536 0.014204545454545454
0 0.04359756097560975 0.9549512987012987 0.01402439024390244 0.020698051948051948
0 0.6594512195121951 0.6209415584415584 0.011585365853658536 0.012581168831168832
0 0.31371951219512195 0.22118506493506493 0.011890243902439025 0.013798701298701298
0 0.4658536585365854 0.4862012987012987 0.014939024390243902 0.020292207792207792
0 0.174390243902439 0.23741883116883117 0.008841463414634146 0.013392857142857142
0 0.375 0.7601461038961039 0.016463414634146342 0.019886363636363636
0 0.3804878048780488 0.2885551948051948 0.012195121951219513 0.018262987012987012
0 0.6228658536585366 0.9797077922077922 0.010670731707317074 0.016233766233766232
0 0.18689024390243902 0.05397727272727273 0.0125 0.015422077922077922
0 0.015853658536585366 0.3469967532467532 0.010060975609756098 0.013798701298701298
0 0.8838414634146341 0.5081168831168831 0.013414634146341463 0.01461038961038961
0 0.5932926829268292 0.5669642857142857 0.01402439024390244 0.02150974025974026
0 0.21402439024390243 0.5543831168831169 0.008841463414634146 0.010551948051948052
0 0.8801829268292682 0.5170454545454546 0.008231707317073171 0.012175324675324676
0 0.9957317073170732 0.6071428571428571 0.012195121951219513 0.015422077922077922
0 0.2396341463414634 0.528814935064935 0.009451219512195122 0.01176948051948052
0 0.3231707317073171 0.1737012987012987 0.008841463414634146 0.00974025974025974
0 0.5414634146341464 0.24228896103896103 0.011585365853658536 0.015827922077922076
0 0.28567073170731705 0.4719967532467532 0.013414634146341463 0.016233766233766232
0 0.5932926829268292 0.3806818181818182 0.010670731707317074 0.01176948051948052
0 0.05 0.18344155844155843 0.013414634146341463 0.014204545454545454
0 0.7100609756097561 0.7767857142857143 0.014329268292682927 0.022727272727272728
0 0.936280487804878 0.7958603896103896 0.018292682926829267 0.021915584415584416
0 0.6804878048780488 0.21387987012987014 0.011890243902439025 0.0174512987012987
0 0.4893292682926829 0.38961038961038963 0.010670731707317074 0.017045454545454544
0 0.6286585365853659 0.03530844155844156 0.00975609756097561 0.012987012987012988
0 0.26646341463414636 0.5840097402597403 0.012195121951219513 0.01461038961038961
0 0.8591463414634146 0.11444805194805195 0.00853658536585366 0.009334415584415584
0 0.6365853658536585 0.41761363636363635 0.01097560975609756 0.012581168831168832
0 0.022865853658536585 0.8198051948051948 0.011890243902439025 0.017857142857142856
0 0.17774390243902438 0.1497564935064935 0.011280487804878048 0.012175324675324676
0 0.2426829268292683 0.6448863636363636 0.011890243902439025 0.014204545454545454
0 0.4253048780487805 0.393262987012987 0.011890243902439025 0.015016233766233766
0 0.6579268292682927 0.494724025974026 0.017378048780487806 0.023133116883116884
0 0.6771341463414634 0.78125 0.014329268292682927 0.022727272727272728
0 0.9579268292682926 0.1286525974025974 0.01402439024390244 0.019074675324675324
1 0.40762195121951217 0.13027597402597402 0.011890243902439025 0.016233766233766232
1 0.9734756097560976 0.1286525974025974 0.013109756097560975 0.018262987012987012
1 0.19329268292682927 0.6213474025974026 0.014939024390243902 0.022321428571428572
1 0.21402439024390243 0.35957792207792205 0.014634146341463415 0.021915584415584416
1 0.375 0.8129058441558441 0.013109756097560975 0.013798701298701298
1 0.7170731707317073 0.2650162337662338 0.010060975609756098 0.012987012987012988
1 0.535670731707317 0.34618506493506496 0.015548780487804878 0.01948051948051948
1 0.8439024390243902 0.22808441558441558 0.010365853658536586 0.017045454545454544
1 0.6173780487804879 0.9265422077922078 0.012195121951219513 0.018668831168831168
1 0.7472560975609757 0.5767045454545454 0.0125 0.014204545454545454
1 0.2426829268292683 0.2215909090909091 0.013414634146341463 0.014204545454545454
1 0.7103658536585366 0.19439935064935066 0.015548780487804878 0.02150974025974026
1 0.8509146341463415 0.20332792207792208 0.008841463414634146 0.008928571428571428
1 0.9335365853658537 0.4549512987012987 0.014634146341463415 0.02150974025974026
1 0.5378048780487805 0.551948051948052 0.01097560975609756 0.010551948051948052
1 0.4149390243902439 0.6753246753246753 0.011890243902439025 0.018668831168831168
1 0.7551829268292682 0.6627435064935064 0.011890243902439025 0.012581168831168832
1 0.8100609756097561 0.9419642857142857 0.011890243902439025 0.013392857142857142
1 0.9219512195121952 0.169237012987013 0.012195121951219513 0.013798701298701298
1 0.6024390243902439 0.7479707792207793 0.01798780487804878 0.022727272727272728
1 0.06402439024390244 0.9857954545454546 0.009146341463414634 0.01461038961038961
1 0.4457317073170732 0.1387987012987013 0.010670731707317074 0.010957792207792208
1 0.012804878048780487 0.0929383116883117 0.011890243902439025 0.013798701298701298
1 0.8192073170731707 0.4257305194805195 0.010060975609756098 0.015827922077922076
1 0.7259146341463415 0.7926136363636364 0.013109756097560975 0.017045454545454544
1 0.07256097560975609 0.5344967532467533 0.010365853658536586 0.013798701298701298
1 0.7435975609756098 0.17248376623376624 0.013109756097560975 0.014204545454545454
1 0.7838414634146341 0.8526785714285714 0.00853658536585366 0.012987012987012988
1 0.7475609756097561 0.19439935064935066 0.010670731707317074 0.013798701298701298
1 0.6652439024390244 0.15016233766233766 0.00975609756097561 0.008928571428571428
1 0.9045731707317073 0.9614448051948052 0.013109756097560975 0.018668831168831168
1 0.04176829268292683 0.040990259740259744 0.00975609756097561 0.012581168831168832
1 0.989329268292683 0.8502435064935064 0.012195121951219513 0.016233766233766232
1 0.5762195121951219 0.3786525974025974 0.014939024390243902 0.015827922077922076
1 0.5932926829268292 0.6006493506493507 0.013109756097560975 0.019074675324675324
1 0.5954268292682927 0.5397727272727273 0.013109756097560975 0.015016233766233766
1 0.8567073170731707 0.3648538961038961 0.011585365853658536 0.013798701298701298
1 0.7588414634146341 0.0726461038961039 0.010670731707317074 0.01176948051948052
1 0.7097560975609756 0.048295454545454544 0.011890243902439025 0.01461038961038961
1 0.4423780487804878 0.791801948051948 0.011890243902439025 0.0174512987012987
