0 0.6033536585365854 0.8498376623376623 0.013109756097560975 0.01461038961038961
0 0.26676829268292684 0.7463474025974026 0.013414634146341463 0.018668831168831168
0 0.43902439024390244 0.8457792207792207 0.0125 0.017045454545454544
0 0.3496951219512195 0.635551948051948 0.011585365853658536 0.012987012987012988
0 0.5405487804878049 0.1075487012987013 0.012195121951219513 0.019074675324675324
0 0.10213414634146341 0.47686688311688313 0.012804878048780487 0.016639610389610388
0 0.3823170731707317 0.49391233766233766 0.015548780487804878 0.020698051948051948
0 0.6841463414634147 0.2106331168831169 0.012195121951219513 0.015827922077922076
0 0.33963414634146344 0.057224025974025976 0.01097560975609756 0.010551948051948052
0 0.3472560975609756 0.549512987012987 0.010670731707317074 0.015016233766233766
0 0.21067073170731707 0.7183441558441559 0.011585365853658536 0.018668831168831168
0 0.38170731707317074 0.7909902597402597 0.011585365853658536 0.018262987012987012
0 0.4253048780487805 0.08685064935064934 0.013719512195121951 0.021915584415584416
0 0.43414634146341463 0.5064935064935064 0.01097560975609756 0.015016233766233766
0 0.38384146341463415 0.23376623376623376 0.010365853658536586 0.0174512987012987
0 0.5039634146341463 0.2987012987012987 0.012804878048780487 0.0174512987012987
0 0.028658536585365855 0.6960227272727273 0.013414634146341463 0.01461038961038961
0 0.019817073170731708 0.6781655844155844 0.011585365853658536 0.01176948051948052
0 0.760670731707317 0.03896103896103896 0.012195121951219513 0.012581168831168832
0 0.21585365853658536 0.4659090909090909 0.012804878048780487 0.018262987012987012
0 0.6884146341463414 0.15665584415584416 0.009451219512195122 0.015016233766233766
0 0.4121951219512195 0.8676948051948052 0.011280487804878048 0.015422077922077922
0 0.06920731707317074 0.6891233766233766 0.01402439024390244 0.015016233766233766
0 0.09939024390243903 0.34375 0.014634146341463415 0.017045454545454544
0 0.6847560975609757 0.887987012987013 0.010365853658536586 0.011363636363636364
0 0.6259146341463414 0.9460227272727273 0.011890243902439025 0.015016233766233766
0 0.5003048780487804 0.5422077922077922 0.013719512195121951 0.017857142857142856
0 0.07896341463414634 0.056006493506493504 0.013109756097560975 0.019886363636363636
0 0.3426829268292683 0.8064123376623377 0.012195121951219513 0.015827922077922076
0 0.4676829268292683 0.5316558441558441 0.015853658536585366 0.023944805194805196
0 0.060365853658536583 0.424512987012987 0.009146341463414634 0.012987012987012988
0 0.1003048780487805 0.898538961038961 0.010670731707317074 0.015422077922077922
0 0.738719512195122 0.588474025974026 0.01097560975609756 0.015422077922077922
0 0.35060975609756095 0.3887987012987013 0.013109756097560975 0.013798701298701298
0 0.24695121951219512 0.44805194805194803 0.010060975609756098 0.010957792207792208
0 0.42835365853658536 0.5426136363636364 0.0125 0.018262987012987012
0 0.8054878048780488 0.382711038961039 0.010060975609756098 0.015422077922077922
0 0.9201219512195122 0.06818181818181818 0.016158536585365854 0.020698051948051948
0 0.011280487804878048 0.2715097402597403 0.010060975609756098 0.016639610389610388
0 0.3466463414634146 0.037743506493506496 0.009451219512195122 0.011363636363636364
0 0.5088414634146341 0.03977272727272727 0.011890243902439025 0.013798701298701298
0 0.6274390243902439 0.5251623376623377 0.010670731707317074 0.0174512987012987
0 0.3350609756097561 0.48660714285714285 0.00975609756097561 0.010146103896103896
0 0.5756097560975609 0.336038961038961 0.011280487804878048 0.0174512987012987
0 0.2176829268292683 0.8116883116883117 0.00975609756097561 0.016639610389610388
0 0.3445121951219512 0.419237012987013 0.011280487804878048 0.011363636363636364
0 0.7536585365853659 0.5393668831168831 0.011585365853658536 0.011363636363636364
0 0.7777439024390244 0.7122564935064936 0.011890243902439025 0.01948051948051948
0 0.5673780487804878 0.2012987012987013 0.013109756097560975 0.013798701298701298
0 0.7048780487804878 0.5060876623376623 0.011280487804878048 0.017045454545454544
0 0.11676829268292684 0.37662337662337664 0.011280487804878048 0.012987012987012988
0 0.5317073170731708 0.1672077922077922 0.011280487804878048 0.014204545454545454
0 0.4625 0.9874188311688312 0.010670731707317074 0.015016233766233766
0 0.4746951219512195 0.8693181818181818 0.011585365853658536 0.0174512987012987
0 0.9457317073170731 0.476461038961039 0.012804878048780487 0.01461038961038961
0 0.677439024390244 0.7516233766233766 0.01097560975609756 0.011363636363636364
0 0.08902439024390243 0.25040584415584416 0.011890243902439025 0.015016233766233766
0 0.4027439024390244 0.317775974025974 0.010670731707317074 0.012987012987012988
0 0.6185975609756098 0.463474025974026 0.011585365853658536 0.016233766233766232
0 0.3384146341463415 0.7694805194805194 0.01097560975609756 0.014204545454545454
0 0.9786585365853658 0.21022727272727273 0.013109756097560975 0.015827922077922076
0 0.35030487804878047 0.4788961038961039 0.01707317073170732 0.018668831168831168
0 0.7932926829268293 0.32508116883116883 0.016463414634146342 0.02150974025974026
0 0.3155487804878049 0.3068181818181818 0.012195121951219513 0.016639610389610388
0 0.21310975609756097 0.16071428571428573 0.010670731707317074 0.015827922077922076
0 0.5054878048780488 0.08238636363636363 0.014329268292682927 0.015827922077922076
0 0.3746951219512195 0.5941558441558441 0.013719512195121951 0.018262987012987012
0 0.7972560975609756 0.27232142857142855 0.016463414634146342 0.023133116883116884
0 0.05731707317073171 0.7426948051948052 0.013719512195121951 0.015827922077922076
0 0.39420731707317075 0.8498376623376623 0.009146341463414634 0.009334415584415584
1 0.30121951219512194 0.5381493506493507 0.011890243902439025 0.015827922077922076
1 0.6689024390243903 0.6168831168831169 0.010060975609756098 0.009334415584415584
1 0.7658536585365854 0.11444805194805195 0.014329268292682927 0.020292207792207792
1 0.42134146341463413 0.8344155844155844 0.0125 0.01948051948051948
1 0.2625 0.7743506493506493 0.00975609756097561 0.015422077922077922
1 0.2274390243902439 0.48011363636363635 0.009146341463414634 0.011363636363636364
1 0.9838414634146342 0.8681006493506493 0.013719512195121951 0.02150974025974026
1 0.5530487804878049 0.9492694805194806 0.011280487804878048 0.016233766233766232
1 0.10304878048780487 0.9107142857142857 0.012804878048780487 0.020698051948051948
1 0.6740853658536585 0.06858766233766234 0.014939024390243902 0.019074675324675324
1 0.41371951219512193 0.3234577922077922 0.010060975609756098 0.012175324675324676
1 0.8890243902439025 0.8632305194805194 0.01097560975609756 0.01461038961038961
1 0.8301829268292683 0.41314935064935066 0.014329268292682927 0.019074675324675324
1 0.09969512195121952 0.20982142857142858 0.00975609756097561 0.012987012987012988
1 0.5685975609756098 0.11241883116883117 0.010670731707317074 0.015827922077922076
1 0.6954268292682927 0.7873376623376623 0.014939024390243902 0.019886363636363636
1 0.3432926829268293 0.7508116883116883 0.013719512195121951 0.019074675324675324
1 0.6432926829268293 0.28287337662337664 0.011585365853658536 0.015827922077922076
1 0.3698170731707317 0.5344967532467533 0.009451219512195122 0.015422077922077922
1 0.8353658536585366 0.976461038961039 0.010670731707317074 0.017045454545454544
1 0.16951219512195123 0.7297077922077922 0.01524390243902439 0.020292207792207792
1 0.07103658536585365 0.2012987012987013 0.009451219512195122 0.010957792207792208
1 0.19420731707317074 0.609577922077922 0.0125 0.017045454545454544
1 0.6725609756097561 0.3912337662337662 0.012195121951219513 0.015422077922077922
1 0.8091463414634147 0.27435064935064934 0.020731707317073172 0.030844155844155844
1 0.8460365853658537 0.5892857142857143 0.015853658536585366 0.017045454545454544
1 0.08963414634146341 0.27069805194805197 0.013109756097560975 0.015422077922077922
1 0.1801829268292683 0.6038961038961039 0.007317073170731708 0.012175324675324676
1 0.6417682926829268 0.645698051948052 0.009146341463414634 0.012175324675324676
1 0.8957317073170732 0.7617694805194806 0.013414634146341463 0.01461038961038961
1 0.3435975609756098 0.09090909090909091 0.01768292682926829 0.026379870129870128
1 0.9103658536585366 0.4926948051948052 0.014329268292682927 0.016639610389610388
1 0.6378048780487805 0.3417207792207792 0.010670731707317074 0.015016233766233766
1 0.9189024390243903 0.7321428571428571 0.01524390243902439 0.017857142857142856
1 0.7088414634146342 0.3847402597402597 0.010365853658536586 0.012175324675324676
1 0.10396341463414634 0.9334415584415584 0.014329268292682927 0.020698051948051948
1 0.5167682926829268 0.6875 0.01402439024390244 0.02150974025974026
1 0.4027439024390244 0.6420454545454546 0.01676829268292683 0.022321428571428572
1 0.7365853658536585 0.5150162337662337 0.011280487804878048 0.010957792207792208
1 0.014329268292682927 0.2418831168831169 0.010365853658536586 0.016233766233766232
1 0.6661585365853658 0.885551948051948 0.012195121951219513 0.013392857142857142
1 0.21097560975609755 0.40016233766233766 0.01097560975609756 0.012581168831168832
1 0.4740853658536585 0.6286525974025974 0.008841463414634146 0.012175324675324676
1 0.3003048780487805 0.4082792207792208 0.013109756097560975 0.019886363636363636
1 0.325609756097561 0.28165584415584416 0.01402439024390244 0.016639610389610388
1 0.6838414634146341 0.017857142857142856 0.01097560975609756 0.016639610389610388
1 0.6637195121951219 0.8198051948051948 0.015548780487804878 0.022727272727272728
1 0.848170731707317 0.33685064935064934 0.0125 0.018668831168831168
1 0.14390243902439023 0.1627435064935065 0.013719512195121951 0.019074675324675324
1 0.9076219512195122 0.830762987012987 0.01097560975609756 0.018262987012987012
1 0.9597560975609756 0.6493506493506493 0.013719512195121951 0.018668831168831168
1 0.6231707317073171 0.836038961038961 0.013719512195121951 0.020698051948051948
1 0.5304878048780488 0.9419642857142857 0.01097560975609756 0.012987012987012988
1 0.2146341463414634 0.18344155844155843 0.009451219512195122 0.015827922077922076
1 0.3051829268292683 0.515422077922078 0.013109756097560975 0.019074675324675324
1 0.054878048780487805 0.8782467532467533 0.010365853658536586 0.0174512987012987
1 0.5929878048780488 0.40137987012987014 0.009146341463414634 0.012175324675324676
1 0.1076219512195122 0.14042207792207792 0.010670731707317074 0.016639610389610388
1 0.8338414634146342 0.049107142857142856 0.01402439024390244 0.016233766233766232
1 0.9682926829268292 0.04220779220779221 0.009451219512195122 0.008522727272727272
1 0.12682926829268293 0.016233766233766232 0.010670731707317074 0.010957792207792208
1 0.3573170731707317 0.2621753246753247 0.010670731707317074 0.016233766233766232
1 0.9942073170731708 0.49310064935064934 0.0125 0.012987012987012988
1 0.3426829268292683 0.8847402597402597 0.011280487804878048 0.012175324675324676
1 0.03384146341463415 0.7090097402597403 0.013109756097560975 0.019074675324675324
1 0.0375 0.6367694805194806 0.010365853658536586 0.015827922077922076
1 0.5801829268292683 0.6643668831168831 0.010365853658536586 0.011363636363636364
1 0.23810975609756097 0.21306818181818182 0.014634146341463415 0.023133116883116884
1 0.2875 0.5413961038961039 0.012195121951219513 0.013392857142857142
1 0.5009146341463414 0.786525974025974 0.016158536585365854 0.023133116883116884
1 0.9243902439024391 0.42857142857142855 0.011585365853658536 0.012987012987012988
1 0.12560975609756098 0.40584415584415584 0.015853658536585366 0.021915584415584416
1 0.739939024390244 0.2909902597402597 0.010365853658536586 0.012581168831168832
1 0.4716463414634146 0.15827922077922077 0.010060975609756098 0.016639610389610388
1 0.9753048780487805 0.9249188311688312 0.014939024390243902 0.02150974025974026
1 0.9789634146341464 0.41680194805194803 0.01402439024390244 0.019886363636363636
1 0.6539634146341463 0.6266233766233766 0.011585365853658536 0.01176948051948052
1 0.286280487804878 0.24878246753246752 0.01402439024390244 0.019886363636363636
1 0.27225609756097563 0.4614448051948052 0.014634146341463415 0.021103896103896104
1 0.6451219512195122 0.887987012987013 0.013109756097560975 0.020698051948051948
1 0.6984756097560976 0.6810064935064936 0.0125 0.015827922077922076
1 0.2277439024390244 0.5840097402597403 0.01097560975609756 0.016639610389610388
1 0.6182926829268293 0.4943181818181818 0.0125 0.019074675324675324
1 0.5463414634146342 0.46915584415584416 0.010670731707317074 0.015016233766233766
1 0.8911585365853658 0.39569805194805197 0.010670731707317074 0.012987012987012988
