0 0.9015243902439024 0.724025974025974 0.016463414634146342 0.01948051948051948
0 0.3621951219512195 0.1010551948051948 0.013109756097560975 0.017857142857142856
0 0.910670731707317 0.39204545454545453 0.0125 0.015827922077922076
0 0.5246951219512195 0.8831168831168831 0.00975609756097561 0.014204545454545454
0 0.33719512195121953 0.14082792207792208 0.01097560975609756 0.015422077922077922
0 0.8274390243902439 0.7581168831168831 0.013719512195121951 0.0174512987012987
0 0.3771341463414634 0.143262987012987 0.010365853658536586 0.00974025974025974
0 0.11554878048780488 0.1680194805194805 0.01097560975609756 0.016233766233766232
0 0.636280487804878 0.4257305194805195 0.01097560975609756 0.015422077922077922
0 0.32378048780487806 0.12378246753246754 0.01524390243902439 0.023944805194805196
0 0.2301829268292683 0.570211038961039 0.012804878048780487 0.012987012987012988
0 0.7225609756097561 0.3319805194805195 0.01097560975609756 0.016639610389610388
0 0.561280487804878 0.8977272727272727 0.00975609756097561 0.012987012987012988
0 0.786890243902439 0.6152597402597403 0.013109756097560975 0.01461038961038961
0 0.5704268292682927 0.05357142857142857 0.015548780487804878 0.024350649350649352
0 0.40762195121951217 0.6578733766233766 0.012804878048780487 0.018668831168831168
0 0.7125 0.375 0.012804878048780487 0.015422077922077922
0 0.4719512195121951 0.2203733766233766 0.011890243902439025 0.018262987012987012
0 0.48353658536585364 0.8664772727272727 0.011280487804878048 0.017857142857142856
0 0.18567073170731707 0.37987012987012986 0.010670731707317074 0.015827922077922076
0 0.41280487804878047 0.3713474025974026 0.0125 0.013392857142857142
0 0.9405487804878049 0.12581168831168832 0.011280487804878048 0.014204545454545454
0 0.5948170731707317 0.14772727272727273 0.011890243902439025 0.015827922077922076
0 0.9234756097560975 0.9545454545454546 0.014634146341463415 0.018668831168831168
0 0.04847560975609756 0.5401785714285714 0.012195121951219513 0.01461038961038961
0 0.8411585365853659 0.536525974025974 0.013109756097560975 0.020698051948051948
0 0.535670731707317 0.8323863636363636 0.00975609756097561 0.010146103896103896
0 0.9204268292682927 0.47362012987012986 0.014634146341463415 0.022727272727272728
0 0.7935975609756097 0.84375 0.010060975609756098 0.010551948051948052
0 0.910670731707317 0.6594967532467533 0.011280487804878048 0.016233766233766232
0 0.5734756097560976 0.3737824675324675 0.00975609756097561 0.01461038961038961
0 0.6192073170731708 0.4030032467532468 0.009146341463414634 0.008116883116883116
0 0.538109756097561 0.6830357142857143 0.009146341463414634 0.011363636363636364
0 0.9140243902439025 0.994724025974026 0.00975609756097561 0.016639610389610388
0 0.739329268292683 0.862012987012987 0.00975609756097561 0.01461038961038961
0 0.175 0.877435064935065 0.0125 0.012581168831168832
0 0.26646341463414636 0.13555194805194806 0.008841463414634146 0.014204545454545454
0 0.8009146341463415 0.5060876623376623 0.012195121951219513 0.013392857142857142
0 0.18628048780487805 0.854301948051948 0.013109756097560975 0.016233766233766232
0 0.13567073170731708 0.5620941558441559 0.011585365853658536 0.018262987012987012
0 0.4554878048780488 0.5872564935064936 0.011585365853658536 0.01176948051948052
0 0.3225609756097561 0.8267045454545454 0.014939024390243902 0.017857142857142856
0 0.1524390243902439 0.6221590909090909 0.010365853658536586 0.00974025974025974
0 0.43109756097560975 0.7000811688311688 0.013414634146341463 0.013798701298701298
0 0.021646341463414633 0.1663961038961039 0.013109756097560975 0.013392857142857142
0 0.6439024390243903 0.9622564935064936 0.011585365853658536 0.017045454545454544
0 0.8920731707317073 0.5308441558441559 0.01097560975609756 0.017045454545454544
0 0.9817073170731707 0.15949675324675325 0.01676829268292683 0.01948051948051948
0 0.8478658536585366 0.689935064935065 0.00853658536585366 0.014204545454545454
0 0.09176829268292683 0.9354707792207793 0.00975609756097561 0.012175324675324676
0 0.24603658536585366 0.7268668831168831 0.010060975609756098 0.01176948051948052
0 0.030792682926829268 0.7378246753246753 0.010060975609756098 0.01461038961038961
0 0.7993902439024391 0.3287337662337662 0.010060975609756098 0.00974025974025974
0 0.3932926829268293 0.38758116883116883 0.01798780487804878 0.021103896103896104
0 0.5530487804878049 0.5332792207792207 0.013719512195121951 0.014204545454545454
0 0.7835365853658537 0.5223214285714286 0.014329268292682927 0.0174512987012987
0 0.7426829268292683 0.6891233766233766 0.010670731707317074 0.015827922077922076
0 0.8676829268292683 0.7357954545454546 0.011585365853658536 0.014204545454545454
0 0.4698170731707317 0.48457792207792205 0.014634146341463415 0.023133116883116884
0 0.43567073170731707 0.8096590909090909 0.0125 0.019886363636363636
0 0.5149390243902439 0.586038961038961 0.00975609756097561 0.011363636363636364
0 0.2707317073170732 0.4476461038961039 0.013719512195121951 0.01948051948051948
0 0.1878048780487805 0.8064123376623377 0.009451219512195122 0.016233766233766232
0 0.28597560975609754 0.8961038961038961 0.011890243902439025 0.012581168831168832
0 0.6082317073170732 0.75 0.009451219512195122 0.008522727272727272
0 0.8695121951219512 0.9590097402597403 0.010365853658536586 0.01461038961038961
0 0.5216463414634146 0.6761363636363636 0.011585365853658536 0.018262987012987012
0 0.19695121951219513 0.29991883116883117 0.0125 0.013798701298701298
0 0.2146341463414634 0.8668831168831169 0.011280487804878048 0.018262987012987012
0 0.9359756097560976 0.22727272727272727 0.0125 0.016233766233766232
0 0.7585365853658537 0.08441558441558442 0.018597560975609755 0.02150974025974026
0 0.8478658536585366 0.8129058441558441 0.011585365853658536 0.012175324675324676
0 0.4170731707317073 0.49959415584415584 0.00975609756097561 0.010957792207792208
0 0.9057926829268292 0.45982142857142855 0.010670731707317074 0.017857142857142856
0 0.6692073170731707 0.8551136363636364 0.010670731707317074 0.010146103896103896
0 0.3442073170731707 0.442775974025974 0.017378048780487806 0.022727272727272728
0 0.5179878048780487 0.45413961038961037 0.011890243902439025 0.018668831168831168
0 0.5088414634146341 0.729301948051948 0.014329268292682927 0.015016233766233766
0 0.8786585365853659 0.8161525974025974 0.010670731707317074 0.017857142857142856
1 0.21554878048780488 0.2512175324675325 0.015548780487804878 0.020698051948051948
1 0.6740853658536585 0.9042207792207793 0.009146341463414634 0.01461038961038961
1 0.5783536585365854 0.09334415584415584 0.014939024390243902 0.02150974025974026
1 0.1448170731707317 0.10592532467532467 0.01097560975609756 0.015422077922077922
1 0.4524390243902439 0.49756493506493504 0.01097560975609756 0.01461038961038961
1 0.9795731707317074 0.10227272727272728 0.01676829268292683 0.01948051948051948
1 0.26128048780487806 0.48579545454545453 0.013414634146341463 0.019886363636363636
1 0.10091463414634147 0.4963474025974026 0.011280487804878048 0.011363636363636364
1 0.7972560975609756 0.8551136363636364 0.012195121951219513 0.013392857142857142
1 0.9792682926829268 0.40665584415584416 0.012195121951219513 0.013392857142857142
1 0.13079268292682927 0.7321428571428571 0.008231707317073171 0.013798701298701298
1 0.30121951219512194 0.9127435064935064 0.014329268292682927 0.018668831168831168
1 0.5884146341463414 0.705762987012987 0.01097560975609756 0.015827922077922076
1 0.7957317073170732 0.7633928571428571 0.008841463414634146 0.015016233766233766
1 0.947560975609756 0.39163961038961037 0.011585365853658536 0.012581168831168832
1 0.43384146341463414 0.5324675324675324 0.013414634146341463 0.018262987012987012
1 0.3475609756097561 0.7646103896103896 0.0125 0.016639610389610388
1 0.09969512195121952 0.12337662337662338 0.01402439024390244 0.018262987012987012
1 0.28536585365853656 0.3676948051948052 0.013719512195121951 0.018668831168831168
1 0.5682926829268292 0.9289772727272727 0.010670731707317074 0.015827922077922076
1 0.8899390243902439 0.4784902597402597 0.011585365853658536 0.01176948051948052
1 0.2146341463414634 0.450487012987013 0.018902439024390243 0.02150974025974026
1 0.33902439024390246 0.6517857142857143 0.0125 0.016639610389610388
1 0.9948170731707318 0.5629058441558441 0.011280487804878048 0.01461038961038961
1 0.4481707317073171 0.9277597402597403 0.008841463414634146 0.014204545454545454
1 0.1402439024390244 0.6310876623376623 0.012804878048780487 0.017045454545454544
1 0.9469512195121951 0.31290584415584416 0.011585365853658536 0.01176948051948052
1 0.36890243902439024 0.19277597402597402 0.012804878048780487 0.015827922077922076
1 0.6103658536585366 0.9732142857142857 0.011585365853658536 0.018668831168831168
1 0.8298780487804878 0.7934253246753247 0.01707317073170732 0.01948051948051948
1 0.1875 0.30844155844155846 0.010670731707317074 0.01176948051948052
1 0.39115853658536587 0.3051948051948052 0.01097560975609756 0.018262987012987012
1 0.4219512195121951 0.08603896103896104 0.010670731707317074 0.014204545454545454
1 0.1548780487804878 0.35714285714285715 0.01097560975609756 0.0174512987012987
1 0.4054878048780488 0.48336038961038963 0.009146341463414634 0.01176948051948052
1 0.05121951219512195 0.5093344155844156 0.010670731707317074 0.012175324675324676
1 0.9289634146341463 0.2913961038961039 0.0125 0.01948051948051948
1 0.19695121951219513 0.17491883116883117 0.017378048780487806 0.021103896103896104
1 0.1100609756097561 0.7991071428571429 0.008841463414634146 0.010551948051948052
