0 0.3960365853658537 0.05925324675324675 0.011890243902439025 0.01461038961038961
0 0.6990853658536585 0.22808441558441558 0.013414634146341463 0.0174512987012987
0 0.7603658536585366 0.6732954545454546 0.01798780487804878 0.02719155844155844
0 0.7329268292682927 0.13027597402597402 0.011280487804878048 0.015422077922077922
0 0.8579268292682927 0.442775974025974 0.011890243902439025 0.01948051948051948
0 0.2923780487804878 0.9553571428571429 0.011585365853658536 0.015827922077922076
0 0.8695121951219512 0.8766233766233766 0.01097560975609756 0.0174512987012987
0 0.5533536585365854 0.1956168831168831 0.010060975609756098 0.010957792207792208
0 0.375 0.06534090909090909 0.010670731707317074 0.010957792207792208
0 0.9246951219512195 0.9955357142857143 0.010670731707317074 0.01461038961038961
0 0.6801829268292683 0.5121753246753247 0.013719512195121951 0.015827922077922076
0 0.1125 0.1002435064935065 0.011280487804878048 0.01461038961038961
0 0.6856707317073171 0.9866071428571429 0.013109756097560975 0.017045454545454544
0 0.3399390243902439 0.523538961038961 0.013719512195121951 0.016639610389610388
0 0.2807926829268293 0.07061688311688312 0.01676829268292683 0.02556818181818182
0 0.3957317073170732 0.8015422077922078 0.015548780487804878 0.023133116883116884
0 0.6807926829268293 0.06574675324675325 0.010365853658536586 0.015422077922077922
0 0.361890243902439 0.979301948051948 0.00853658536585366 0.013798701298701298
0 0.7527439024390243 0.7844967532467533 0.01097560975609756 0.018262987012987012
0 0.9295731707317073 0.30438311688311687 0.013719512195121951 0.016233766233766232
0 0.7106707317073171 0.6461038961038961 0.01402439024390244 0.015827922077922076
0 0.1573170731707317 0.744724025974026 0.01707317073170732 0.023133116883116884
0 0.838719512195122 0.9667207792207793 0.015853658536585366 0.021103896103896104
1 0.31920731707317074 0.08279220779220779 0.01097560975609756 0.015827922077922076
1 0.31158536585365854 0.17248376623376624 0.01402439024390244 0.015422077922077922
1 0.04695121951219512 0.400974025974026 0.010365853658536586 0.0174512987012987
1 0.8064024390243902 0.4273538961038961 0.011585365853658536 0.019074675324675324
1 0.9128048780487805 0.10267857142857142 0.00975609756097561 0.016233766233766232
1 0.6411585365853658 0.9472402597402597 0.0125 0.017045454545454544
1 0.6109756097560975 0.507711038961039 0.015548780487804878 0.018668831168831168
1 0.6064024390243903 0.7471590909090909 0.014329268292682927 0.019886363636363636
1 0.17134146341463416 0.7637987012987013 0.009146341463414634 0.010957792207792208
1 0.11189024390243903 0.7751623376623377 0.013414634146341463 0.013798701298701298
1 0.20243902439024392 0.7313311688311688 0.013719512195121951 0.018262987012987012
1 0.5442073170731707 0.7195616883116883 0.01097560975609756 0.012987012987012988
1 0.4600609756097561 0.9370941558441559 0.017378048780487806 0.022727272727272728
1 0.7173780487804878 0.9249188311688312 0.012804878048780487 0.020292207792207792
1 0.04359756097560975 0.06858766233766234 0.011585365853658536 0.015422077922077922
1 0.174390243902439 0.700487012987013 0.010365853658536586 0.01176948051948052
1 0.6661585365853658 0.39082792207792205 0.018292682926829267 0.021915584415584416
1 0.7972560975609756 0.6168831168831169 0.011585365853658536 0.016639610389610388
1 0.6484756097560975 0.5888798701298701 0.013414634146341463 0.018668831168831168
1 0.0850609756097561 0.8267045454545454 0.01707317073170732 0.026379870129870128
1 0.5228658536585366 0.09090909090909091 0.013719512195121951 0.019886363636363636
1 0.4378048780487805 0.20008116883116883 0.011890243902439025 0.012581168831168832
1 0.03597560975609756 0.7021103896103896 0.013414634146341463 0.015827922077922076
1 0.7283536585365854 0.8676948051948052 0.010060975609756098 0.010957792207792208
1 0.988109756097561 0.9906655844155844 0.012195121951219513 0.01948051948051948
1 0.8201219512195121 0.8417207792207793 0.0125 0.017857142857142856
1 0.0923780487804878 0.963474025974026 0.008841463414634146 0.015422077922077922
1 0.075 0.8790584415584416 0.012195121951219513 0.018668831168831168
1 0.09359756097560976 0.09009740259740259 0.01920731707317073 0.028409090909090908
1 0.9271341463414634 0.6838474025974026 0.011280487804878048 0.012175324675324676
1 0.04390243902439024 0.7045454545454546 0.011280487804878048 0.012581168831168832
1 0.2945121951219512 0.31209415584415584 0.010670731707317074 0.015827922077922076
1 0.060365853658536583 0.32954545454545453 0.01524390243902439 0.018262987012987012
1 0.7823170731707317 0.09862012987012987 0.010670731707317074 0.016233766233766232
1 0.3356707317073171 0.7073863636363636 0.010670731707317074 0.015827922077922076
1 0.8432926829268292 0.7926136363636364 0.011890243902439025 0.016639610389610388
1 0.09054878048780488 0.18709415584415584 0.01676829268292683 0.024350649350649352
1 0.0475609756097561 0.20089285714285715 0.009451219512195122 0.008928571428571428
1 0.3432926829268293 0.8555194805194806 0.016158536585365854 0.019886363636363636
1 0.9817073170731707 0.21347402597402598 0.0125 0.013392857142857142
1 0.7801829268292683 0.14407467532467533 0.011280487804878048 0.014204545454545454
1 0.4978658536585366 0.7426948051948052 0.013719512195121951 0.014204545454545454
1 0.6283536585365853 0.31493506493506496 0.011585365853658536 0.011363636363636364
1 0.9832317073170732 0.25405844155844154 0.010060975609756098 0.017045454545454544
1 0.6027439024390244 0.5795454545454546 0.010060975609756098 0.010551948051948052
1 0.7801829268292683 0.11525974025974026 0.013719512195121951 0.016639610389610388
1 0.15609756097560976 0.3039772727272727 0.008841463414634146 0.01176948051948052
1 0.7573170731707317 0.26339285714285715 0.01097560975609756 0.010957792207792208
1 0.9716463414634147 0.9017857142857143 0.013414634146341463 0.015016233766233766
1 0.19939024390243903 0.6030844155844156 0.00975609756097561 0.012581168831168832
1 0.9597560975609756 0.31858766233766234 0.014329268292682927 0.016639610389610388
1 0.2728658536585366 0.924512987012987 0.013719512195121951 0.020292207792207792
1 0.788109756097561 0.8189935064935064 0.013719512195121951 0.015422077922077922
1 0.5091463414634146 0.5953733766233766 0.011280487804878048 0.017857142857142856
1 0.3329268292682927 0.17248376623376624 0.009146341463414634 0.012581168831168832
1 0.7914634146341464 0.9943181818181818 0.012804878048780487 0.012987012987012988
1 0.4073170731707317 0.8883928571428571 0.012804878048780487 0.015422077922077922
1 0.5935975609756098 0.49594155844155846 0.016158536585365854 0.020698051948051948
1 0.3356707317073171 0.5795454545454546 0.013109756097560975 0.018668831168831168
1 0.5905487804878049 0.6708603896103896 0.011280487804878048 0.012987012987012988
1 0.6426829268292683 0.9577922077922078 0.010670731707317074 0.017045454545454544
1 0.30365853658536585 0.2471590909090909 0.012804878048780487 0.0174512987012987
1 0.8612804878048781 0.38108766233766234 0.011585365853658536 0.012581168831168832
1 0.6643292682926829 0.8871753246753247 0.0125 0.01948051948051948
1 0.9777439024390244 0.39042207792207795 0.012195121951219513 0.017045454545454544
1 0.9280487804878049 0.617288961038961 0.012195121951219513 0.01461038961038961
1 0.6865853658536586 0.07832792207792208 0.0125 0.017857142857142856
1 0.8530487804878049 0.30844155844155846 0.013414634146341463 0.013798701298701298
1 0.8932926829268293 0.9338474025974026 0.008841463414634146 0.013798701298701298
1 0.3570121951219512 0.024756493506493508 0.01097560975609756 0.012581168831168832
1 0.8170731707317073 0.07508116883116883 0.01097560975609756 0.015827922077922076
1 0.12439024390243902 0.3729707792207792 0.013109756097560975 0.020698051948051948
1 0.5774390243902439 0.6213474025974026 0.020121951219512196 0.029626623376623376
1 0.4634146341463415 0.864448051948052 0.01402439024390244 0.01461038961038961
1 0.05945121951219512 0.6793831168831169 0.012195121951219513 0.012175324675324676
1 0.31128048780487805 0.9784902597402597 0.014329268292682927 0.015422077922077922
1 0.7731707317073171 0.4525162337662338 0.012195121951219513 0.019886363636363636
1 0.3804878048780488 0.049512987012987016 0.012804878048780487 0.016233766233766232
1 0.6963414634146341 0.7784090909090909 0.017378048780487806 0.021103896103896104
1 0.3076219512195122 0.3693181818181818 0.010670731707317074 0.012987012987012988
1 0.6878048780487804 0.37012987012987014 0.01768292682926829 0.02556818181818182
1 0.7670731707317073 0.8116883116883117 0.01768292682926829 0.024350649350649352
1 0.07286585365853658 0.7183441558441559 0.013414634146341463 0.020698051948051948
1 0.2030487804878049 0.16761363636363635 0.013109756097560975 0.018668831168831168
1 0.22073170731707317 0.4707792207792208 0.009451219512195122 0.015016233766233766
1 0.6231707317073171 0.929788961038961 0.0125 0.016233766233766232
1 0.4533536585365854 0.830762987012987 0.01798780487804878 0.020292207792207792
1 0.9579268292682926 0.2021103896103896 0.008841463414634146 0.008928571428571428
1 0.15884146341463415 0.505275974025974 0.0125 0.019886363636363636
1 0.3176829268292683 0.7256493506493507 0.012804878048780487 0.015422077922077922
1 0.03780487804878049 0.885551948051948 0.012195121951219513 0.012175324675324676
1 0.20670731707317072 0.3685064935064935 0.012804878048780487 0.013392857142857142
1 0.5984756097560976 0.1266233766233766 0.012804878048780487 0.016639610389610388
1 0.8466463414634147 0.8478084415584416 0.014634146341463415 0.019886363636363636
1 0.8408536585365853 0.07954545454545454 0.013109756097560975 0.016639610389610388
1 0.263109756097561 0.21631493506493507 0.011585365853658536 0.015016233766233766
1 0.22134146341463415 0.8417207792207793 0.014634146341463415 0.017857142857142856
1 0.8960365853658536 0.5645292207792207 0.010060975609756098 0.015827922077922076
