0 0.6347560975609756 0.6205357142857143 0.013719512195121951 0.017857142857142856
0 0.3676829268292683 0.8287337662337663 0.010060975609756098 0.016233766233766232
0 0.22682926829268293 0.23295454545454544 0.013109756097560975 0.020292207792207792
0 0.263109756097561 0.08685064935064934 0.008841463414634146 0.012175324675324676
0 0.6198170731707318 0.979301948051948 0.011585365853658536 0.015016233766233766
0 0.661890243902439 0.17613636363636365 0.015548780487804878 0.017857142857142856
0 0.7838414634146341 0.4837662337662338 0.011280487804878048 0.017045454545454544
0 0.8057926829268293 0.7897727272727273 0.010670731707317074 0.015422077922077922
0 0.8539634146341464 0.08279220779220779 0.016463414634146342 0.021103896103896104
0 0.2530487804878049 0.31290584415584416 0.013414634146341463 0.016639610389610388
0 0.6817073170731708 0.7483766233766234 0.013414634146341463 0.016639610389610388
0 0.6548780487804878 0.7690746753246753 0.017378048780487806 0.023133116883116884
0 0.7091463414634146 0.46631493506493504 0.010365853658536586 0.015827922077922076
0 0.9033536585365853 0.030032467532467532 0.014329268292682927 0.020292207792207792
0 0.2603658536585366 0.05925324675324675 0.009146341463414634 0.009334415584415584
0 0.40457317073170734 0.48660714285714285 0.010365853658536586 0.01461038961038961
0 0.24085365853658536 0.702922077922078 0.013109756097560975 0.018668831168831168
0 0.6820121951219512 0.5657467532467533 0.009451219512195122 0.011363636363636364
0 0.2125 0.5117694805194806 0.010060975609756098 0.010957792207792208
0 0.9868902439024391 0.36688311688311687 0.01951219512195122 0.026785714285714284
0 0.3155487804878049 0.29829545454545453 0.010670731707317074 0.012175324675324676
0 0.27439024390243905 0.7329545454545454 0.013719512195121951 0.014204545454545454
0 0.08231707317073171 0.39935064935064934 0.01097560975609756 0.017857142857142856
0 0.6685975609756097 0.04383116883116883 0.01798780487804878 0.02556818181818182
0 0.6085365853658536 0.5223214285714286 0.013109756097560975 0.015827922077922076
0 0.7807926829268292 0.3145292207792208 0.0125 0.019886363636363636
0 0.9301829268292683 0.46387987012987014 0.0125 0.016233766233766232
0 0.7795731707317073 0.9034090909090909 0.016158536585365854 0.018668831168831168
0 0.8115853658536586 0.8660714285714286 0.00853658536585366 0.007711038961038961
0 0.3884146341463415 0.3425324675324675 0.011585365853658536 0.013392857142857142
0 0.38140243902439025 0.12256493506493507 0.011890243902439025 0.01176948051948052
0 0.9926829268292683 0.5836038961038961 0.013109756097560975 0.013392857142857142
0 0.8496951219512195 0.7362012987012987 0.01097560975609756 0.015016233766233766
0 0.7094512195121951 0.4342532467532468 0.010670731707317074 0.010957792207792208
0 0.09817073170731708 0.7090097402597403 0.011890243902439025 0.017045454545454544
0 0.10884146341463415 0.7763798701298701 0.0125 0.016233766233766232
0 0.5905487804878049 0.2877435064935065 0.01707317073170732 0.018668831168831168
0 0.25884146341463415 0.5040584415584416 0.010365853658536586 0.010551948051948052
0 0.4576219512195122 0.3465909090909091 0.013109756097560975 0.013798701298701298
0 0.1975609756097561 0.10795454545454546 0.020121951219512196 0.02719155844155844
0 0.5865853658536585 0.40462662337662336 0.0125 0.018668831168831168
0 0.29359756097560974 0.0698051948051948 0.012804878048780487 0.019074675324675324
0 0.7128048780487805 0.8023538961038961 0.00975609756097561 0.01461038961038961
0 0.713109756097561 0.8198051948051948 0.012804878048780487 0.016233766233766232
0 0.08597560975609755 0.45170454545454547 0.01097560975609756 0.010551948051948052
0 0.2646341463414634 0.5758928571428571 0.013414634146341463 0.014204545454545454
0 0.1975609756097561 0.8356331168831169 0.011280487804878048 0.01176948051948052
0 0.4146341463414634 0.06818181818181818 0.013719512195121951 0.021915584415584416
0 0.8213414634146341 0.23295454545454544 0.013414634146341463 0.019074675324675324
0 0.015853658536585366 0.13027597402597402 0.01402439024390244 0.021103896103896104
0 0.13475609756097562 0.49756493506493504 0.00853658536585366 0.010957792207792208
0 0.374390243902439 0.22402597402597402 0.013719512195121951 0.015827922077922076
0 0.0125 0.8948863636363636 0.0125 0.016233766233766232
0 0.8826219512195121 0.726461038961039 0.013414634146341463 0.020698051948051948
0 0.4070121951219512 0.4699675324675325 0.011890243902439025 0.0174512987012987
0 0.27195121951219514 0.37256493506493504 0.013719512195121951 0.018668831168831168
0 0.5713414634146341 0.16355519480519481 0.015853658536585366 0.020698051948051948
0 0.32957317073170733 0.5669642857142857 0.011280487804878048 0.013798701298701298
0 0.2228658536585366 0.976461038961039 0.013109756097560975 0.0174512987012987
0 0.9307926829268293 0.40868506493506496 0.011280487804878048 0.015016233766233766
0 0.04359756097560975 0.2877435064935065 0.00853658536585366 0.01461038961038961
0 0.12713414634146342 0.01461038961038961 0.012195121951219513 0.013392857142857142
0 0.5719512195121951 0.28125 0.011280487804878048 0.01461038961038961
0 0.573780487804878 0.44642857142857145 0.00975609756097561 0.016639610389610388
0 0.3027439024390244 0.13555194805194806 0.012804878048780487 0.013798701298701298
0 0.0350609756097561 0.9959415584415584 0.010060975609756098 0.012987012987012988
0 0.661280487804878 0.1984577922077922 0.014939024390243902 0.018262987012987012
0 0.899390243902439 0.08685064935064934 0.013719512195121951 0.021103896103896104
0 0.5231707317073171 0.6858766233766234 0.018292682926829267 0.023944805194805196
0 0.5917682926829269 0.021103896103896104 0.014634146341463415 0.020292207792207792
0 0.6457317073170732 0.28936688311688313 0.013109756097560975 0.015422077922077922
0 0.6771341463414634 0.39732142857142855 0.011280487804878048 0.018262987012987012
0 0.23780487804878048 0.7666396103896104 0.0125 0.015422077922077922
0 0.7295731707317074 0.2962662337662338 0.015853658536585366 0.018668831168831168
0 0.6115853658536585 0.713474025974026 0.013414634146341463 0.014204545454545454
0 0.7689024390243903 0.8129058441558441 0.011890243902439025 0.015422077922077922
0 0.9948170731707318 0.4403409090909091 0.010670731707317074 0.013392857142857142
0 0.7621951219512195 0.06209415584415585 0.010670731707317074 0.012175324675324676
0 0.6945121951219512 0.02353896103896104 0.01097560975609756 0.01461038961038961
0 0.12926829268292683 0.6189123376623377 0.019817073170731708 0.022727272727272728
0 0.022560975609756097 0.6672077922077922 0.011280487804878048 0.0174512987012987
0 0.06432926829268293 0.9991883116883117 0.0125 0.01948051948051948
0 0.526219512195122 0.911525974025974 0.012195121951219513 0.012987012987012988
0 0.2222560975609756 0.12175324675324675 0.009451219512195122 0.01461038961038961
0 0.9740853658536586 0.8717532467532467 0.01097560975609756 0.012987012987012988
0 0.016158536585365854 0.8400974025974026 0.011280487804878048 0.010957792207792208
0 0.4585365853658537 0.07061688311688312 0.014939024390243902 0.019886363636363636
0 0.676219512195122 0.71875 0.01707317073170732 0.01948051948051948
0 0.6298780487804878 0.5941558441558441 0.01402439024390244 0.018262987012987012
0 0.44176829268292683 0.705762987012987 0.010060975609756098 0.016639610389610388
0 0.7240853658536586 0.237012987012987 0.00975609756097561 0.012175324675324676
0 0.5454268292682927 0.5637175324675324 0.008841463414634146 0.010551948051948052
0 0.6917682926829268 0.5422077922077922 0.010670731707317074 0.017857142857142856
0 0.5670731707317073 0.6842532467532467 0.012804878048780487 0.020698051948051948
0 0.018902439024390243 0.7288961038961039 0.010365853658536586 0.01176948051948052
0 0.22926829268292684 0.08198051948051949 0.01097560975609756 0.016639610389610388
0 0.3521341463414634 0.48457792207792205 0.01097560975609756 0.015827922077922076
1 0.7338414634146342 0.9707792207792207 0.011890243902439025 0.01176948051948052
1 0.6094512195121952 0.1452922077922078 0.012804878048780487 0.0174512987012987
1 0.775 0.7690746753246753 0.00975609756097561 0.011363636363636364
1 0.8240853658536585 0.653814935064935 0.011585365853658536 0.015016233766233766
1 0.1923780487804878 0.6152597402597403 0.00853658536585366 0.012175324675324676
1 0.030182926829268292 0.8534902597402597 0.012195121951219513 0.016233766233766232
1 0.09451219512195122 0.3226461038961039 0.015853658536585366 0.018262987012987012
1 0.7564024390243902 0.7491883116883117 0.011890243902439025 0.016639610389610388
1 0.06829268292682927 0.48538961038961037 0.014634146341463415 0.016639610389610388
1 0.26890243902439026 0.4099025974025974 0.00853658536585366 0.008116883116883116
1 0.4125 0.42045454545454547 0.010670731707317074 0.012581168831168832
1 0.43109756097560975 0.1737012987012987 0.010365853658536586 0.015827922077922076
1 0.7932926829268293 0.9728084415584416 0.010670731707317074 0.010146103896103896
1 0.3515243902439024 0.773538961038961 0.010060975609756098 0.010551948051948052
1 0.41371951219512193 0.13352272727272727 0.011585365853658536 0.01461038961038961
1 0.6314024390243902 0.7909902597402597 0.012195121951219513 0.0174512987012987
1 0.07652439024390244 0.22646103896103897 0.00975609756097561 0.015827922077922076
1 0.21310975609756097 0.3656655844155844 0.012195121951219513 0.012175324675324676
1 0.6390243902439025 0.13352272727272727 0.014634146341463415 0.015422077922077922
1 0.8158536585365853 0.5089285714285714 0.011280487804878048 0.016233766233766232
1 0.624390243902439 0.6440746753246753 0.011280487804878048 0.01176948051948052
1 0.7289634146341464 0.33887987012987014 0.014634146341463415 0.019886363636363636
1 0.3518292682926829 0.6241883116883117 0.00975609756097561 0.015016233766233766
1 0.37835365853658537 0.9756493506493507 0.011585365853658536 0.015827922077922076
1 0.4320121951219512 0.3762175324675325 0.011585365853658536 0.018262987012987012
1 0.776829268292683 0.09577922077922078 0.013109756097560975 0.016233766233766232
1 0.6064024390243903 0.8912337662337663 0.018597560975609755 0.02353896103896104
1 0.42347560975609755 0.6550324675324676 0.01707317073170732 0.021103896103896104
1 0.10182926829268292 0.6051136363636364 0.010365853658536586 0.015422077922077922
