0 0.6003048780487805 0.7849025974025974 0.01402439024390244 0.022321428571428572
0 0.9426829268292682 0.31939935064935066 0.011890243902439025 0.016639610389610388
0 0.7975609756097561 0.9249188311688312 0.011890243902439025 0.019074675324675324
0 0.041158536585365856 0.5044642857142857 0.015548780487804878 0.024350649350649352
0 0.25853658536585367 0.455762987012987 0.011890243902439025 0.015422077922077922
0 0.7981707317073171 0.9626623376623377 0.008231707317073171 0.01461038961038961
0 0.8957317073170732 0.5905032467532467 0.00975609756097561 0.008928571428571428
0 0.14573170731707316 0.8530844155844156 0.01097560975609756 0.01176948051948052
0 0.6042682926829268 0.9991883116883117 0.013719512195121951 0.017045454545454544
0 0.5695121951219512 0.4476461038961039 0.013414634146341463 0.019074675324675324
0 0.7737804878048781 0.14732142857142858 0.008841463414634146 0.01461038961038961
0 0.4420731707317073 0.7978896103896104 0.011585365853658536 0.016639610389610388
0 0.36829268292682926 0.7094155844155844 0.015548780487804878 0.01948051948051948
0 0.9932926829268293 0.0762987012987013 0.016158536585365854 0.020292207792207792
0 0.7871951219512195 0.6168831168831169 0.011585365853658536 0.0174512987012987
0 0.9728658536585366 0.299512987012987 0.011890243902439025 0.01948051948051948
0 0.7978658536585366 0.21915584415584416 0.013109756097560975 0.013392857142857142
0 0.8804878048780488 0.40665584415584416 0.011280487804878048 0.01176948051948052
0 0.34603658536585363 0.23133116883116883 0.01402439024390244 0.021103896103896104
0 0.1771341463414634 0.9050324675324676 0.010670731707317074 0.0174512987012987
0 0.5195121951219512 0.9492694805194806 0.009146341463414634 0.015422077922077922
0 0.2847560975609756 0.5284090909090909 0.010365853658536586 0.013798701298701298
0 0.1899390243902439 0.9346590909090909 0.011280487804878048 0.015827922077922076
0 0.9975609756097561 0.24228896103896103 0.014329268292682927 0.019074675324675324
0 0.29847560975609755 0.875 0.014634146341463415 0.019886363636363636
0 0.9079268292682927 0.9285714285714286 0.010670731707317074 0.013798701298701298
0 0.0774390243902439 0.06452922077922078 0.01402439024390244 0.02150974025974026
0 0.8530487804878049 0.6493506493506493 0.012804878048780487 0.014204545454545454
0 0.22835365853658537 0.174512987012987 0.00975609756097561 0.013392857142857142
0 0.8594512195121952 0.15827922077922077 0.016158536585365854 0.023133116883116884
0 0.6707317073170732 0.24431818181818182 0.012195121951219513 0.014204545454545454
0 0.10396341463414634 0.24431818181818182 0.011280487804878048 0.017045454545454544
0 0.6088414634146342 0.6079545454545454 0.014634146341463415 0.016233766233766232
0 0.15030487804878048 0.3218344155844156 0.01402439024390244 0.02150974025974026
1 0.8560975609756097 0.21266233766233766 0.01097560975609756 0.010551948051948052
1 0.8576219512195122 0.6209415584415584 0.011585365853658536 0.012175324675324676
1 0.6448170731707317 0.7784090909090909 0.014329268292682927 0.016639610389610388
1 0.8314024390243903 0.2601461038961039 0.013719512195121951 0.02150974025974026
1 0.561890243902439 0.7650162337662337 0.01402439024390244 0.016639610389610388
1 0.038109756097560975 0.7366071428571429 0.014939024390243902 0.02150974025974026
1 0.5682926829268292 0.6209415584415584 0.013109756097560975 0.017045454545454544
1 0.2097560975609756 0.627435064935065 0.01097560975609756 0.012175324675324676
1 0.7887195121951219 0.3181818181818182 0.013719512195121951 0.016639610389610388
1 0.7804878048780488 0.3275162337662338 0.010670731707317074 0.010551948051948052
1 0.5347560975609756 0.5616883116883117 0.007621951219512195 0.007305194805194805
1 0.6996951219512195 0.6810064935064936 0.01676829268292683 0.023944805194805196
1 0.9942073170731708 0.6323051948051948 0.009451219512195122 0.01461038961038961
1 0.2121951219512195 0.2775974025974026 0.015548780487804878 0.019886363636363636
1 0.024390243902439025 0.044237012987012984 0.013719512195121951 0.018668831168831168
1 0.3948170731707317 0.8421266233766234 0.00975609756097561 0.010957792207792208
