0 0.5762195121951219 0.7451298701298701 0.024085365853658537 0.03165584415584415
0 0.0625 0.7398538961038961 0.010365853658536586 0.0174512987012987
0 0.9945121951219512 0.9833603896103896 0.010670731707317074 0.015827922077922076
0 0.3042682926829268 0.7544642857142857 0.011890243902439025 0.0174512987012987
0 0.7435975609756098 0.3664772727272727 0.012195121951219513 0.016233766233766232
0 0.2329268292682927 0.349025974025974 0.00853658536585366 0.015016233766233766
0 0.3207317073170732 0.32589285714285715 0.011890243902439025 0.019074675324675324
0 0.9204268292682927 0.7337662337662337 0.011585365853658536 0.011363636363636364
0 0.013109756097560975 0.5340909090909091 0.013109756097560975 0.017045454545454544
0 0.9490853658536585 0.755275974025974 0.008841463414634146 0.008928571428571428
0 0.4051829268292683 0.1643668831168831 0.014329268292682927 0.021915584415584416
0 0.4682926829268293 0.8465909090909091 0.01097560975609756 0.01176948051948052
0 0.9390243902439024 0.061282467532467536 0.010365853658536586 0.017045454545454544
0 0.8716463414634147 0.36810064935064934 0.013414634146341463 0.016639610389610388
0 0.09176829268292683 0.16964285714285715 0.012804878048780487 0.013798701298701298
0 0.6429878048780487 0.9768668831168831 0.010365853658536586 0.01176948051948052
0 0.9875 0.8295454545454546 0.012804878048780487 0.020292207792207792
0 0.3902439024390244 0.5048701298701299 0.01707317073170732 0.02353896103896104
0 0.6564024390243902 0.11566558441558442 0.012195121951219513 0.012581168831168832
1 0.5847560975609756 0.29586038961038963 0.013414634146341463 0.017857142857142856
1 0.8432926829268292 0.5584415584415584 0.010670731707317074 0.015016233766233766
1 0.9442073170731707 0.9196428571428571 0.010365853658536586 0.012987012987012988
1 0.9826219512195122 0.4695616883116883 0.013719512195121951 0.0174512987012987
1 0.7371951219512195 0.7228084415584416 0.011280487804878048 0.014204545454545454
1 0.6161585365853659 0.4492694805194805 0.01524390243902439 0.02150974025974026
1 0.9457317073170731 0.6396103896103896 0.010670731707317074 0.010957792207792208
1 0.7905487804878049 0.783685064935065 0.014329268292682927 0.022321428571428572
1 0.9652439024390244 0.3319805194805195 0.012195121951219513 0.015827922077922076
1 0.45457317073170733 0.9655032467532467 0.010670731707317074 0.013392857142857142
1 0.9085365853658537 0.0799512987012987 0.014634146341463415 0.018262987012987012
1 0.5698170731707317 0.9054383116883117 0.016463414634146342 0.018668831168831168
1 0.6743902439024391 0.26663961038961037 0.012195121951219513 0.01948051948051948
1 0.6820121951219512 0.4163961038961039 0.016463414634146342 0.019886363636363636
1 0.07347560975609756 0.7443181818181818 0.011890243902439025 0.013392857142857142
1 0.6914634146341463 0.3835227272727273 0.01402439024390244 0.021103896103896104
1 0.6554878048780488 0.9362824675324676 0.012195121951219513 0.012987012987012988
1 0.3283536585365854 0.755275974025974 0.0125 0.014204545454545454
1 0.8926829268292683 0.6400162337662337 0.011585365853658536 0.011363636363636364
1 0.6496951219512195 0.17775974025974026 0.00853658536585366 0.014204545454545454
1 0.21585365853658536 0.2297077922077922 0.013414634146341463 0.015422077922077922
1 0.33201219512195124 0.3161525974025974 0.013719512195121951 0.020292207792207792
1 0.6222560975609757 0.2820616883116883 0.011585365853658536 0.017045454545454544
1 0.04939024390243903 0.7767857142857143 0.017378048780487806 0.022727272727272728
1 0.6381097560975609 0.07792207792207792 0.010060975609756098 0.017045454545454544
1 0.663109756097561 0.9448051948051948 0.013414634146341463 0.015422077922077922
1 0.7219512195121951 0.7175324675324676 0.01676829268292683 0.019074675324675324
1 0.5795731707317073 0.6099837662337663 0.01097560975609756 0.0174512987012987
1 0.6707317073170732 0.48579545454545453 0.0125 0.014204545454545454
1 0.375 0.6915584415584416 0.010060975609756098 0.00974025974025974
