0 0.8722560975609757 0.06290584415584416 0.010060975609756098 0.016639610389610388
0 0.5798780487804878 0.11810064935064934 0.010365853658536586 0.013798701298701298
0 0.2228658536585366 0.41314935064935066 0.010060975609756098 0.010957792207792208
0 0.9338414634146341 0.16233766233766234 0.013414634146341463 0.019886363636363636
0 0.7987804878048781 0.9111201298701299 0.018597560975609755 0.025974025974025976
0 0.6134146341463415 0.8327922077922078 0.011585365853658536 0.015016233766233766
0 0.7149390243902439 0.4752435064935065 0.01768292682926829 0.022321428571428572
0 0.7969512195121952 0.984172077922078 0.010060975609756098 0.011363636363636364
0 0.015548780487804878 0.9797077922077922 0.014329268292682927 0.019886363636363636
0 0.2347560975609756 0.3652597402597403 0.012195121951219513 0.019886363636363636
0 0.7740853658536585 0.4180194805194805 0.009146341463414634 0.015422077922077922
0 0.8701219512195122 0.9188311688311688 0.0125 0.016639610389610388
0 0.26615853658536587 0.8161525974025974 0.012195121951219513 0.015016233766233766
0 0.9591463414634146 0.2780032467532468 0.015548780487804878 0.020698051948051948
0 0.7298780487804878 0.47280844155844154 0.009451219512195122 0.016233766233766232
0 0.9103658536585366 0.14488636363636365 0.011585365853658536 0.015422077922077922
0 0.3621951219512195 0.3851461038961039 0.01676829268292683 0.02353896103896104
0 0.9426829268292682 0.9910714285714286 0.018902439024390243 0.025162337662337664
0 0.2634146341463415 0.4537337662337662 0.012804878048780487 0.016233766233766232
0 0.9780487804878049 0.1176948051948052 0.010060975609756098 0.01461038961038961
0 0.7780487804878049 0.5689935064935064 0.013109756097560975 0.020292207792207792
0 0.4304878048780488 0.9492694805194806 0.011585365853658536 0.015827922077922076
0 0.4801829268292683 0.367288961038961 0.015548780487804878 0.024350649350649352
0 0.9859756097560975 0.7142857142857143 0.008231707317073171 0.012581168831168832
0 0.8219512195121951 0.4419642857142857 0.013414634146341463 0.01461038961038961
0 0.686890243902439 0.3080357142857143 0.01097560975609756 0.013392857142857142
0 0.3466463414634146 0.12459415584415584 0.011585365853658536 0.013798701298701298
0 0.5746951219512195 0.30560064935064934 0.00853658536585366 0.015016233766233766
0 0.9679878048780488 0.2824675324675325 0.01097560975609756 0.014204545454545454
0 0.6021341463414634 0.8612012987012987 0.012804878048780487 0.020698051948051948
0 0.7524390243902439 0.919237012987013 0.018292682926829267 0.027597402597402596
0 0.23810975609756097 0.37662337662337664 0.012804878048780487 0.019886363636363636
0 0.01524390243902439 0.9184253246753247 0.01402439024390244 0.01461038961038961
0 0.450609756097561 0.2536525974025974 0.013414634146341463 0.020698051948051948
0 0.1899390243902439 0.9034090909090909 0.014634146341463415 0.018668831168831168
0 0.8106707317073171 0.96875 0.010670731707317074 0.010551948051948052
0 0.04207317073170732 0.5507305194805194 0.010365853658536586 0.016639610389610388
0 0.7801829268292683 0.46915584415584416 0.01097560975609756 0.015422077922077922
0 0.9503048780487805 0.6635551948051948 0.009146341463414634 0.012175324675324676
0 0.801219512195122 0.7426948051948052 0.013109756097560975 0.015016233766233766
0 0.09298780487804878 0.8303571428571429 0.009146341463414634 0.015016233766233766
0 0.438109756097561 0.6420454545454546 0.013414634146341463 0.013798701298701298
0 0.8347560975609756 0.10714285714285714 0.010060975609756098 0.014204545454545454
0 0.8134146341463414 0.17978896103896103 0.0125 0.020292207792207792
0 0.8045731707317073 0.6594967532467533 0.009451219512195122 0.010146103896103896
0 0.6307926829268292 0.679788961038961 0.016158536585365854 0.019886363636363636
0 0.8015243902439024 0.6834415584415584 0.01524390243902439 0.01948051948051948
0 0.46676829268292686 0.48133116883116883 0.00975609756097561 0.009334415584415584
0 0.7625 0.3656655844155844 0.0125 0.017045454545454544
0 0.7 0.33685064935064934 0.012804878048780487 0.013392857142857142
0 0.013414634146341463 0.8336038961038961 0.00975609756097561 0.015827922077922076
0 0.06097560975609756 0.830762987012987 0.009146341463414634 0.010551948051948052
0 0.14908536585365853 0.8916396103896104 0.013414634146341463 0.018668831168831168
0 0.39939024390243905 0.22605519480519481 0.010670731707317074 0.014204545454545454
0 0.7701219512195122 0.9034090909090909 0.01707317073170732 0.022727272727272728
0 0.713109756097561 0.04667207792207792 0.01097560975609756 0.014204545454545454
0 0.900609756097561 0.6363636363636364 0.01524390243902439 0.021915584415584416
0 0.8899390243902439 0.09415584415584416 0.008841463414634146 0.013798701298701298
0 0.3695121951219512 0.8129058441558441 0.0125 0.019074675324675324
0 0.11798780487804877 0.7581168831168831 0.014634146341463415 0.020292207792207792
0 0.6740853658536585 0.7463474025974026 0.012195121951219513 0.014204545454545454
0 0.32896341463414636 0.46387987012987014 0.015853658536585366 0.023133116883116884
0 0.7350609756097561 0.7954545454545454 0.01097560975609756 0.013798701298701298
0 0.9490853658536585 0.8153409090909091 0.018597560975609755 0.023944805194805196
0 0.1954268292682927 0.3226461038961039 0.010670731707317074 0.010551948051948052
0 0.9588414634146342 0.7694805194805194 0.011890243902439025 0.012987012987012988
0 0.8423780487804878 0.14569805194805194 0.010060975609756098 0.015016233766233766
0 0.4817073170731707 0.39813311688311687 0.010670731707317074 0.01176948051948052
1 0.24329268292682926 0.40381493506493504 0.0125 0.016233766233766232
1 0.9932926829268293 0.06168831168831169 0.01097560975609756 0.018262987012987012
1 0.6844512195121951 0.7191558441558441 0.018292682926829267 0.021915584415584416
1 0.6134146341463415 0.30844155844155846 0.011890243902439025 0.018262987012987012
1 0.4948170731707317 0.6911525974025974 0.01097560975609756 0.011363636363636364
1 0.6731707317073171 0.7771915584415584 0.011890243902439025 0.018262987012987012
1 0.2097560975609756 0.7690746753246753 0.00853658536585366 0.007711038961038961
1 0.2554878048780488 0.5503246753246753 0.011280487804878048 0.01176948051948052
1 0.13353658536585367 0.43141233766233766 0.01920731707317073 0.02150974025974026
1 0.7408536585365854 0.6448863636363636 0.015853658536585366 0.0174512987012987
1 0.5734756097560976 0.4338474025974026 0.010060975609756098 0.016233766233766232
1 0.13567073170731708 0.12053571428571429 0.012195121951219513 0.012175324675324676
1 0.036280487804878046 0.1939935064935065 0.011280487804878048 0.015422077922077922
1 0.7658536585365854 0.3262987012987013 0.014939024390243902 0.023133116883116884
1 0.16859756097560977 0.4094967532467532 0.013414634146341463 0.015422077922077922
1 0.9192073170731707 0.8327922077922078 0.0125 0.012581168831168832
1 0.33963414634146344 0.5450487012987013 0.00975609756097561 0.016233766233766232
