0 0.6478658536585366 0.3400974025974026 0.012195121951219513 0.018668831168831168
0 0.1448170731707317 0.19642857142857142 0.014939024390243902 0.017857142857142856
0 0.7777439024390244 0.27881493506493504 0.014939024390243902 0.019886363636363636
0 0.09939024390243903 0.4837662337662338 0.012195121951219513 0.015827922077922076
0 0.7527439024390243 0.057224025974025976 0.0125 0.016639610389610388
0 0.9878048780487805 0.4537337662337662 0.013719512195121951 0.015422077922077922
0 0.7484756097560976 0.20657467532467533 0.011585365853658536 0.01176948051948052
0 0.9222560975609756 0.627435064935065 0.015548780487804878 0.021915584415584416
0 0.3899390243902439 0.26258116883116883 0.012804878048780487 0.013392857142857142
0 0.3128048780487805 0.5142045454545454 0.013109756097560975 0.013392857142857142
0 0.9039634146341463 0.8534902597402597 0.013109756097560975 0.019074675324675324
0 0.02195121951219512 0.8193993506493507 0.00975609756097561 0.010146103896103896
0 0.7728658536585366 0.5762987012987013 0.010670731707317074 0.016639610389610388
0 0.7027439024390244 0.2224025974025974 0.013109756097560975 0.020292207792207792
0 0.23871951219512194 0.7025162337662337 0.011280487804878048 0.015422077922077922
0 0.08445121951219513 0.19074675324675325 0.011585365853658536 0.018668831168831168
0 0.8304878048780487 0.37256493506493504 0.00975609756097561 0.013392857142857142
0 0.8106707317073171 0.5137987012987013 0.01524390243902439 0.021915584415584416
0 0.8268292682926829 0.08806818181818182 0.015853658536585366 0.020698051948051948
0 0.5621951219512196 0.637987012987013 0.0125 0.017857142857142856
0 0.44420731707317074 0.4719967532467532 0.00975609756097561 0.010551948051948052
0 0.8875 0.515422077922078 0.00975609756097561 0.00974025974025974
0 0.5658536585365853 0.041396103896103896 0.011890243902439025 0.015422077922077922
0 0.4503048780487805 0.362012987012987 0.01707317073170732 0.02556818181818182
0 0.6542682926829269 0.9776785714285714 0.015548780487804878 0.020292207792207792
0 0.0399390243902439 0.6306818181818182 0.012195121951219513 0.013392857142857142
0 0.3628048780487805 0.29667207792207795 0.013109756097560975 0.021103896103896104
0 0.3670731707317073 0.5097402597402597 0.00975609756097561 0.012581168831168832
0 0.723780487804878 0.4744318181818182 0.011890243902439025 0.012987012987012988
0 0.6829268292682927 0.10430194805194805 0.011890243902439025 0.01176948051948052
0 0.7445121951219512 0.4772727272727273 0.013414634146341463 0.013798701298701298
0 0.8189024390243902 0.20941558441558442 0.00975609756097561 0.010146103896103896
0 0.36097560975609755 0.20982142857142858 0.009451219512195122 0.008928571428571428
0 0.17560975609756097 0.7398538961038961 0.0125 0.015827922077922076
0 0.5902439024390244 0.0633116883116883 0.013109756097560975 0.020292207792207792
0 0.38658536585365855 0.765827922077922 0.01768292682926829 0.019886363636363636
0 0.7625 0.547077922077922 0.0125 0.019886363636363636
0 0.12073170731707317 0.2536525974025974 0.0125 0.01461038961038961
0 0.8524390243902439 0.8798701298701299 0.013109756097560975 0.021103896103896104
0 0.873780487804878 0.09862012987012987 0.0125 0.014204545454545454
0 0.27408536585365856 0.5872564935064936 0.012195121951219513 0.012175324675324676
0 0.6234756097560976 0.06168831168831169 0.011280487804878048 0.016639610389610388
0 0.44146341463414634 0.8969155844155844 0.011280487804878048 0.0174512987012987
0 0.4024390243902439 0.7564935064935064 0.0125 0.013392857142857142
0 0.42591463414634145 0.42938311688311687 0.012195121951219513 0.014204545454545454
0 0.3201219512195122 0.5974025974025974 0.011585365853658536 0.018262987012987012
0 0.3698170731707317 0.6469155844155844 0.011890243902439025 0.012987012987012988
0 0.8207317073170731 0.330762987012987 0.013719512195121951 0.019074675324675324
0 0.8990853658536585 0.22199675324675325 0.011585365853658536 0.018668831168831168
0 0.1628048780487805 0.2747564935064935 0.01097560975609756 0.013392857142857142
0 0.48353658536585364 0.4642857142857143 0.01402439024390244 0.0174512987012987
0 0.21067073170731707 0.37905844155844154 0.00975609756097561 0.015016233766233766
0 0.0801829268292683 0.6814123376623377 0.011585365853658536 0.016233766233766232
0 0.6417682926829268 0.5089285714285714 0.015853658536585366 0.0174512987012987
0 0.4896341463414634 0.4017857142857143 0.00975609756097561 0.013798701298701298
0 0.11463414634146342 0.49756493506493504 0.011585365853658536 0.012175324675324676
0 0.13719512195121952 0.37905844155844154 0.011585365853658536 0.013798701298701298
0 0.761280487804878 0.35836038961038963 0.01707317073170732 0.019074675324675324
0 0.7801829268292683 0.43993506493506496 0.010060975609756098 0.010551948051948052
0 0.8466463414634147 0.16355519480519481 0.017378048780487806 0.023944805194805196
0 0.04420731707317073 0.768262987012987 0.0125 0.013798701298701298
0 0.12865853658536586 0.4967532467532468 0.018292682926829267 0.024350649350649352
1 0.2396341463414634 0.6493506493506493 0.01097560975609756 0.016639610389610388
1 0.8064024390243902 0.11607142857142858 0.011890243902439025 0.01461038961038961
1 0.9237804878048781 0.8303571428571429 0.01524390243902439 0.020292207792207792
1 0.44664634146341464 0.7828733766233766 0.016463414634146342 0.023944805194805196
1 0.9588414634146342 0.8624188311688312 0.015548780487804878 0.019074675324675324
1 0.8036585365853659 0.6923701298701299 0.010365853658536586 0.0174512987012987
1 0.44390243902439025 0.5068993506493507 0.012195121951219513 0.012581168831168832
1 0.04939024390243903 0.7114448051948052 0.013719512195121951 0.015016233766233766
1 0.5103658536585366 0.3169642857142857 0.01676829268292683 0.021915584415584416
1 0.8740853658536586 0.23417207792207792 0.012804878048780487 0.016233766233766232
