0 0.8256097560975609 0.13474025974025974 0.009146341463414634 0.010551948051948052
0 0.5298780487804878 0.612012987012987 0.012804878048780487 0.0174512987012987
0 0.8384146341463414 0.9099025974025974 0.010670731707317074 0.015016233766233766
0 0.3820121951219512 0.09050324675324675 0.012195121951219513 0.014204545454545454
0 0.6792682926829269 0.08279220779220779 0.00975609756097561 0.016233766233766232
0 0.573780487804878 0.6452922077922078 0.014939024390243902 0.023133116883116884
0 0.9713414634146341 0.24391233766233766 0.014329268292682927 0.020292207792207792
0 0.9542682926829268 0.3262987012987013 0.01097560975609756 0.012581168831168832
0 0.6481707317073171 0.21672077922077923 0.013109756097560975 0.014204545454545454
0 0.16463414634146342 0.9196428571428571 0.012804878048780487 0.019886363636363636
0 0.8524390243902439 0.828327922077922 0.015548780487804878 0.023944805194805196
0 0.5420731707317074 0.5568181818181818 0.014939024390243902 0.017857142857142856
0 0.28262195121951217 0.5994318181818182 0.010365853658536586 0.016639610389610388
0 0.2682926829268293 0.6846590909090909 0.009451219512195122 0.016233766233766232
0 0.9164634146341464 0.41680194805194803 0.014329268292682927 0.020698051948051948
0 0.9179878048780488 0.2471590909090909 0.013109756097560975 0.01948051948051948
0 0.4216463414634146 0.7593344155844156 0.011280487804878048 0.017857142857142856
0 0.09969512195121952 0.45454545454545453 0.0125 0.013798701298701298
0 0.5033536585365853 0.5332792207792207 0.015853658536585366 0.0174512987012987
0 0.8646341463414634 0.4837662337662338 0.01524390243902439 0.021103896103896104
0 0.16981707317073172 0.7053571428571429 0.011890243902439025 0.013798701298701298
0 0.5835365853658536 0.28125 0.009146341463414634 0.010551948051948052
0 0.27987804878048783 0.8981331168831169 0.015853658536585366 0.02353896103896104
0 0.36646341463414633 0.7106331168831169 0.0125 0.013392857142857142
0 0.9149390243902439 0.987012987012987 0.01097560975609756 0.013798701298701298
0 0.5131097560975609 0.11728896103896104 0.012195121951219513 0.016639610389610388
0 0.6655487804878049 0.9346590909090909 0.013109756097560975 0.017857142857142856
0 0.9878048780487805 0.5685876623376623 0.018597560975609755 0.026379870129870128
0 0.5259146341463414 0.44561688311688313 0.01097560975609756 0.016233766233766232
0 0.8557926829268293 0.6140422077922078 0.01524390243902439 0.018668831168831168
0 0.6716463414634146 0.6318993506493507 0.014634146341463415 0.018668831168831168
0 0.6795731707317073 0.8717532467532467 0.010060975609756098 0.012175324675324676
0 0.3146341463414634 0.0349025974025974 0.01097560975609756 0.015827922077922076
0 0.4173780487804878 0.31412337662337664 0.00975609756097561 0.011363636363636364
0 0.8469512195121951 0.3843344155844156 0.010365853658536586 0.012581168831168832
0 0.3067073170731707 0.875 0.011585365853658536 0.012987012987012988
0 0.7073170731707317 0.38636363636363635 0.01097560975609756 0.017857142857142856
0 0.9073170731707317 0.16355519480519481 0.01402439024390244 0.019886363636363636
0 0.2847560975609756 0.9772727272727273 0.01676829268292683 0.024350649350649352
0 0.926219512195122 0.557224025974026 0.014634146341463415 0.019886363636363636
0 0.40396341463414637 0.48579545454545453 0.011585365853658536 0.012581168831168832
0 0.29847560975609755 0.8181818181818182 0.010365853658536586 0.017045454545454544
0 0.8716463414634147 0.8096590909090909 0.009451219512195122 0.013392857142857142
0 0.5460365853658536 0.78125 0.00975609756097561 0.012581168831168832
0 0.15548780487804878 0.46387987012987014 0.009146341463414634 0.008522727272727272
0 0.7140243902439024 0.32832792207792205 0.01097560975609756 0.016233766233766232
0 0.8164634146341463 0.9545454545454546 0.008231707317073171 0.012987012987012988
0 0.7185975609756098 0.09902597402597403 0.00853658536585366 0.012987012987012988
1 0.09664634146341464 0.9419642857142857 0.011890243902439025 0.0174512987012987
1 0.9420731707317073 0.6749188311688312 0.018597560975609755 0.027597402597402596
1 0.3301829268292683 0.9379058441558441 0.010365853658536586 0.013798701298701298
1 0.9100609756097561 0.2739448051948052 0.01524390243902439 0.016233766233766232
1 0.7164634146341463 0.02353896103896104 0.013109756097560975 0.013392857142857142
1 0.7875 0.33685064935064934 0.011890243902439025 0.015016233766233766
1 0.11128048780487805 0.41761363636363635 0.010365853658536586 0.010957792207792208
1 0.3399390243902439 0.14285714285714285 0.010670731707317074 0.014204545454545454
1 0.05701219512195122 0.8668831168831169 0.012804878048780487 0.013392857142857142
1 0.031402439024390244 0.19155844155844157 0.01402439024390244 0.019074675324675324
1 0.6301829268292682 0.1765422077922078 0.010365853658536586 0.011363636363636364
1 0.8692073170731708 0.8376623376623377 0.01524390243902439 0.022321428571428572
1 0.07103658536585365 0.7662337662337663 0.013719512195121951 0.021103896103896104
1 0.14664634146341463 0.3425324675324675 0.012195121951219513 0.014204545454545454
1 0.18597560975609756 0.21022727272727273 0.014329268292682927 0.016233766233766232
1 0.9179878048780488 0.07873376623376624 0.013109756097560975 0.017857142857142856
1 0.40792682926829266 0.2382305194805195 0.011280487804878048 0.018262987012987012
1 0.4814024390243902 0.21185064935064934 0.010670731707317074 0.016639610389610388
1 0.5579268292682927 0.9488636363636364 0.012195121951219513 0.015827922077922076
1 0.8155487804878049 0.9030032467532467 0.0125 0.020292207792207792
1 0.9435975609756098 0.19521103896103897 0.015853658536585366 0.022321428571428572
1 0.625 0.24675324675324675 0.011280487804878048 0.013798701298701298
1 0.7661585365853658 0.7288961038961039 0.010365853658536586 0.017045454545454544
1 0.7240853658536586 0.06696428571428571 0.013414634146341463 0.0174512987012987
1 0.974390243902439 0.06696428571428571 0.011280487804878048 0.018262987012987012
1 0.34542682926829266 0.9143668831168831 0.009451219512195122 0.012987012987012988
1 0.2371951219512195 0.6298701298701299 0.011585365853658536 0.013392857142857142
1 0.10670731707317073 0.7431006493506493 0.011280487804878048 0.015827922077922076
1 0.025609756097560974 0.8616071428571429 0.014634146341463415 0.015827922077922076
1 0.2786585365853659 0.6521915584415584 0.0125 0.020292207792207792
1 0.5865853658536585 0.5742694805194806 0.00975609756097561 0.013392857142857142
1 0.7100609756097561 0.06696428571428571 0.00853658536585366 0.010146103896103896
1 0.19176829268292683 0.7232142857142857 0.008231707317073171 0.008522727272727272
1 0.37378048780487805 0.6164772727272727 0.011585365853658536 0.012987012987012988
1 0.6301829268292682 0.9675324675324676 0.01707317073170732 0.02556818181818182
1 0.38902439024390245 0.3559253246753247 0.011585365853658536 0.013392857142857142
1 0.24817073170731707 0.37337662337662336 0.009451219512195122 0.016233766233766232
1 0.3182926829268293 0.8108766233766234 0.014329268292682927 0.01948051948051948
1 0.22957317073170733 0.09902597402597403 0.015853658536585366 0.018668831168831168
1 0.4399390243902439 0.33969155844155846 0.013414634146341463 0.02150974025974026
1 0.21890243902439024 0.578327922077922 0.011890243902439025 0.015016233766233766
1 0.8981707317073171 0.797077922077922 0.011890243902439025 0.015016233766233766
1 0.1100609756097561 0.6006493506493507 0.009146341463414634 0.012987012987012988
1 0.22560975609756098 0.4788961038961039 0.011280487804878048 0.018262987012987012
1 0.9856707317073171 0.29788961038961037 0.014939024390243902 0.022321428571428572
1 0.885060975609756 0.38839285714285715 0.010365853658536586 0.010957792207792208
1 0.4426829268292683 0.35957792207792205 0.010670731707317074 0.017857142857142856
1 0.9719512195121951 0.15137987012987014 0.01524390243902439 0.016233766233766232
1 0.9048780487804878 0.549512987012987 0.009146341463414634 0.012987012987012988
1 0.6222560975609757 0.29261363636363635 0.014939024390243902 0.020698051948051948
1 0.5240853658536585 0.5121753246753247 0.010365853658536586 0.0174512987012987
1 0.02103658536585366 0.11444805194805195 0.014634146341463415 0.022727272727272728
1 0.7530487804878049 0.7743506493506493 0.01097560975609756 0.010551948051948052
1 0.47286585365853656 0.9646915584415584 0.00975609756097561 0.012581168831168832
1 0.9984756097560976 0.2905844155844156 0.01402439024390244 0.022321428571428572
1 0.8182926829268292 0.6156655844155844 0.01402439024390244 0.019074675324675324
1 0.5176829268292683 0.6343344155844156 0.010060975609756098 0.014204545454545454
1 0.7807926829268292 0.8843344155844156 0.0125 0.020292207792207792
1 0.30304878048780487 0.7155032467532467 0.014634146341463415 0.018668831168831168
1 0.28841463414634144 0.5612824675324676 0.00975609756097561 0.012581168831168832
1 0.964329268292683 0.11201298701298701 0.01768292682926829 0.024350649350649352
1 0.2814024390243902 0.4472402597402597 0.015548780487804878 0.019074675324675324
1 0.38597560975609757 0.7008928571428571 0.014939024390243902 0.020292207792207792
1 0.2625 0.757711038961039 0.01402439024390244 0.019886363636363636
1 0.40426829268292686 0.7560876623376623 0.013719512195121951 0.01948051948051948
1 0.9310975609756098 0.09740259740259741 0.010060975609756098 0.010551948051948052
1 0.9323170731707318 0.8396915584415584 0.011280487804878048 0.018262987012987012
1 0.1975609756097561 0.8555194805194806 0.012804878048780487 0.015827922077922076
1 0.750609756097561 0.06209415584415585 0.00975609756097561 0.012987012987012988
1 0.1704268292682927 0.2869318181818182 0.016158536585365854 0.020698051948051948
1 0.9158536585365854 0.606737012987013 0.013414634146341463 0.016639610389610388
1 0.6521341463414634 0.9614448051948052 0.011585365853658536 0.011363636363636364
