0 0.5701219512195121 0.21672077922077923 0.011280487804878048 0.01176948051948052
0 0.8396341463414634 0.19886363636363635 0.012804878048780487 0.015422077922077922
0 0.9548780487804878 0.6651785714285714 0.0125 0.017857142857142856
0 0.8036585365853659 0.9257305194805194 0.010060975609756098 0.00974025974025974
0 0.30152439024390243 0.26461038961038963 0.011585365853658536 0.01461038961038961
0 0.6027439024390244 0.2840909090909091 0.013414634146341463 0.015422077922077922
0 0.6469512195121951 0.6741071428571429 0.014939024390243902 0.020698051948051948
0 0.275609756097561 0.11241883116883117 0.0125 0.019886363636363636
0 0.9375 0.9931006493506493 0.013414634146341463 0.01461038961038961
0 0.17347560975609755 0.2775974025974026 0.01097560975609756 0.010957792207792208
0 0.23567073170731706 0.5381493506493507 0.010365853658536586 0.01176948051948052
0 0.7951219512195122 0.47767857142857145 0.0125 0.018668831168831168
0 0.6326219512195121 0.05803571428571429 0.011280487804878048 0.018262987012987012
0 0.8658536585365854 0.8043831168831169 0.009451219512195122 0.008522727272727272
0 0.8783536585365853 0.27719155844155846 0.013414634146341463 0.013798701298701298
0 0.6652439024390244 0.1875 0.010060975609756098 0.012175324675324676
0 0.1125 0.7053571428571429 0.00975609756097561 0.016639610389610388
0 0.8182926829268292 0.492288961038961 0.013109756097560975 0.019074675324675324
0 0.5826219512195122 0.4849837662337662 0.013719512195121951 0.021103896103896104
0 0.03475609756097561 0.21915584415584416 0.01097560975609756 0.01461038961038961
0 0.18384146341463414 0.47564935064935066 0.016158536585365854 0.022727272727272728
0 0.2939024390243902 0.9545454545454546 0.013719512195121951 0.020698051948051948
0 0.9435975609756098 0.20332792207792208 0.010060975609756098 0.010551948051948052
0 0.7826219512195122 0.27435064935064934 0.011280487804878048 0.015016233766233766
0 0.989939024390244 0.5405844155844156 0.013414634146341463 0.019886363636363636
0 0.5862804878048781 0.6116071428571429 0.012804878048780487 0.013392857142857142
0 0.4923780487804878 0.2077922077922078 0.013414634146341463 0.01461038961038961
0 0.26615853658536587 0.9362824675324676 0.011585365853658536 0.012175324675324676
0 0.0475609756097561 0.3823051948051948 0.011280487804878048 0.013392857142857142
0 0.8307926829268293 0.3189935064935065 0.0125 0.013392857142857142
0 0.3847560975609756 0.9261363636363636 0.01676829268292683 0.024350649350649352
0 0.11371951219512196 0.5892857142857143 0.011585365853658536 0.015016233766233766
0 0.11920731707317073 0.45211038961038963 0.00853658536585366 0.010957792207792208
0 0.22378048780487805 0.029626623376623376 0.00975609756097561 0.00974025974025974
0 0.9231707317073171 0.08482142857142858 0.012195121951219513 0.019074675324675324
0 0.05030487804878049 0.9147727272727273 0.01402439024390244 0.019074675324675324
0 0.1597560975609756 0.6688311688311688 0.015548780487804878 0.020698051948051948
0 0.8996951219512195 0.6237824675324676 0.011280487804878048 0.016233766233766232
0 0.07560975609756097 0.8356331168831169 0.01402439024390244 0.0174512987012987
0 0.4698170731707317 0.7439123376623377 0.016463414634146342 0.021103896103896104
0 0.9795731707317074 0.9719967532467533 0.015853658536585366 0.018668831168831168
0 0.9810975609756097 0.494724025974026 0.011280487804878048 0.011363636363636364
0 0.44664634146341464 0.08847402597402597 0.016158536585365854 0.020292207792207792
0 0.04542682926829268 0.2122564935064935 0.010670731707317074 0.015422077922077922
0 0.3152439024390244 0.18831168831168832 0.0125 0.017857142857142856
0 0.5350609756097561 0.036525974025974024 0.01707317073170732 0.024350649350649352
0 0.3695121951219512 0.9683441558441559 0.011280487804878048 0.0174512987012987
0 0.5216463414634146 0.21387987012987014 0.01097560975609756 0.014204545454545454
0 0.6429878048780487 0.2913961038961039 0.00975609756097561 0.013798701298701298
0 0.19634146341463415 0.5251623376623377 0.013414634146341463 0.015827922077922076
0 0.9454268292682927 0.4172077922077922 0.011585365853658536 0.015827922077922076
0 0.3957317073170732 0.8303571428571429 0.010060975609756098 0.016639610389610388
0 0.6524390243902439 0.1875 0.011585365853658536 0.016233766233766232
0 0.10670731707317073 0.5373376623376623 0.010365853658536586 0.016639610389610388
0 0.11920731707317073 0.8478084415584416 0.013109756097560975 0.019074675324675324
1 0.10945121951219512 0.9273538961038961 0.01920731707317073 0.022321428571428572
1 0.7240853658536586 0.07508116883116883 0.014939024390243902 0.023133116883116884
1 0.20853658536585365 0.5369318181818182 0.013719512195121951 0.016233766233766232
1 0.7524390243902439 0.9456168831168831 0.014329268292682927 0.015422077922077922
1 0.6088414634146342 0.04788961038961039 0.01097560975609756 0.010957792207792208
1 0.02926829268292683 0.3226461038961039 0.010060975609756098 0.013392857142857142
1 0.8054878048780488 0.419237012987013 0.014634146341463415 0.015827922077922076
1 0.1173780487804878 0.637987012987013 0.010670731707317074 0.015422077922077922
1 0.030792682926829268 0.588474025974026 0.009451219512195122 0.012987012987012988
1 0.5295731707317073 0.19439935064935066 0.008841463414634146 0.012987012987012988
1 0.4073170731707317 0.9618506493506493 0.016158536585365854 0.01948051948051948
1 0.12469512195121951 0.17167207792207792 0.012804878048780487 0.012987012987012988
1 0.7850609756097561 0.8453733766233766 0.012195121951219513 0.013798701298701298
1 0.9356707317073171 0.29586038961038963 0.0125 0.016639610389610388
1 0.05975609756097561 0.817775974025974 0.014939024390243902 0.022321428571428572
1 0.7009146341463415 0.5580357142857143 0.01097560975609756 0.012175324675324676
1 0.8820121951219512 0.8478084415584416 0.008841463414634146 0.010551948051948052
1 0.21189024390243902 0.9646915584415584 0.014634146341463415 0.015422077922077922
1 0.9585365853658536 0.06655844155844155 0.01402439024390244 0.017045454545454544
1 0.9652439024390244 0.1481331168831169 0.011280487804878048 0.013392857142857142
1 0.2707317073170732 0.09172077922077922 0.014634146341463415 0.020292207792207792
1 0.6832317073170732 0.36688311688311687 0.011280487804878048 0.011363636363636364
1 0.8984756097560975 0.4200487012987013 0.012195121951219513 0.013392857142857142
1 0.13597560975609757 0.20454545454545456 0.01524390243902439 0.023133116883116884
1 0.5542682926829269 0.2930194805194805 0.010060975609756098 0.015016233766233766
1 0.35274390243902437 0.060876623376623376 0.013414634146341463 0.015827922077922076
1 0.5539634146341463 0.45454545454545453 0.019817073170731708 0.030032467532467532
1 0.8003048780487805 0.7045454545454546 0.0125 0.01461038961038961
1 0.3926829268292683 0.8522727272727273 0.010670731707317074 0.012581168831168832
1 0.20182926829268294 0.9123376623376623 0.013109756097560975 0.017857142857142856
1 0.12896341463414634 0.398538961038961 0.013719512195121951 0.02150974025974026
1 0.7112804878048781 0.12297077922077922 0.01707317073170732 0.024350649350649352
1 0.4268292682926829 0.9744318181818182 0.010670731707317074 0.012175324675324676
1 0.9896341463414634 0.9017857142857143 0.011585365853658536 0.019074675324675324
1 0.19908536585365855 0.14569805194805194 0.011585365853658536 0.014204545454545454
1 0.661280487804878 0.231737012987013 0.00975609756097561 0.012175324675324676
1 0.7012195121951219 0.18019480519480519 0.01097560975609756 0.012987012987012988
1 0.8304878048780487 0.8441558441558441 0.011890243902439025 0.013392857142857142
1 0.785670731707317 0.987012987012987 0.008231707317073171 0.010146103896103896
1 0.40762195121951217 0.17532467532467533 0.014634146341463415 0.022727272727272728
1 0.07682926829268293 0.7621753246753247 0.018292682926829267 0.020292207792207792
1 0.5329268292682927 0.6737012987012987 0.010060975609756098 0.013392857142857142
1 0.08689024390243902 0.6976461038961039 0.016158536585365854 0.023944805194805196
