0 0.7685975609756097 0.23863636363636365 0.013109756097560975 0.014204545454545454
0 0.18292682926829268 0.3287337662337662 0.010060975609756098 0.014204545454545454
0 0.7216463414634147 0.8165584415584416 0.01097560975609756 0.01461038961038961
0 0.6332317073170731 0.9383116883116883 0.01097560975609756 0.018262987012987012
0 0.863719512195122 0.05397727272727273 0.01097560975609756 0.012175324675324676
0 0.46402439024390246 0.7796266233766234 0.013109756097560975 0.01948051948051948
0 0.2073170731707317 0.43912337662337664 0.011280487804878048 0.012581168831168832
0 0.1722560975609756 0.18262987012987014 0.011585365853658536 0.015422077922077922
0 0.6963414634146341 0.3530844155844156 0.00975609756097561 0.012581168831168832
0 0.5646341463414634 0.4797077922077922 0.01768292682926829 0.021915584415584416
0 0.675 0.026785714285714284 0.013719512195121951 0.020698051948051948
0 0.7378048780487805 0.6627435064935064 0.011280487804878048 0.015016233766233766
0 0.024695121951219513 0.0698051948051948 0.010365853658536586 0.016233766233766232
0 0.2399390243902439 0.10836038961038962 0.0125 0.016233766233766232
0 0.25121951219512195 0.8344155844155844 0.01097560975609756 0.017857142857142856
0 0.9926829268292683 0.351461038961039 0.013414634146341463 0.015827922077922076
0 0.33932926829268295 0.8551136363636364 0.0125 0.015827922077922076
0 0.15853658536585366 0.1578733766233766 0.0125 0.0174512987012987
0 0.29115853658536583 0.945211038961039 0.015853658536585366 0.019886363636363636
0 0.43109756097560975 0.744724025974026 0.009146341463414634 0.013392857142857142
0 0.057926829268292686 0.6185064935064936 0.010670731707317074 0.013392857142857142
0 0.026829268292682926 0.15827922077922077 0.01402439024390244 0.015827922077922076
0 0.12042682926829268 0.846185064935065 0.018902439024390243 0.028409090909090908
0 0.7301829268292683 0.9443993506493507 0.013414634146341463 0.01948051948051948
0 0.5384146341463415 0.9362824675324676 0.01524390243902439 0.020698051948051948
0 0.7304878048780488 0.752435064935065 0.01676829268292683 0.025974025974025976
0 0.8475609756097561 0.15625 0.016158536585365854 0.022321428571428572
0 0.6899390243902439 0.7934253246753247 0.00975609756097561 0.016233766233766232
0 0.6103658536585366 0.6294642857142857 0.010670731707317074 0.010957792207792208
0 0.3975609756097561 0.75 0.012195121951219513 0.013392857142857142
0 0.22134146341463415 0.5133928571428571 0.01402439024390244 0.017857142857142856
0 0.41067073170731705 0.7950487012987013 0.010670731707317074 0.012987012987012988
0 0.7692073170731707 0.6400162337662337 0.010060975609756098 0.012581168831168832
0 0.16402439024390245 0.39732142857142855 0.010670731707317074 0.014204545454545454
0 0.8057926829268293 0.8068181818181818 0.009451219512195122 0.015016233766233766
0 0.5689024390243902 0.588474025974026 0.009146341463414634 0.008928571428571428
0 0.7115853658536585 0.6416396103896104 0.020426829268292684 0.025162337662337664
0 0.561280487804878 0.16030844155844157 0.012804878048780487 0.016639610389610388
0 0.29085365853658535 0.8242694805194806 0.01524390243902439 0.018668831168831168
0 0.06707317073170732 0.689935064935065 0.009451219512195122 0.01461038961038961
0 0.3274390243902439 0.3315746753246753 0.0125 0.019886363636363636
0 0.49573170731707317 0.8336038961038961 0.010670731707317074 0.015422077922077922
0 0.12896341463414634 0.6931818181818182 0.0125 0.015422077922077922
0 0.20762195121951219 0.971185064935065 0.012195121951219513 0.013798701298701298
0 0.3073170731707317 0.7191558441558441 0.009146341463414634 0.01461038961038961
0 0.7320121951219513 0.5819805194805194 0.013414634146341463 0.021103896103896104
0 0.5573170731707318 0.5629058441558441 0.01097560975609756 0.011363636363636364
0 0.5682926829268292 0.2556818181818182 0.010670731707317074 0.013392857142857142
0 0.6557926829268292 0.6838474025974026 0.008841463414634146 0.01461038961038961
0 0.22134146341463415 0.640827922077922 0.01524390243902439 0.021915584415584416
0 0.9545731707317073 0.7816558441558441 0.009146341463414634 0.012175324675324676
0 0.7871951219512195 0.8364448051948052 0.016463414634146342 0.018668831168831168
0 0.043292682926829265 0.7382305194805194 0.014634146341463415 0.019074675324675324
0 0.26189024390243903 0.273538961038961 0.01524390243902439 0.023944805194805196
0 0.3304878048780488 0.7268668831168831 0.014634146341463415 0.021915584415584416
0 0.8435975609756098 0.47362012987012986 0.011890243902439025 0.01176948051948052
0 0.5237804878048781 0.4699675324675325 0.011280487804878048 0.01461038961038961
0 0.7621951219512195 0.20657467532467533 0.011890243902439025 0.017045454545454544
0 0.813109756097561 0.8924512987012987 0.009146341463414634 0.01176948051948052
0 0.48323170731707316 0.6444805194805194 0.011890243902439025 0.016639610389610388
0 0.6801829268292683 0.6416396103896104 0.01707317073170732 0.018668831168831168
0 0.2475609756097561 0.935064935064935 0.00975609756097561 0.016233766233766232
0 0.9914634146341463 0.7426948051948052 0.010060975609756098 0.017045454545454544
0 0.8125 0.8457792207792207 0.01402439024390244 0.015827922077922076
0 0.8039634146341463 0.8234577922077922 0.012804878048780487 0.020698051948051948
0 0.07560975609756097 0.6136363636363636 0.00975609756097561 0.010146103896103896
0 0.032621951219512196 0.6635551948051948 0.013719512195121951 0.02150974025974026
0 0.23079268292682928 0.8311688311688312 0.01768292682926829 0.02353896103896104
0 0.29054878048780486 0.7118506493506493 0.009146341463414634 0.01461038961038961
1 0.7545731707317073 0.27069805194805197 0.01097560975609756 0.017045454545454544
1 0.7125 0.5633116883116883 0.009146341463414634 0.00974025974025974
1 0.1951219512195122 0.29464285714285715 0.011890243902439025 0.013392857142857142
1 0.9289634146341463 0.16842532467532467 0.0125 0.016233766233766232
1 0.7661585365853658 0.07832792207792208 0.0125 0.020292207792207792
1 0.20518292682926828 0.8145292207792207 0.015548780487804878 0.022321428571428572
1 0.4271341463414634 0.4439935064935065 0.00975609756097561 0.009334415584415584
1 0.3146341463414634 0.24147727272727273 0.013109756097560975 0.020292207792207792
1 0.3591463414634146 0.830762987012987 0.013414634146341463 0.021103896103896104
1 0.4530487804878049 0.15868506493506493 0.009146341463414634 0.015016233766233766
1 0.7628048780487805 0.7800324675324676 0.013109756097560975 0.014204545454545454
1 0.032926829268292684 0.8064123376623377 0.01402439024390244 0.021103896103896104
1 0.3884146341463415 0.08035714285714286 0.010670731707317074 0.0174512987012987
1 0.31341463414634146 0.3823051948051948 0.011585365853658536 0.015422077922077922
1 0.9185975609756097 0.9784902597402597 0.010670731707317074 0.016233766233766232
1 0.14573170731707316 0.6493506493506493 0.010060975609756098 0.010146103896103896
1 0.9551829268292683 0.8754058441558441 0.010365853658536586 0.012175324675324676
1 0.6426829268292683 0.1481331168831169 0.01402439024390244 0.0174512987012987
1 0.06128048780487805 0.03936688311688312 0.00975609756097561 0.01461038961038961
1 0.6405487804878048 0.24553571428571427 0.01524390243902439 0.02353896103896104
1 0.1469512195121951 0.4752435064935065 0.012804878048780487 0.015827922077922076
1 0.7304878048780488 0.419237012987013 0.015548780487804878 0.01948051948051948
1 0.5277439024390244 0.5361201298701299 0.015548780487804878 0.0174512987012987
1 0.4426829268292683 0.08116883116883117 0.014939024390243902 0.0174512987012987
1 0.23597560975609755 0.7650162337662337 0.015853658536585366 0.024350649350649352
1 0.5756097560975609 0.8721590909090909 0.013719512195121951 0.01461038961038961
1 0.37926829268292683 0.4849837662337662 0.014939024390243902 0.016233766233766232
1 0.2423780487804878 0.044237012987012984 0.010060975609756098 0.016233766233766232
1 0.786280487804878 0.4971590909090909 0.011280487804878048 0.014204545454545454
1 0.5856707317073171 0.9679383116883117 0.011585365853658536 0.018668831168831168
1 0.4149390243902439 0.27962662337662336 0.009451219512195122 0.008928571428571428
1 0.450609756097561 0.7974837662337663 0.01097560975609756 0.013392857142857142
1 0.3353658536585366 0.2727272727272727 0.010670731707317074 0.015422077922077922
1 0.6286585365853659 0.7288961038961039 0.011585365853658536 0.015827922077922076
1 0.8871951219512195 0.20941558441558442 0.0125 0.017045454545454544
1 0.31920731707317074 0.4780844155844156 0.015853658536585366 0.02353896103896104
1 0.2978658536585366 0.6359577922077922 0.01097560975609756 0.015422077922077922
1 0.29054878048780486 0.9776785714285714 0.013719512195121951 0.021103896103896104
1 0.1198170731707317 0.9253246753246753 0.010060975609756098 0.010957792207792208
1 0.31646341463414634 0.5616883116883117 0.011585365853658536 0.012987012987012988
1 0.33140243902439026 0.903814935064935 0.012804878048780487 0.016639610389610388
1 0.6396341463414634 0.734577922077922 0.010060975609756098 0.012581168831168832
1 0.5128048780487805 0.20170454545454544 0.01097560975609756 0.012175324675324676
1 0.3908536585365854 0.1956168831168831 0.011890243902439025 0.017857142857142856
1 0.2923780487804878 0.28530844155844154 0.014634146341463415 0.022727272727272728
1 0.02926829268292683 0.18871753246753248 0.009451219512195122 0.013392857142857142
1 0.01402439024390244 0.775974025974026 0.01402439024390244 0.020698051948051948
1 0.06341463414634146 0.0872564935064935 0.013719512195121951 0.020698051948051948
1 0.6564024390243902 0.1278409090909091 0.013719512195121951 0.014204545454545454
1 0.4375 0.024756493506493508 0.010670731707317074 0.017045454545454544
1 0.14329268292682926 0.2086038961038961 0.014939024390243902 0.0174512987012987
1 0.0801829268292683 0.4407467532467532 0.00975609756097561 0.011363636363636364
1 0.3335365853658537 0.515422077922078 0.01402439024390244 0.019886363636363636
1 0.11219512195121951 0.872564935064935 0.01524390243902439 0.016639610389610388
1 0.4606707317073171 0.21875 0.011585365853658536 0.018262987012987012
1 0.6280487804878049 0.07873376623376624 0.010670731707317074 0.012987012987012988
1 0.47865853658536583 0.9204545454545454 0.009146341463414634 0.013392857142857142
