0 0.21036585365853658 0.5827922077922078 0.010670731707317074 0.010146103896103896
0 0.5756097560975609 0.15949675324675325 0.01097560975609756 0.016233766233766232
0 0.6600609756097561 0.6051136363636364 0.009146341463414634 0.010957792207792208
0 0.4814024390243902 0.762987012987013 0.011280487804878048 0.012581168831168832
0 0.05609756097560976 0.10470779220779221 0.012195121951219513 0.016639610389610388
0 0.6804878048780488 0.08806818181818182 0.014329268292682927 0.017857142857142856
0 0.05274390243902439 0.7702922077922078 0.011280487804878048 0.017045454545454544
0 0.21097560975609755 0.037337662337662336 0.014634146341463415 0.015827922077922076
0 0.22103658536585366 0.3887987012987013 0.010060975609756098 0.015827922077922076
0 0.5682926829268292 0.26704545454545453 0.010060975609756098 0.014204545454545454
0 0.26676829268292684 0.4025974025974026 0.01402439024390244 0.020292207792207792
0 0.02195121951219512 0.43506493506493504 0.008841463414634146 0.012175324675324676
0 0.8399390243902439 0.7374188311688312 0.011890243902439025 0.013392857142857142
0 0.6689024390243903 0.24797077922077923 0.011280487804878048 0.017857142857142856
0 0.17256097560975608 0.9151785714285714 0.012804878048780487 0.020292207792207792
0 0.13353658536585367 0.5426136363636364 0.013414634146341463 0.015827922077922076
0 0.12378048780487805 0.8137175324675324 0.008231707317073171 0.012175324675324676
0 0.09603658536585366 0.6866883116883117 0.015548780487804878 0.021915584415584416
0 0.8878048780487805 0.1359577922077922 0.012195121951219513 0.01461038961038961
0 0.8954268292682926 0.14042207792207792 0.013719512195121951 0.017045454545454544
0 0.08841463414634146 0.643262987012987 0.010060975609756098 0.010957792207792208
0 0.17926829268292682 0.742288961038961 0.011585365853658536 0.012987012987012988
0 0.21951219512195122 0.21306818181818182 0.011890243902439025 0.012581168831168832
0 0.8152439024390243 0.3218344155844156 0.014634146341463415 0.015827922077922076
0 0.9945121951219512 0.8465909090909091 0.018597560975609755 0.025974025974025976
0 0.9414634146341463 0.6298701298701299 0.012804878048780487 0.015016233766233766
0 0.7067073170731707 0.38839285714285715 0.01676829268292683 0.019074675324675324
0 0.5844512195121951 0.4155844155844156 0.011280487804878048 0.012581168831168832
0 0.525609756097561 0.10308441558441558 0.012195121951219513 0.014204545454545454
0 0.5216463414634146 0.935064935064935 0.011585365853658536 0.013392857142857142
0 0.1926829268292683 0.7171266233766234 0.012195121951219513 0.018262987012987012
0 0.1899390243902439 0.7593344155844156 0.00975609756097561 0.012175324675324676
0 0.4951219512195122 0.672077922077922 0.01676829268292683 0.023944805194805196
0 0.09298780487804878 0.3340097402597403 0.010365853658536586 0.01176948051948052
0 0.7051829268292683 0.1278409090909091 0.011585365853658536 0.011363636363636364
0 0.5960365853658537 0.21428571428571427 0.015548780487804878 0.018668831168831168
0 0.2704268292682927 0.07021103896103896 0.00853658536585366 0.008928571428571428
0 0.7935975609756097 0.255275974025974 0.011280487804878048 0.013798701298701298
0 0.39695121951219514 0.8494318181818182 0.010060975609756098 0.011363636363636364
0 0.19085365853658537 0.7402597402597403 0.010365853658536586 0.01461038961038961
0 0.6542682926829269 0.3007305194805195 0.014329268292682927 0.022727272727272728
0 0.3274390243902439 0.3068181818181818 0.011890243902439025 0.016233766233766232
0 0.9689024390243902 0.12215909090909091 0.013719512195121951 0.018668831168831168
0 0.18292682926829268 0.9829545454545454 0.01097560975609756 0.018262987012987012
0 0.7375 0.06939935064935066 0.009146341463414634 0.008522727272727272
0 0.4820121951219512 0.24228896103896103 0.011890243902439025 0.018668831168831168
0 0.3853658536585366 0.6854707792207793 0.009451219512195122 0.008522727272727272
0 0.47012195121951217 0.22118506493506493 0.013109756097560975 0.018668831168831168
0 0.811280487804878 0.8250811688311688 0.012195121951219513 0.018262987012987012
0 0.2152439024390244 0.7897727272727273 0.016158536585365854 0.022727272727272728
0 0.36371951219512194 0.48457792207792205 0.014329268292682927 0.020292207792207792
0 0.07286585365853658 0.679788961038961 0.016158536585365854 0.01948051948051948
1 0.2804878048780488 0.43060064935064934 0.010670731707317074 0.012987012987012988
1 0.7923780487804878 0.23660714285714285 0.010060975609756098 0.009334415584415584
1 0.9234756097560975 0.841314935064935 0.0125 0.015016233766233766
1 0.22195121951219512 0.09172077922077922 0.012804878048780487 0.019886363636363636
1 0.838719512195122 0.11160714285714286 0.0125 0.019074675324675324
1 0.29115853658536583 0.7982954545454546 0.013414634146341463 0.020292207792207792
1 0.043292682926829265 0.5681818181818182 0.012804878048780487 0.01461038961038961
1 0.36859756097560975 0.5361201298701299 0.012195121951219513 0.013798701298701298
1 0.11859756097560975 0.5438311688311688 0.014634146341463415 0.019074675324675324
1 0.988719512195122 0.08035714285714286 0.011585365853658536 0.018668831168831168
1 0.811280487804878 0.7991071428571429 0.012804878048780487 0.020292207792207792
1 0.18140243902439024 0.6517857142857143 0.01402439024390244 0.015016233766233766
1 0.6841463414634147 0.17329545454545456 0.010670731707317074 0.012987012987012988
1 0.7292682926829268 0.17775974025974026 0.015853658536585366 0.018668831168831168
1 0.474390243902439 0.6351461038961039 0.012804878048780487 0.019074675324675324
1 0.9137195121951219 0.3189935064935065 0.012804878048780487 0.01461038961038961
1 0.9810975609756097 0.9005681818181818 0.012804878048780487 0.01461038961038961
1 0.7390243902439024 0.17167207792207792 0.012195121951219513 0.013798701298701298
1 0.7356707317073171 0.5665584415584416 0.00975609756097561 0.015422077922077922
1 0.5771341463414634 0.6972402597402597 0.009451219512195122 0.015422077922077922
1 0.25121951219512195 0.3060064935064935 0.011280487804878048 0.018668831168831168
1 0.4274390243902439 0.6018668831168831 0.014329268292682927 0.019886363636363636
1 0.5161585365853658 0.4809253246753247 0.013719512195121951 0.01461038961038961
1 0.7051829268292683 0.9508928571428571 0.018597560975609755 0.028003246753246752
1 0.32378048780487806 0.014204545454545454 0.011280487804878048 0.013798701298701298
1 0.7981707317073171 0.33238636363636365 0.0125 0.015422077922077922
1 0.8588414634146342 0.45413961038961037 0.010365853658536586 0.01461038961038961
1 0.6826219512195122 0.7913961038961039 0.0125 0.013798701298701298
1 0.1100609756097561 0.2297077922077922 0.016463414634146342 0.023944805194805196
1 0.8640243902439024 0.8766233766233766 0.009451219512195122 0.010551948051948052
1 0.9810975609756097 0.3112824675324675 0.011890243902439025 0.018668831168831168
1 0.9448170731707317 0.8429383116883117 0.009451219512195122 0.016233766233766232
1 0.9125 0.04626623376623377 0.01097560975609756 0.013392857142857142
1 0.688109756097561 0.12012987012987013 0.01768292682926829 0.020292207792207792
1 0.22713414634146342 0.05397727272727273 0.008841463414634146 0.008116883116883116
1 0.03597560975609756 0.6063311688311688 0.010060975609756098 0.013392857142857142
1 0.9972560975609757 0.6132305194805194 0.013109756097560975 0.015827922077922076
1 0.3073170731707317 0.729301948051948 0.009451219512195122 0.015016233766233766
1 0.8798780487804878 0.4099025974025974 0.011280487804878048 0.01461038961038961
1 0.06554878048780488 0.5560064935064936 0.012804878048780487 0.0174512987012987
