0 0.6942073170731707 0.9387175324675324 0.010670731707317074 0.011363636363636364
0 0.7625 0.5560064935064936 0.016158536585365854 0.01948051948051948
0 0.10579268292682927 0.5819805194805194 0.012804878048780487 0.015827922077922076
0 0.6795731707317073 0.5608766233766234 0.01768292682926829 0.024756493506493508
0 0.4658536585365854 0.7215909090909091 0.013109756097560975 0.017857142857142856
0 0.4475609756097561 0.06655844155844155 0.009146341463414634 0.015016233766233766
0 0.9271341463414634 0.34780844155844154 0.014634146341463415 0.015422077922077922
0 0.7317073170731707 0.7357954545454546 0.013719512195121951 0.01461038961038961
0 0.09908536585365854 0.17126623376623376 0.00975609756097561 0.015016233766233766
0 0.33414634146341465 0.33035714285714285 0.01402439024390244 0.01461038961038961
0 0.4201219512195122 0.7739448051948052 0.013414634146341463 0.019886363636363636
0 0.5024390243902439 0.9013798701298701 0.010670731707317074 0.01176948051948052
0 0.7923780487804878 0.06939935064935066 0.013109756097560975 0.018262987012987012
0 0.5920731707317073 0.554788961038961 0.01097560975609756 0.014204545454545454
0 0.6939024390243902 0.5641233766233766 0.009451219512195122 0.00974025974025974
0 0.6737804878048781 0.773538961038961 0.014634146341463415 0.023133116883116884
0 0.510060975609756 0.617288961038961 0.0125 0.020292207792207792
0 0.7609756097560976 0.7362012987012987 0.013414634146341463 0.020292207792207792
0 0.4871951219512195 0.1010551948051948 0.014634146341463415 0.015827922077922076
0 0.9551829268292683 0.29910714285714285 0.01097560975609756 0.013392857142857142
0 0.8804878048780488 0.6525974025974026 0.013719512195121951 0.0174512987012987
0 0.6335365853658537 0.5474837662337663 0.009451219512195122 0.015422077922077922
0 0.032621951219512196 0.6375811688311688 0.017378048780487806 0.01948051948051948
0 0.9789634146341464 0.46875 0.011280487804878048 0.015016233766233766
0 0.026829268292682926 0.040584415584415584 0.01676829268292683 0.024350649350649352
0 0.5009146341463414 0.971185064935065 0.008231707317073171 0.007711038961038961
0 0.0875 0.3181818181818182 0.01097560975609756 0.018262987012987012
0 0.8317073170731707 0.040584415584415584 0.0125 0.016233766233766232
0 0.41097560975609754 0.15584415584415584 0.011585365853658536 0.018262987012987012
0 0.04695121951219512 0.7159090909090909 0.009146341463414634 0.013798701298701298
0 0.5628048780487804 0.8246753246753247 0.0125 0.013798701298701298
0 0.7341463414634146 0.6335227272727273 0.01951219512195122 0.02353896103896104
0 0.046646341463414634 0.9598214285714286 0.010670731707317074 0.010146103896103896
0 0.8701219512195122 0.16112012987012986 0.015548780487804878 0.023133116883116884
0 0.0850609756097561 0.7528409090909091 0.015853658536585366 0.023133116883116884
0 0.37926829268292683 0.9801136363636364 0.0125 0.01461038961038961
0 0.675609756097561 0.5856331168831169 0.011890243902439025 0.019074675324675324
0 0.4996951219512195 0.12378246753246754 0.013109756097560975 0.018668831168831168
0 0.6310975609756098 0.5823863636363636 0.011890243902439025 0.015016233766233766
0 0.35121951219512193 0.7723214285714286 0.013414634146341463 0.019074675324675324
0 0.8085365853658537 0.9569805194805194 0.010365853658536586 0.011363636363636364
0 0.175 0.30844155844155846 0.0125 0.018668831168831168
0 0.46158536585365856 0.257711038961039 0.009146341463414634 0.008928571428571428
0 0.06554878048780488 0.6461038961038961 0.013109756097560975 0.014204545454545454
0 0.31067073170731707 0.6176948051948052 0.010670731707317074 0.01176948051948052
0 0.936280487804878 0.778814935064935 0.015548780487804878 0.016639610389610388
0 0.22926829268292684 0.26136363636363635 0.01768292682926829 0.026785714285714284
0 0.49146341463414633 0.838474025974026 0.013109756097560975 0.015422077922077922
0 0.8612804878048781 0.12378246753246754 0.015853658536585366 0.021103896103896104
0 0.5271341463414634 0.830762987012987 0.010365853658536586 0.012175324675324676
0 0.6387195121951219 0.8238636363636364 0.009146341463414634 0.015016233766233766
0 0.4695121951219512 0.1396103896103896 0.013719512195121951 0.0174512987012987
0 0.38902439024390245 0.846185064935065 0.014939024390243902 0.021915584415584416
0 0.676219512195122 0.601461038961039 0.010365853658536586 0.0174512987012987
0 0.6807926829268293 0.3344155844155844 0.0125 0.012987012987012988
0 0.30609756097560975 0.3835227272727273 0.010060975609756098 0.014204545454545454
0 0.18871951219512195 0.10430194805194805 0.010365853658536586 0.015016233766233766
0 0.5646341463414634 0.20373376623376624 0.011280487804878048 0.016639610389610388
0 0.9810975609756097 0.8080357142857143 0.008841463414634146 0.014204545454545454
0 0.39176829268292684 0.21347402597402598 0.010060975609756098 0.01176948051948052
0 0.9222560975609756 0.6116071428571429 0.013719512195121951 0.015827922077922076
0 0.3591463414634146 0.2564935064935065 0.011280487804878048 0.018668831168831168
0 0.3524390243902439 0.9614448051948052 0.01768292682926829 0.021915584415584416
0 0.6411585365853658 0.7467532467532467 0.009451219512195122 0.00974025974025974
0 0.29359756097560974 0.7094155844155844 0.012804878048780487 0.016233766233766232
0 0.8332317073170732 0.6436688311688312 0.011585365853658536 0.018668831168831168
0 0.3179878048780488 0.13392857142857142 0.010060975609756098 0.01176948051948052
0 0.8210365853658537 0.6213474025974026 0.011585365853658536 0.01461038961038961
0 0.2969512195121951 0.4099025974025974 0.01402439024390244 0.022321428571428572
0 0.3597560975609756 0.672077922077922 0.012804878048780487 0.019886363636363636
0 0.400609756097561 0.9926948051948052 0.013109756097560975 0.0174512987012987
0 0.24908536585365854 0.2715097402597403 0.012195121951219513 0.012175324675324676
0 0.6564024390243902 0.09537337662337662 0.0125 0.017045454545454544
0 0.8356707317073171 0.7426948051948052 0.018292682926829267 0.026785714285714284
0 0.6539634146341463 0.39569805194805197 0.010365853658536586 0.012987012987012988
0 0.36859756097560975 0.44561688311688313 0.010365853658536586 0.010551948051948052
0 0.5820121951219512 0.5344967532467533 0.014329268292682927 0.019074675324675324
0 0.9164634146341464 0.07142857142857142 0.013719512195121951 0.014204545454545454
0 0.5496951219512195 0.6590909090909091 0.008841463414634146 0.012175324675324676
0 0.25365853658536586 0.17694805194805194 0.014329268292682927 0.016233766233766232
0 0.975 0.6521915584415584 0.01402439024390244 0.02150974025974026
0 0.6390243902439025 0.862012987012987 0.0125 0.016233766233766232
0 0.8792682926829268 0.0349025974025974 0.012195121951219513 0.013392857142857142
0 0.9442073170731707 0.4967532467532468 0.00975609756097561 0.008928571428571428
0 0.7213414634146341 0.3198051948051948 0.0125 0.015422077922077922
0 0.6625 0.908685064935065 0.014329268292682927 0.0174512987012987
0 0.043292682926829265 0.24918831168831168 0.015853658536585366 0.019074675324675324
0 0.2625 0.5125811688311688 0.012195121951219513 0.017857142857142856
0 0.029573170731707316 0.398538961038961 0.012195121951219513 0.017857142857142856
1 0.16341463414634147 0.53125 0.011585365853658536 0.017045454545454544
1 0.13353658536585367 0.18262987012987014 0.011890243902439025 0.012987012987012988
1 0.9253048780487805 0.9066558441558441 0.010060975609756098 0.011363636363636364
1 0.6003048780487805 0.5994318181818182 0.011280487804878048 0.016639610389610388
1 0.9865853658536585 0.7698863636363636 0.014329268292682927 0.01948051948051948
1 0.6344512195121951 0.591314935064935 0.010365853658536586 0.010551948051948052
1 0.6253048780487804 0.7962662337662337 0.01097560975609756 0.013392857142857142
1 0.08689024390243902 0.9082792207792207 0.01402439024390244 0.015827922077922076
1 0.3128048780487805 0.5186688311688312 0.016463414634146342 0.02150974025974026
1 0.9905487804878049 0.7333603896103896 0.016158536585365854 0.020292207792207792
1 0.01676829268292683 0.476461038961039 0.016158536585365854 0.021915584415584416
1 0.974390243902439 0.7491883116883117 0.014634146341463415 0.016233766233766232
1 0.3466463414634146 0.11323051948051949 0.01798780487804878 0.025974025974025976
1 0.14878048780487804 0.49756493506493504 0.0125 0.019886363636363636
1 0.7030487804878048 0.5093344155844156 0.014634146341463415 0.020698051948051948
1 0.6414634146341464 0.09699675324675325 0.009146341463414634 0.012581168831168832
