0 0.6560975609756098 0.5231331168831169 0.011890243902439025 0.016639610389610388
0 0.9844512195121952 0.6310876623376623 0.013414634146341463 0.02150974025974026
0 0.9176829268292683 0.9659090909090909 0.0125 0.017857142857142856
0 0.23932926829268292 0.16680194805194806 0.014329268292682927 0.0174512987012987
0 0.18536585365853658 0.5304383116883117 0.013109756097560975 0.018668831168831168
0 0.2939024390243902 0.3522727272727273 0.009146341463414634 0.013392857142857142
0 0.24176829268292682 0.036525974025974024 0.013414634146341463 0.019074675324675324
0 0.27926829268292686 0.2528409090909091 0.014329268292682927 0.022321428571428572
0 0.32926829268292684 0.7824675324675324 0.011585365853658536 0.011363636363636364
0 0.6155487804878049 0.18668831168831168 0.01676829268292683 0.019886363636363636
0 0.24573170731707317 0.7767857142857143 0.013109756097560975 0.016639610389610388
0 0.1926829268292683 0.5568181818181818 0.010060975609756098 0.010957792207792208
1 0.16189024390243903 0.8129058441558441 0.011890243902439025 0.017045454545454544
1 0.6951219512195121 0.6189123376623377 0.014329268292682927 0.021915584415584416
1 0.27652439024390246 0.9914772727272727 0.008841463414634146 0.008522727272727272
1 0.04176829268292683 0.9111201298701299 0.011280487804878048 0.0174512987012987
1 0.4094512195121951 0.255275974025974 0.015853658536585366 0.023944805194805196
1 0.9939024390243902 0.22483766233766234 0.017378048780487806 0.022727272727272728
1 0.6923780487804878 0.7987012987012987 0.012804878048780487 0.0174512987012987
1 0.7628048780487805 0.8445616883116883 0.012804878048780487 0.018262987012987012
1 0.9478658536585366 0.10470779220779221 0.01097560975609756 0.015016233766233766
1 0.2707317073170732 0.05357142857142857 0.013109756097560975 0.018262987012987012
1 0.7185975609756098 0.3210227272727273 0.011890243902439025 0.016639610389610388
1 0.8615853658536585 0.2544642857142857 0.0125 0.018262987012987012
1 0.5448170731707317 0.5791396103896104 0.01951219512195122 0.022321428571428572
1 0.8320121951219512 0.10592532467532467 0.012195121951219513 0.017857142857142856
1 0.6460365853658536 0.3417207792207792 0.010060975609756098 0.011363636363636364
1 0.8560975609756097 0.6079545454545454 0.014939024390243902 0.0174512987012987
1 0.4628048780487805 0.702922077922078 0.010365853658536586 0.010957792207792208
1 0.4896341463414634 0.40219155844155846 0.010365853658536586 0.010957792207792208
1 0.11585365853658537 0.4906655844155844 0.015853658536585366 0.022727272727272728
1 0.3774390243902439 0.6530032467532467 0.011585365853658536 0.015016233766233766
1 0.9957317073170732 0.5101461038961039 0.011585365853658536 0.016639610389610388
1 0.9713414634146341 0.827922077922078 0.007926829268292683 0.012581168831168832
1 0.4457317073170732 0.2390422077922078 0.018597560975609755 0.026379870129870128
1 0.9667682926829269 0.7857142857142857 0.014634146341463415 0.019074675324675324
1 0.29878048780487804 0.16964285714285715 0.00975609756097561 0.016233766233766232
1 0.28567073170731705 0.6635551948051948 0.012195121951219513 0.017857142857142856
1 0.9234756097560975 0.18628246753246752 0.014634146341463415 0.0174512987012987
1 0.28353658536585363 0.9565746753246753 0.011890243902439025 0.015422077922077922
1 0.019817073170731708 0.7037337662337663 0.01707317073170732 0.024350649350649352
1 0.3176829268292683 0.8538961038961039 0.014634146341463415 0.016233766233766232
1 0.5317073170731708 0.044237012987012984 0.015548780487804878 0.024350649350649352
1 0.4826219512195122 0.6367694805194806 0.018597560975609755 0.022727272727272728
1 0.20823170731707316 0.3676948051948052 0.010365853658536586 0.010551948051948052
1 0.6524390243902439 0.7723214285714286 0.0125 0.018668831168831168
1 0.21585365853658536 0.8587662337662337 0.01676829268292683 0.01948051948051948
1 0.27987804878048783 0.1627435064935065 0.010670731707317074 0.013392857142857142
1 0.12713414634146342 0.9395292207792207 0.01798780487804878 0.025162337662337664
1 0.5515243902439024 0.1534090909090909 0.01707317073170732 0.025162337662337664
1 0.08780487804878048 0.39042207792207795 0.012195121951219513 0.016233766233766232
1 0.4929878048780488 0.017857142857142856 0.013109756097560975 0.014204545454545454
