0 0.6878048780487804 0.627435064935065 0.013414634146341463 0.019074675324675324
0 0.3018292682926829 0.5909090909090909 0.011280487804878048 0.017045454545454544
0 0.5076219512195121 0.7305194805194806 0.016158536585365854 0.022727272727272728
0 0.45457317073170733 0.26055194805194803 0.012804878048780487 0.015016233766233766
0 0.23384146341463416 0.797077922077922 0.013109756097560975 0.013798701298701298
0 0.436890243902439 0.7268668831168831 0.01402439024390244 0.019074675324675324
0 0.2899390243902439 0.9431818181818182 0.0125 0.019886363636363636
0 0.7795731707317073 0.09009740259740259 0.01402439024390244 0.016233766233766232
0 0.2329268292682927 0.15868506493506493 0.011890243902439025 0.014204545454545454
0 0.3679878048780488 0.4107142857142857 0.0125 0.0174512987012987
0 0.5457317073170732 0.1708603896103896 0.01097560975609756 0.018262987012987012
0 0.6201219512195122 0.5353084415584416 0.009451219512195122 0.010957792207792208
0 0.5762195121951219 0.12337662337662338 0.011890243902439025 0.017045454545454544
0 0.43841463414634146 0.5340909090909091 0.010060975609756098 0.012175324675324676
0 0.6908536585365853 0.814935064935065 0.014329268292682927 0.019886363636363636
0 0.45152439024390245 0.4602272727272727 0.01524390243902439 0.023133116883116884
0 0.2625 0.9034090909090909 0.012804878048780487 0.016233766233766232
0 0.4996951219512195 0.5596590909090909 0.014634146341463415 0.019074675324675324
0 0.2990853658536585 0.41112012987012986 0.011890243902439025 0.017857142857142856
0 0.1625 0.6412337662337663 0.009451219512195122 0.012987012987012988
0 0.9472560975609756 0.9935064935064936 0.011585365853658536 0.017857142857142856
0 0.4125 0.476461038961039 0.011890243902439025 0.013392857142857142
0 0.5475609756097561 0.10795454545454546 0.013109756097560975 0.016639610389610388
0 0.6387195121951219 0.1984577922077922 0.010670731707317074 0.010957792207792208
0 0.3149390243902439 0.06615259740259741 0.01524390243902439 0.017045454545454544
0 0.40457317073170734 0.1939935064935065 0.016463414634146342 0.019074675324675324
0 0.08109756097560976 0.4512987012987013 0.010670731707317074 0.012175324675324676
0 0.9335365853658537 0.6801948051948052 0.00853658536585366 0.010551948051948052
0 0.4722560975609756 0.21915584415584416 0.015853658536585366 0.018668831168831168
0 0.05975609756097561 0.9862012987012987 0.018292682926829267 0.023133116883116884
0 0.6576219512195122 0.5012175324675324 0.010060975609756098 0.012987012987012988
0 0.7746951219512195 0.609172077922078 0.012804878048780487 0.015827922077922076
0 0.3283536585365854 0.09253246753246754 0.009146341463414634 0.012175324675324676
0 0.9878048780487805 0.137987012987013 0.01097560975609756 0.011363636363636364
0 0.5024390243902439 0.6217532467532467 0.014634146341463415 0.017857142857142856
0 0.9582317073170732 0.21672077922077923 0.015548780487804878 0.0174512987012987
0 0.49878048780487805 0.3762175324675325 0.014634146341463415 0.020292207792207792
0 0.33719512195121953 0.4448051948051948 0.010060975609756098 0.015016233766233766
0 0.4396341463414634 0.768262987012987 0.010365853658536586 0.015827922077922076
0 0.9695121951219512 0.15543831168831168 0.011280487804878048 0.015422077922077922
0 0.8554878048780488 0.2597402597402597 0.010060975609756098 0.01176948051948052
0 0.9390243902439024 0.38920454545454547 0.013109756097560975 0.020698051948051948
0 0.7557926829268292 0.3400974025974026 0.014329268292682927 0.018262987012987012
0 0.1527439024390244 0.7820616883116883 0.013719512195121951 0.018668831168831168
0 0.573170731707317 0.9715909090909091 0.00975609756097561 0.012987012987012988
0 0.5128048780487805 0.8664772727272727 0.010670731707317074 0.01176948051948052
0 0.9713414634146341 0.6087662337662337 0.01402439024390244 0.015422077922077922
0 0.8265243902439025 0.09740259740259741 0.00975609756097561 0.010957792207792208
0 0.032926829268292684 0.4135551948051948 0.011890243902439025 0.016233766233766232
0 0.49054878048780487 0.7597402597402597 0.015853658536585366 0.0174512987012987
1 0.46646341463414637 0.9525162337662337 0.013414634146341463 0.017857142857142856
1 0.9667682926829269 0.35836038961038963 0.01402439024390244 0.015016233766233766
1 0.801829268292683 0.872564935064935 0.010365853658536586 0.012175324675324676
1 0.7920731707317074 0.12378246753246754 0.012195121951219513 0.015422077922077922
1 0.5670731707317073 0.2593344155844156 0.01097560975609756 0.011363636363636364
1 0.04451219512195122 0.6176948051948052 0.008841463414634146 0.010957792207792208
1 0.3896341463414634 0.17816558441558442 0.008231707317073171 0.007305194805194805
1 0.3121951219512195 0.6879058441558441 0.010670731707317074 0.013798701298701298
1 0.02195121951219512 0.689935064935065 0.012195121951219513 0.019074675324675324
1 0.2048780487804878 0.3242694805194805 0.013719512195121951 0.016233766233766232
1 0.5557926829268293 0.08116883116883117 0.012195121951219513 0.013392857142857142
1 0.016158536585365854 0.9979707792207793 0.013109756097560975 0.013392857142857142
1 0.8564024390243903 0.5905032467532467 0.014634146341463415 0.015827922077922076
1 0.034451219512195125 0.06412337662337662 0.010060975609756098 0.015422077922077922
1 0.813719512195122 0.2877435064935065 0.012195121951219513 0.015422077922077922
1 0.5661585365853659 0.7138798701298701 0.012195121951219513 0.014204545454545454
1 0.23201219512195123 0.2041396103896104 0.011890243902439025 0.013798701298701298
1 0.24542682926829268 0.0174512987012987 0.0125 0.01461038961038961
1 0.822560975609756 0.828327922077922 0.011890243902439025 0.012175324675324676
1 0.3896341463414634 0.1461038961038961 0.009146341463414634 0.010957792207792208
1 0.8582317073170732 0.9184253246753247 0.010365853658536586 0.014204545454545454
1 0.675609756097561 0.9301948051948052 0.012195121951219513 0.015422077922077922
