0 0.500609756097561 0.622564935064935 0.011280487804878048 0.011363636363636364
0 0.8256097560975609 0.3425324675324675 0.013109756097560975 0.018262987012987012
0 0.5405487804878049 0.4411525974025974 0.011280487804878048 0.013392857142857142
0 0.2301829268292683 0.2775974025974026 0.008841463414634146 0.00974025974025974
0 0.15091463414634146 0.7702922077922078 0.010060975609756098 0.015422077922077922
0 0.2850609756097561 0.7690746753246753 0.00853658536585366 0.012987012987012988
0 0.47347560975609754 0.24756493506493507 0.009451219512195122 0.012175324675324676
0 0.7204268292682927 0.8275162337662337 0.014939024390243902 0.020698051948051948
0 0.572560975609756 0.9013798701298701 0.010365853658536586 0.01461038961038961
0 0.5652439024390243 0.3392857142857143 0.010365853658536586 0.012175324675324676
0 0.510670731707317 0.8112824675324676 0.013109756097560975 0.019886363636363636
0 0.9975609756097561 0.25608766233766234 0.011890243902439025 0.018668831168831168
0 0.2990853658536585 0.8656655844155844 0.0125 0.015827922077922076
0 0.12225609756097561 0.23376623376623376 0.012195121951219513 0.01461038961038961
1 0.09420731707317073 0.16517857142857142 0.012195121951219513 0.013798701298701298
1 0.511890243902439 0.8705357142857143 0.010060975609756098 0.012175324675324676
1 0.21158536585365853 0.645698051948052 0.012195121951219513 0.019886363636363636
1 0.635670731707317 0.6948051948051948 0.01097560975609756 0.010957792207792208
1 0.963719512195122 0.757711038961039 0.018292682926829267 0.020698051948051948
1 0.7524390243902439 0.08076298701298701 0.011280487804878048 0.013798701298701298
1 0.17682926829268292 0.40625 0.011280487804878048 0.012987012987012988
1 0.8859756097560976 0.4431818181818182 0.01097560975609756 0.01461038961038961
1 0.785670731707317 0.35917207792207795 0.012804878048780487 0.015422077922077922
1 0.35884146341463413 0.36607142857142855 0.01097560975609756 0.018262987012987012
1 0.43567073170731707 0.4914772727272727 0.012195121951219513 0.015422077922077922
1 0.7411585365853659 0.6883116883116883 0.011585365853658536 0.017045454545454544
1 0.49359756097560975 0.9050324675324676 0.013109756097560975 0.017045454545454544
1 0.0649390243902439 0.8948863636363636 0.014634146341463415 0.022321428571428572
1 0.2426829268292683 0.8794642857142857 0.01402439024390244 0.016639610389610388
1 0.5411585365853658 0.9013798701298701 0.01524390243902439 0.016233766233766232
1 0.1448170731707317 0.0174512987012987 0.010365853658536586 0.012581168831168832
1 0.11128048780487805 0.40868506493506496 0.012195121951219513 0.016639610389610388
1 0.4088414634146341 0.16599025974025974 0.01524390243902439 0.016639610389610388
1 0.6539634146341463 0.41030844155844154 0.010670731707317074 0.013392857142857142
1 0.0722560975609756 0.1452922077922078 0.00975609756097561 0.010957792207792208
1 0.22195121951219512 0.5706168831168831 0.018902439024390243 0.027597402597402596
1 0.400609756097561 0.40584415584415584 0.013719512195121951 0.017045454545454544
1 0.9277439024390244 0.06615259740259741 0.015548780487804878 0.021103896103896104
1 0.3600609756097561 0.22199675324675325 0.011280487804878048 0.01176948051948052
1 0.7740853658536585 0.06412337662337662 0.011280487804878048 0.018262987012987012
1 0.06798780487804879 0.8498376623376623 0.016158536585365854 0.021103896103896104
1 0.2673780487804878 0.8210227272727273 0.011280487804878048 0.010957792207792208
1 0.05914634146341463 0.5133928571428571 0.012195121951219513 0.017045454545454544
1 0.37164634146341463 0.20089285714285715 0.011280487804878048 0.015016233766233766
1 0.09329268292682927 0.05478896103896104 0.012195121951219513 0.016233766233766232
1 0.5701219512195121 0.14204545454545456 0.014329268292682927 0.019886363636363636
1 0.6326219512195121 0.060876623376623376 0.02195121951219512 0.028814935064935064
1 0.901219512195122 0.15706168831168832 0.008231707317073171 0.012175324675324676
1 0.8539634146341464 0.12540584415584416 0.010670731707317074 0.015016233766233766
1 0.836890243902439 0.016639610389610388 0.011585365853658536 0.012175324675324676
1 0.6814024390243902 0.7122564935064936 0.01676829268292683 0.022727272727272728
1 0.7018292682926829 0.6392045454545454 0.012804878048780487 0.0174512987012987
1 0.4920731707317073 0.9736201298701299 0.008841463414634146 0.010551948051948052
1 0.723780487804878 0.17167207792207792 0.016158536585365854 0.025162337662337664
1 0.9570121951219512 0.3952922077922078 0.011890243902439025 0.01461038961038961
1 0.8347560975609756 0.5267857142857143 0.01676829268292683 0.018262987012987012
1 0.1746951219512195 0.525974025974026 0.02103658536585366 0.025162337662337664
1 0.11585365853658537 0.0929383116883117 0.013414634146341463 0.019886363636363636
