0 0.45945121951219514 0.8713474025974026 0.018597560975609755 0.026785714285714284
0 0.3823170731707317 0.31087662337662336 0.014329268292682927 0.018262987012987012
0 0.24390243902439024 0.583198051948052 0.00975609756097561 0.015827922077922076
0 0.838719512195122 0.8847402597402597 0.011890243902439025 0.014204545454545454
0 0.27926829268292686 0.16396103896103897 0.011585365853658536 0.012581168831168832
0 0.8771341463414634 0.6063311688311688 0.016158536585365854 0.022727272727272728
0 0.7051829268292683 0.7471590909090909 0.00853658536585366 0.01461038961038961
0 0.3625 0.961038961038961 0.0125 0.017045454545454544
0 0.35060975609756095 0.5698051948051948 0.013719512195121951 0.016639610389610388
0 0.739329268292683 0.06574675324675325 0.012195121951219513 0.0174512987012987
0 0.5996951219512195 0.3965097402597403 0.011280487804878048 0.01176948051948052
0 0.20762195121951219 0.38108766233766234 0.013109756097560975 0.021103896103896104
0 0.9323170731707318 0.05560064935064935 0.012804878048780487 0.017857142857142856
0 0.0798780487804878 0.29667207792207795 0.01402439024390244 0.020292207792207792
0 0.38658536585365855 0.25 0.014634146341463415 0.018668831168831168
0 0.6478658536585366 0.14772727272727273 0.010365853658536586 0.014204545454545454
0 0.7408536585365854 0.20819805194805194 0.010060975609756098 0.01461038961038961
0 0.45884146341463417 0.5965909090909091 0.00975609756097561 0.014204545454545454
0 0.7253048780487805 0.5125811688311688 0.014939024390243902 0.01948051948051948
0 0.8573170731707317 0.1387987012987013 0.010365853658536586 0.016233766233766232
0 0.7951219512195122 0.9025974025974026 0.010670731707317074 0.0174512987012987
0 0.6625 0.2203733766233766 0.014634146341463415 0.018262987012987012
0 0.1975609756097561 0.4744318181818182 0.011280487804878048 0.012175324675324676
0 0.6097560975609756 0.5263798701298701 0.015548780487804878 0.020698051948051948
0 0.5140243902439025 0.9951298701298701 0.013719512195121951 0.0174512987012987
0 0.2917682926829268 0.8137175324675324 0.010670731707317074 0.010957792207792208
0 0.7335365853658536 0.2922077922077922 0.01402439024390244 0.021915584415584416
0 0.9573170731707317 0.4906655844155844 0.011280487804878048 0.012581168831168832
0 0.2975609756097561 0.33887987012987014 0.011890243902439025 0.016233766233766232
0 0.4795731707317073 0.9094967532467533 0.011585365853658536 0.019074675324675324
0 0.5676829268292682 0.8717532467532467 0.01402439024390244 0.020292207792207792
0 0.3850609756097561 0.028003246753246752 0.01097560975609756 0.015422077922077922
0 0.30609756097560975 0.5994318181818182 0.013719512195121951 0.020698051948051948
0 0.7228658536585366 0.6189123376623377 0.011280487804878048 0.018668831168831168
0 0.36615853658536585 0.1367694805194805 0.011585365853658536 0.013798701298701298
0 0.8039634146341463 0.6331168831168831 0.0125 0.013392857142857142
0 0.6923780487804878 0.7175324675324676 0.009451219512195122 0.01176948051948052
0 0.46646341463414637 0.6176948051948052 0.011890243902439025 0.016639610389610388
0 0.7378048780487805 0.7938311688311688 0.018597560975609755 0.023944805194805196
0 0.6637195121951219 0.7090097402597403 0.010060975609756098 0.01176948051948052
0 0.4189024390243902 0.24472402597402598 0.01676829268292683 0.01948051948051948
0 0.8103658536585366 0.3027597402597403 0.01798780487804878 0.022727272727272728
0 0.1878048780487805 0.7897727272727273 0.015548780487804878 0.020292207792207792
0 0.6359756097560976 0.9675324675324676 0.01402439024390244 0.019886363636363636
0 0.13109756097560976 0.9760551948051948 0.01402439024390244 0.017857142857142856
0 0.8832317073170731 0.8883928571428571 0.010670731707317074 0.010146103896103896
0 0.8692073170731708 0.28612012987012986 0.01402439024390244 0.020292207792207792
0 0.3515243902439024 0.4338474025974026 0.020426829268292684 0.02719155844155844
0 0.8161585365853659 0.07670454545454546 0.011585365853658536 0.0174512987012987
0 0.36067073170731706 0.6724837662337663 0.01676829268292683 0.022727272727272728
0 0.9701219512195122 0.16842532467532467 0.010670731707317074 0.013798701298701298
0 0.338109756097561 0.398538961038961 0.0125 0.015422077922077922
0 0.7314024390243903 0.42491883116883117 0.011280487804878048 0.017045454545454544
0 0.061585365853658536 0.34862012987012986 0.017378048780487806 0.019074675324675324
0 0.7039634146341464 0.24147727272727273 0.010365853658536586 0.013798701298701298
0 0.138109756097561 0.15625 0.01768292682926829 0.024350649350649352
0 0.7969512195121952 0.8125 0.015548780487804878 0.019074675324675324
0 0.8256097560975609 0.5848214285714286 0.010365853658536586 0.012987012987012988
0 0.8948170731707317 0.25892857142857145 0.013719512195121951 0.019074675324675324
0 0.8591463414634146 0.9853896103896104 0.007926829268292683 0.013392857142857142
0 0.45152439024390245 0.41112012987012986 0.010670731707317074 0.0174512987012987
0 0.011890243902439025 0.14894480519480519 0.00975609756097561 0.015827922077922076
0 0.3378048780487805 0.11079545454545454 0.008841463414634146 0.010146103896103896
0 0.5487804878048781 0.4590097402597403 0.012195121951219513 0.017045454545454544
0 0.010365853658536586 0.19683441558441558 0.009451219512195122 0.015422077922077922
0 0.9289634146341463 0.528814935064935 0.01402439024390244 0.021915584415584416
0 0.9911585365853659 0.32305194805194803 0.010365853658536586 0.0174512987012987
0 0.874390243902439 0.0633116883116883 0.010365853658536586 0.016639610389610388
0 0.4853658536585366 0.5742694805194806 0.01524390243902439 0.020292207792207792
0 0.09024390243902439 0.27435064935064934 0.01097560975609756 0.013798701298701298
0 0.28597560975609754 0.6781655844155844 0.0125 0.015016233766233766
0 0.6792682926829269 0.40381493506493504 0.009146341463414634 0.014204545454545454
0 0.33719512195121953 0.9090909090909091 0.014939024390243902 0.021103896103896104
0 0.6603658536585366 0.336038961038961 0.01097560975609756 0.015827922077922076
0 0.08780487804878048 0.921672077922078 0.007926829268292683 0.006493506493506494
0 0.8996951219512195 0.27719155844155846 0.012195121951219513 0.01948051948051948
0 0.22317073170731708 0.4675324675324675 0.01097560975609756 0.013798701298701298
0 0.40823170731707314 0.137987012987013 0.013414634146341463 0.01948051948051948
0 0.8942073170731707 0.7041396103896104 0.010670731707317074 0.013798701298701298
0 0.5182926829268293 0.05073051948051948 0.011280487804878048 0.012175324675324676
0 0.599390243902439 0.737012987012987 0.0125 0.015827922077922076
0 0.28292682926829266 0.9111201298701299 0.01524390243902439 0.02150974025974026
0 0.17164634146341465 0.7073863636363636 0.014939024390243902 0.017045454545454544
0 0.2634146341463415 0.5767045454545454 0.015853658536585366 0.019074675324675324
0 0.031097560975609756 0.6002435064935064 0.016158536585365854 0.017857142857142856
0 0.23567073170731706 0.2353896103896104 0.014329268292682927 0.020292207792207792
0 0.7621951219512195 0.5608766233766234 0.009451219512195122 0.015827922077922076
0 0.023170731707317073 0.7150974025974026 0.010060975609756098 0.012987012987012988
0 0.8829268292682927 0.1002435064935065 0.012195121951219513 0.017857142857142856
0 0.43932926829268293 0.591314935064935 0.015853658536585366 0.022727272727272728
0 0.5823170731707317 0.6651785714285714 0.010060975609756098 0.012581168831168832
1 0.3024390243902439 0.7958603896103896 0.011890243902439025 0.012581168831168832
1 0.17286585365853657 0.19683441558441558 0.0125 0.015827922077922076
1 0.20670731707317072 0.3457792207792208 0.011280487804878048 0.012175324675324676
1 0.786890243902439 0.4594155844155844 0.012195121951219513 0.017857142857142856
1 0.5783536585365854 0.8198051948051948 0.008841463414634146 0.009334415584415584
1 0.5573170731707318 0.38311688311688313 0.01676829268292683 0.025162337662337664
1 0.6329268292682927 0.9362824675324676 0.013414634146341463 0.015422077922077922
1 0.9524390243902439 0.38108766233766234 0.009146341463414634 0.008928571428571428
1 0.6253048780487804 0.9066558441558441 0.014329268292682927 0.017857142857142856
1 0.9323170731707318 0.8494318181818182 0.010060975609756098 0.013392857142857142
1 0.8923780487804878 0.9521103896103896 0.010365853658536586 0.015827922077922076
1 0.15426829268292683 0.5292207792207793 0.013414634146341463 0.01461038961038961
1 0.49603658536585366 0.09983766233766234 0.012804878048780487 0.014204545454545454
1 0.04725609756097561 0.7934253246753247 0.015853658536585366 0.020698051948051948
1 0.17530487804878048 0.8441558441558441 0.014329268292682927 0.021915584415584416
1 0.926219512195122 0.8713474025974026 0.009146341463414634 0.015016233766233766
1 0.7390243902439024 0.8952922077922078 0.011890243902439025 0.0174512987012987
1 0.9774390243902439 0.37256493506493504 0.009451219512195122 0.013392857142857142
1 0.060365853658536583 0.9715909090909091 0.010365853658536586 0.00974025974025974
1 0.5115853658536585 0.025974025974025976 0.013414634146341463 0.017045454545454544
1 0.27713414634146344 0.4675324675324675 0.016158536585365854 0.020698051948051948
1 0.5390243902439025 0.494724025974026 0.01097560975609756 0.016233766233766232
1 0.9746951219512195 0.9159902597402597 0.01097560975609756 0.012175324675324676
1 0.9344512195121951 0.9030032467532467 0.010670731707317074 0.011363636363636364
1 0.2701219512195122 0.053165584415584416 0.010365853658536586 0.014204545454545454
1 0.7917682926829268 0.12094155844155845 0.01920731707317073 0.025162337662337664
1 0.7356707317073171 0.31858766233766234 0.015853658536585366 0.02353896103896104
1 0.7902439024390244 0.518262987012987 0.01097560975609756 0.010551948051948052
1 0.9393292682926829 0.47118506493506496 0.013414634146341463 0.018262987012987012
1 0.25396341463414634 0.49310064935064934 0.00975609756097561 0.016233766233766232
1 0.401219512195122 0.9732142857142857 0.01097560975609756 0.012581168831168832
1 0.20853658536585365 0.674512987012987 0.013414634146341463 0.018668831168831168
1 0.30823170731707317 0.6643668831168831 0.01097560975609756 0.014204545454545454
1 0.8640243902439024 0.34212662337662336 0.01798780487804878 0.026785714285714284
1 0.1701219512195122 0.17167207792207792 0.016158536585365854 0.01948051948051948
1 0.5740853658536585 0.020698051948051948 0.009146341463414634 0.015422077922077922
1 0.7542682926829268 0.08319805194805195 0.012195121951219513 0.01461038961038961
1 0.6103658536585366 0.7260551948051948 0.013719512195121951 0.014204545454545454
1 0.3018292682926829 0.17897727272727273 0.013109756097560975 0.013798701298701298
1 0.11798780487804877 0.6034902597402597 0.010365853658536586 0.012175324675324676
1 0.2152439024390244 0.2150974025974026 0.010060975609756098 0.00974025974025974
1 0.9710365853658537 0.4301948051948052 0.009146341463414634 0.010146103896103896
1 0.046646341463414634 0.4484577922077922 0.010060975609756098 0.00974025974025974
1 0.874390243902439 0.8238636363636364 0.008841463414634146 0.011363636363636364
