0 0.11280487804878049 0.6075487012987013 0.010365853658536586 0.012987012987012988
0 0.10091463414634147 0.5073051948051948 0.015548780487804878 0.022727272727272728
0 0.9073170731707317 0.9926948051948052 0.015548780487804878 0.017857142857142856
0 0.9393292682926829 0.13068181818181818 0.011585365853658536 0.013392857142857142
0 0.6948170731707317 0.625 0.010060975609756098 0.015016233766233766
0 0.08810975609756097 0.40665584415584416 0.010365853658536586 0.010146103896103896
0 0.8740853658536586 0.4849837662337662 0.013719512195121951 0.019074675324675324
0 0.23109756097560977 0.13474025974025974 0.009451219512195122 0.01461038961038961
0 0.17652439024390243 0.7532467532467533 0.014939024390243902 0.021103896103896104
0 0.6390243902439025 0.4659090909090909 0.012804878048780487 0.01461038961038961
0 0.20091463414634148 0.09943181818181818 0.012195121951219513 0.015827922077922076
0 0.623780487804878 0.2869318181818182 0.015548780487804878 0.0174512987012987
0 0.7902439024390244 0.25608766233766234 0.013414634146341463 0.015827922077922076
0 0.4603658536585366 0.13433441558441558 0.013109756097560975 0.020698051948051948
0 0.9707317073170731 0.7065746753246753 0.010670731707317074 0.017045454545454544
0 0.5283536585365853 0.4655032467532468 0.010365853658536586 0.016233766233766232
0 0.9314024390243902 0.6387987012987013 0.013109756097560975 0.018262987012987012
0 0.8286585365853658 0.5089285714285714 0.01524390243902439 0.019886363636363636
0 0.41036585365853656 0.9273538961038961 0.011585365853658536 0.013798701298701298
0 0.7713414634146342 0.9204545454545454 0.011890243902439025 0.015827922077922076
0 0.9253048780487805 0.510551948051948 0.010060975609756098 0.015016233766233766
0 0.14573170731707316 0.12256493506493507 0.013414634146341463 0.013798701298701298
0 0.26371951219512196 0.952922077922078 0.012195121951219513 0.016639610389610388
0 0.7567073170731707 0.6481331168831169 0.013719512195121951 0.02150974025974026
0 0.029878048780487804 0.15016233766233766 0.014939024390243902 0.016233766233766232
0 0.9804878048780488 0.35430194805194803 0.010365853658536586 0.012987012987012988
0 0.9460365853658537 0.8628246753246753 0.014939024390243902 0.016639610389610388
1 0.5228658536585366 0.992288961038961 0.016158536585365854 0.017857142857142856
1 0.5789634146341464 0.1546266233766234 0.010060975609756098 0.015422077922077922
1 0.08871951219512195 0.5308441558441559 0.009451219512195122 0.014204545454545454
1 0.9753048780487805 0.6599025974025974 0.011585365853658536 0.016233766233766232
1 0.26707317073170733 0.3510551948051948 0.010670731707317074 0.011363636363636364
1 0.7466463414634147 0.15868506493506493 0.008841463414634146 0.015422077922077922
1 0.9417682926829268 0.3847402597402597 0.01402439024390244 0.020292207792207792
1 0.3375 0.45819805194805197 0.016158536585365854 0.022727272727272728
1 0.04237804878048781 0.5941558441558441 0.011585365853658536 0.015827922077922076
1 0.22042682926829268 0.672077922077922 0.012195121951219513 0.0174512987012987
1 0.16341463414634147 0.8258928571428571 0.008841463414634146 0.00974025974025974
1 0.30060975609756097 0.9054383116883117 0.010670731707317074 0.011363636363636364
1 0.04420731707317073 0.890827922077922 0.009451219512195122 0.009334415584415584
1 0.13140243902439025 0.5101461038961039 0.010060975609756098 0.010957792207792208
1 0.7518292682926829 0.7585227272727273 0.010365853658536586 0.011363636363636364
1 0.925 0.5844155844155844 0.011280487804878048 0.015422077922077922
1 0.36890243902439024 0.705762987012987 0.013414634146341463 0.017045454545454544
1 0.38384146341463415 0.4099025974025974 0.014634146341463415 0.020698051948051948
1 0.46128048780487807 0.9099025974025974 0.01524390243902439 0.0174512987012987
1 0.174390243902439 0.8425324675324676 0.010365853658536586 0.014204545454545454
1 0.09390243902439024 0.22077922077922077 0.01768292682926829 0.023133116883116884
1 0.9621951219512195 0.30641233766233766 0.014939024390243902 0.0174512987012987
1 0.7698170731707317 0.5840097402597403 0.00975609756097561 0.016233766233766232
1 0.6091463414634146 0.3060064935064935 0.0125 0.015422077922077922
1 0.9271341463414634 0.1525974025974026 0.0125 0.0174512987012987
1 0.3646341463414634 0.016233766233766232 0.013109756097560975 0.013798701298701298
1 0.963109756097561 0.6310876623376623 0.011585365853658536 0.01176948051948052
1 0.3070121951219512 0.6992694805194806 0.017378048780487806 0.02150974025974026
1 0.3259146341463415 0.4277597402597403 0.012195121951219513 0.017857142857142856
1 0.6274390243902439 0.3088474025974026 0.010670731707317074 0.01176948051948052
1 0.697560975609756 0.2536525974025974 0.011585365853658536 0.01461038961038961
1 0.5853658536585366 0.2897727272727273 0.009146341463414634 0.008928571428571428
1 0.2646341463414634 0.26339285714285715 0.01798780487804878 0.021103896103896104
1 0.651829268292683 0.4383116883116883 0.01524390243902439 0.017857142857142856
1 0.4070121951219512 0.6546266233766234 0.01402439024390244 0.015016233766233766
1 0.5509146341463415 0.2727272727272727 0.016158536585365854 0.022321428571428572
1 0.17134146341463416 0.46875 0.011585365853658536 0.012987012987012988
1 0.43628048780487805 0.9659090909090909 0.010670731707317074 0.014204545454545454
1 0.8076219512195122 0.8327922077922078 0.012195121951219513 0.014204545454545454
1 0.19359756097560976 0.2784090909090909 0.010670731707317074 0.016233766233766232
1 0.7533536585365853 0.6550324675324676 0.010670731707317074 0.01176948051948052
1 0.8585365853658536 0.5125811688311688 0.012804878048780487 0.019886363636363636
1 0.9896341463414634 0.22849025974025974 0.012804878048780487 0.01461038961038961
1 0.15609756097560976 0.17207792207792208 0.012804878048780487 0.01461038961038961
1 0.400609756097561 0.9537337662337663 0.00975609756097561 0.013392857142857142
1 0.10792682926829268 0.6335227272727273 0.01524390243902439 0.02150974025974026
1 0.9253048780487805 0.21144480519480519 0.011280487804878048 0.012581168831168832
1 0.2472560975609756 0.19886363636363635 0.013414634146341463 0.018668831168831168
1 0.1475609756097561 0.2012987012987013 0.013109756097560975 0.016233766233766232
1 0.8256097560975609 0.2885551948051948 0.016463414634146342 0.020698051948051948
1 0.4774390243902439 0.03612012987012987 0.009451219512195122 0.009334415584415584
1 0.7009146341463415 0.45211038961038963 0.0125 0.01461038961038961
1 0.07469512195121951 0.3189935064935065 0.016158536585365854 0.021915584415584416
1 0.9207317073170732 0.32386363636363635 0.01951219512195122 0.026379870129870128
1 0.23536585365853657 0.35267857142857145 0.011890243902439025 0.013392857142857142
1 0.9746951219512195 0.6728896103896104 0.012804878048780487 0.020292207792207792
1 0.7198170731707317 0.036931818181818184 0.008231707317073171 0.010957792207792208
1 0.18445121951219512 0.3027597402597403 0.011890243902439025 0.01948051948051948
1 0.7359756097560975 0.43060064935064934 0.011585365853658536 0.018262987012987012
1 0.7283536585365854 0.7126623376623377 0.014939024390243902 0.019886363636363636
1 0.05 0.4383116883116883 0.013719512195121951 0.015016233766233766
1 0.7097560975609756 0.0633116883116883 0.0125 0.016639610389610388
1 0.12713414634146342 0.7073863636363636 0.012195121951219513 0.018668831168831168
1 0.3301829268292683 0.6542207792207793 0.014634146341463415 0.01948051948051948
1 0.08353658536585366 0.2832792207792208 0.019817073170731708 0.023133116883116884
1 0.5832317073170732 0.3944805194805195 0.01097560975609756 0.012581168831168832
1 0.6594512195121951 0.7199675324675324 0.012195121951219513 0.012987012987012988
1 0.2152439024390244 0.8303571428571429 0.012195121951219513 0.01948051948051948
1 0.09115853658536585 0.830762987012987 0.011890243902439025 0.015827922077922076
1 0.01402439024390244 0.5377435064935064 0.009146341463414634 0.010146103896103896
1 0.044817073170731705 0.6684253246753247 0.01402439024390244 0.019074675324675324
1 0.37835365853658537 0.08969155844155845 0.014634146341463415 0.018668831168831168
1 0.8143292682926829 0.7840909090909091 0.012195121951219513 0.019886363636363636
1 0.8926829268292683 0.7767857142857143 0.014939024390243902 0.023133116883116884
1 0.047865853658536586 0.8039772727272727 0.007926829268292683 0.010957792207792208
