0 0.1625 0.040584415584415584 0.010365853658536586 0.016639610389610388
0 0.6417682926829268 0.942775974025974 0.010670731707317074 0.017045454545454544
0 0.774390243902439 0.12094155844155845 0.0125 0.0174512987012987
0 0.4140243902439024 0.0689935064935065 0.011585365853658536 0.019074675324675324
0 0.774390243902439 0.1672077922077922 0.01097560975609756 0.014204545454545454
0 0.18170731707317073 0.9005681818181818 0.011890243902439025 0.019074675324675324
0 0.15396341463414634 0.5137987012987013 0.01097560975609756 0.010551948051948052
1 0.6917682926829268 0.0625 0.015548780487804878 0.024350649350649352
1 0.6067073170731707 0.8762175324675324 0.012804878048780487 0.020698051948051948
1 0.6777439024390244 0.4127435064935065 0.011585365853658536 0.015827922077922076
1 0.7027439024390244 0.26663961038961037 0.014634146341463415 0.017045454545454544
1 0.6307926829268292 0.6939935064935064 0.011585365853658536 0.012175324675324676
1 0.7064024390243903 0.882711038961039 0.010365853658536586 0.014204545454545454
1 0.6057926829268293 0.9464285714285714 0.016463414634146342 0.022727272727272728
1 0.09024390243902439 0.1452922077922078 0.014939024390243902 0.01948051948051948
1 0.4692073170731707 0.4099025974025974 0.01097560975609756 0.015422077922077922
1 0.4871951219512195 0.3039772727272727 0.010670731707317074 0.016233766233766232
1 0.5289634146341463 0.05357142857142857 0.011585365853658536 0.01461038961038961
1 0.6301829268292682 0.39488636363636365 0.00975609756097561 0.01176948051948052
1 0.03780487804878049 0.26582792207792205 0.015548780487804878 0.018668831168831168
1 0.15548780487804878 0.7203733766233766 0.014634146341463415 0.015827922077922076
1 0.2027439024390244 0.38555194805194803 0.012195121951219513 0.016639610389610388
1 0.4429878048780488 0.19602272727272727 0.010670731707317074 0.013392857142857142
1 0.4146341463414634 0.765422077922078 0.012195121951219513 0.012987012987012988
1 0.1902439024390244 0.5693993506493507 0.010060975609756098 0.013798701298701298
1 0.1445121951219512 0.9005681818181818 0.0125 0.012581168831168832
1 0.5539634146341463 0.862012987012987 0.011280487804878048 0.01461038961038961
1 0.974390243902439 0.5641233766233766 0.010365853658536586 0.016233766233766232
1 0.24085365853658536 0.606737012987013 0.012195121951219513 0.018262987012987012
