0 0.5804878048780487 0.411525974025974 0.015548780487804878 0.022321428571428572
0 0.9990853658536586 0.8340097402597403 0.00975609756097561 0.012175324675324676
0 0.27682926829268295 0.11647727272727272 0.011280487804878048 0.017857142857142856
0 0.7006097560975609 0.6266233766233766 0.015853658536585366 0.017857142857142856
0 0.12591463414634146 0.7179383116883117 0.01402439024390244 0.015827922077922076
0 0.08109756097560976 0.8173701298701299 0.02103658536585366 0.026785714285714284
0 0.9814024390243903 0.6176948051948052 0.012195121951219513 0.019886363636363636
0 0.7646341463414634 0.12215909090909091 0.011280487804878048 0.012581168831168832
0 0.6460365853658536 0.27069805194805197 0.014634146341463415 0.0174512987012987
0 0.7185975609756098 0.015422077922077922 0.007926829268292683 0.014204545454545454
0 0.9213414634146342 0.7873376623376623 0.012804878048780487 0.019074675324675324
1 0.6777439024390244 0.7098214285714286 0.01402439024390244 0.020698051948051948
1 0.8509146341463415 0.304788961038961 0.010365853658536586 0.012175324675324676
1 0.636280487804878 0.7130681818181818 0.014329268292682927 0.02150974025974026
1 0.3695121951219512 0.744724025974026 0.009451219512195122 0.01461038961038961
1 0.9067073170731708 0.028814935064935064 0.013414634146341463 0.016233766233766232
1 0.14847560975609755 0.05032467532467533 0.011585365853658536 0.0174512987012987
1 0.39176829268292684 0.8372564935064936 0.011585365853658536 0.01176948051948052
1 0.44420731707317074 0.16396103896103897 0.014634146341463415 0.021915584415584416
1 0.47073170731707314 0.2398538961038961 0.012804878048780487 0.020292207792207792
1 0.6109756097560975 0.48295454545454547 0.01097560975609756 0.016233766233766232
1 0.6253048780487804 0.11323051948051949 0.010365853658536586 0.016639610389610388
