0 0.6445121951219512 0.6854707792207793 0.012195121951219513 0.015016233766233766
0 0.3125 0.7061688311688312 0.009146341463414634 0.009334415584415584
0 0.5539634146341463 0.6444805194805194 0.011585365853658536 0.017857142857142856
0 0.9945121951219512 0.4878246753246753 0.011890243902439025 0.01176948051948052
0 0.7076219512195122 0.05844155844155844 0.013414634146341463 0.018262987012987012
0 0.19878048780487806 0.26785714285714285 0.01097560975609756 0.013798701298701298
0 0.7972560975609756 0.971185064935065 0.013719512195121951 0.018668831168831168
0 0.9786585365853658 0.22849025974025974 0.00975609756097561 0.013392857142857142
0 0.26707317073170733 0.7228084415584416 0.01097560975609756 0.012175324675324676
0 0.3298780487804878 0.8340097402597403 0.014634146341463415 0.015827922077922076
0 0.20548780487804877 0.512987012987013 0.01097560975609756 0.012175324675324676
0 0.3832317073170732 0.7378246753246753 0.01402439024390244 0.017857142857142856
0 0.08567073170731708 0.13189935064935066 0.016463414634146342 0.017857142857142856
0 0.8771341463414634 0.10836038961038962 0.012195121951219513 0.012581168831168832
0 0.9820121951219513 0.8518668831168831 0.00975609756097561 0.016639610389610388
0 0.9859756097560975 0.5393668831168831 0.00853658536585366 0.015016233766233766
0 0.5286585365853659 0.8705357142857143 0.01402439024390244 0.015016233766233766
0 0.2198170731707317 0.2909902597402597 0.012195121951219513 0.015827922077922076
0 0.5484756097560975 0.20819805194805194 0.011585365853658536 0.015016233766233766
0 0.3018292682926829 0.8916396103896104 0.010365853658536586 0.010551948051948052
0 0.9679878048780488 0.8770292207792207 0.015853658536585366 0.018262987012987012
0 0.1329268292682927 0.604301948051948 0.010060975609756098 0.015016233766233766
0 0.9432926829268292 0.19196428571428573 0.010670731707317074 0.010146103896103896
0 0.5326219512195122 0.15625 0.013414634146341463 0.019886363636363636
0 0.4573170731707317 0.04261363636363636 0.011280487804878048 0.017857142857142856
0 0.4271341463414634 0.17126623376623376 0.012195121951219513 0.0174512987012987
0 0.10975609756097561 0.7909902597402597 0.013719512195121951 0.01948051948051948
0 0.42591463414634145 0.5592532467532467 0.009451219512195122 0.009334415584415584
0 0.12469512195121951 0.37256493506493504 0.018292682926829267 0.027597402597402596
0 0.5097560975609756 0.833198051948052 0.011890243902439025 0.013798701298701298
0 0.6658536585365854 0.18262987012987014 0.0125 0.017045454545454544
0 0.4100609756097561 0.07467532467532467 0.014329268292682927 0.022321428571428572
0 0.3923780487804878 0.2719155844155844 0.011890243902439025 0.01176948051948052
0 0.21951219512195122 0.09659090909090909 0.015853658536585366 0.022321428571428572
0 0.12804878048780488 0.8660714285714286 0.011585365853658536 0.018262987012987012
0 0.43353658536585366 0.9395292207792207 0.010060975609756098 0.015422077922077922
0 0.41615853658536583 0.7171266233766234 0.0125 0.016639610389610388
0 0.8951219512195122 0.7000811688311688 0.011890243902439025 0.013798701298701298
0 0.5935975609756098 0.16517857142857142 0.01097560975609756 0.012175324675324676
0 0.9765243902439025 0.26785714285714285 0.013109756097560975 0.020698051948051948
0 0.15304878048780488 0.23498376623376624 0.010670731707317074 0.012175324675324676
0 0.3003048780487805 0.5880681818181818 0.01097560975609756 0.017045454545454544
0 0.12896341463414634 0.12297077922077922 0.009451219512195122 0.01461038961038961
0 0.9176829268292683 0.8498376623376623 0.013719512195121951 0.016233766233766232
0 0.4115853658536585 0.033685064935064936 0.01798780487804878 0.02719155844155844
0 0.26920731707317075 0.6079545454545454 0.019817073170731708 0.023133116883116884
0 0.03201219512195122 0.734172077922078 0.011585365853658536 0.011363636363636364
0 0.9567073170731707 0.21185064935064934 0.012195121951219513 0.013392857142857142
0 0.41554878048780486 0.15056818181818182 0.012195121951219513 0.017857142857142856
0 0.598170731707317 0.2897727272727273 0.011890243902439025 0.012581168831168832
0 0.623780487804878 0.7593344155844156 0.01097560975609756 0.01176948051948052
0 0.6902439024390243 0.6696428571428571 0.012804878048780487 0.014204545454545454
0 0.21798780487804878 0.6331168831168831 0.012804878048780487 0.014204545454545454
0 0.2682926829268293 0.8084415584415584 0.013719512195121951 0.017857142857142856
0 0.4792682926829268 0.27313311688311687 0.013109756097560975 0.015016233766233766
0 0.526829268292683 0.34780844155844154 0.012195121951219513 0.019886363636363636
0 0.42804878048780487 0.7690746753246753 0.016463414634146342 0.023944805194805196
0 0.9304878048780488 0.6010551948051948 0.010365853658536586 0.015827922077922076
0 0.3283536585365854 0.9748376623376623 0.012804878048780487 0.016233766233766232
0 0.5460365853658536 0.854301948051948 0.013109756097560975 0.018668831168831168
0 0.41554878048780486 0.3961038961038961 0.011890243902439025 0.012987012987012988
0 0.22347560975609757 0.32589285714285715 0.008841463414634146 0.012987012987012988
0 0.6567073170731708 0.21266233766233766 0.014329268292682927 0.022727272727272728
0 0.10457317073170731 0.7207792207792207 0.012195121951219513 0.0174512987012987
0 0.9588414634146342 0.5405844155844156 0.015548780487804878 0.018668831168831168
0 0.06615853658536586 0.05519480519480519 0.0125 0.014204545454545454
0 0.08201219512195122 0.2650162337662338 0.014939024390243902 0.0174512987012987
0 0.5896341463414634 0.5174512987012987 0.011890243902439025 0.012581168831168832
0 0.4789634146341463 0.4642857142857143 0.013719512195121951 0.020698051948051948
0 0.5542682926829269 0.9443993506493507 0.014939024390243902 0.021103896103896104
0 0.4628048780487805 0.4472402597402597 0.011890243902439025 0.01948051948051948
0 0.41829268292682925 0.18628246753246752 0.011280487804878048 0.012987012987012988
0 0.33689024390243905 0.6396103896103896 0.015548780487804878 0.020292207792207792
0 0.8728658536585366 0.8234577922077922 0.016463414634146342 0.024350649350649352
0 0.6384146341463415 0.44358766233766234 0.012804878048780487 0.020292207792207792
0 0.7692073170731707 0.9435876623376623 0.013109756097560975 0.017045454545454544
0 0.4115853658536585 0.43060064935064934 0.01524390243902439 0.020698051948051948
0 0.26951219512195124 0.3575487012987013 0.011585365853658536 0.016233766233766232
0 0.1576219512195122 0.10511363636363637 0.013719512195121951 0.01948051948051948
0 0.33628048780487807 0.708198051948052 0.01676829268292683 0.025974025974025976
0 0.1448170731707317 0.13433441558441558 0.009451219512195122 0.013798701298701298
0 0.5076219512195121 0.9926948051948052 0.012804878048780487 0.020292207792207792
0 0.626219512195122 0.9330357142857143 0.012195121951219513 0.016233766233766232
0 0.713719512195122 0.890422077922078 0.013109756097560975 0.019074675324675324
0 0.35091463414634144 0.3007305194805195 0.009146341463414634 0.012175324675324676
0 0.6984756097560976 0.09780844155844155 0.012804878048780487 0.013798701298701298
0 0.0923780487804878 0.838474025974026 0.013414634146341463 0.019074675324675324
0 0.45121951219512196 0.7025162337662337 0.00975609756097561 0.015016233766233766
0 0.9780487804878049 0.1903409090909091 0.011890243902439025 0.0174512987012987
0 0.7265243902439025 0.09983766233766234 0.016158536585365854 0.021103896103896104
0 0.9225609756097561 0.7625811688311688 0.010365853658536586 0.016639610389610388
0 0.6125 0.7130681818181818 0.008841463414634146 0.01176948051948052
0 0.7814024390243902 0.0625 0.013109756097560975 0.0174512987012987
0 0.9496951219512195 0.2544642857142857 0.011585365853658536 0.017045454545454544
0 0.22926829268292684 0.24553571428571427 0.01524390243902439 0.02150974025974026
0 0.3253048780487805 0.9391233766233766 0.009146341463414634 0.013798701298701298
0 0.10670731707317073 0.5953733766233766 0.017378048780487806 0.022727272727272728
0 0.9701219512195122 0.7978896103896104 0.011280487804878048 0.012581168831168832
0 0.2759146341463415 0.375 0.013719512195121951 0.016233766233766232
1 0.536890243902439 0.648538961038961 0.014939024390243902 0.021915584415584416
1 0.4975609756097561 0.4788961038961039 0.0125 0.016233766233766232
1 0.5234756097560975 0.4273538961038961 0.010060975609756098 0.012175324675324676
1 0.2920731707317073 0.22483766233766234 0.013109756097560975 0.018262987012987012
1 0.13201219512195123 0.5064935064935064 0.010060975609756098 0.013798701298701298
1 0.9463414634146341 0.9180194805194806 0.010060975609756098 0.016639610389610388
1 0.8064024390243902 0.695211038961039 0.010670731707317074 0.016233766233766232
1 0.24603658536585366 0.1838474025974026 0.011280487804878048 0.016639610389610388
1 0.29817073170731706 0.10267857142857142 0.01798780487804878 0.022321428571428572
1 0.1600609756097561 0.8940746753246753 0.01768292682926829 0.026785714285714284
1 0.9350609756097561 0.984577922077922 0.011280487804878048 0.012175324675324676
1 0.5405487804878049 0.275974025974026 0.011890243902439025 0.015016233766233766
1 0.03384146341463415 0.9127435064935064 0.00975609756097561 0.015827922077922076
1 0.04390243902439024 0.7333603896103896 0.0125 0.020292207792207792
1 0.6810975609756098 0.7077922077922078 0.011280487804878048 0.0174512987012987
1 0.06951219512195123 0.916801948051948 0.01524390243902439 0.020698051948051948
1 0.989329268292683 0.5852272727272727 0.013719512195121951 0.015016233766233766
1 0.5213414634146342 0.65625 0.013719512195121951 0.016233766233766232
1 0.23902439024390243 0.27719155844155846 0.011280487804878048 0.017045454545454544
1 0.6920731707317073 0.7272727272727273 0.011890243902439025 0.018262987012987012
1 0.16128048780487805 0.5604707792207793 0.014329268292682927 0.0174512987012987
1 0.35121951219512193 0.890827922077922 0.010365853658536586 0.014204545454545454
1 0.21615853658536585 0.9626623376623377 0.010670731707317074 0.01176948051948052
1 0.1375 0.46063311688311687 0.010365853658536586 0.014204545454545454
1 0.9399390243902439 0.1241883116883117 0.01097560975609756 0.012581168831168832
1 0.20396341463414633 0.04342532467532467 0.012195121951219513 0.012987012987012988
1 0.06585365853658537 0.7690746753246753 0.01707317073170732 0.023944805194805196
1 0.8524390243902439 0.8628246753246753 0.010060975609756098 0.010957792207792208
1 0.3871951219512195 0.554788961038961 0.014939024390243902 0.019886363636363636
1 0.08201219512195122 0.07224025974025974 0.013719512195121951 0.019886363636363636
1 0.9954268292682927 0.6915584415584416 0.014939024390243902 0.02353896103896104
1 0.1774390243902439 0.5527597402597403 0.010365853658536586 0.012581168831168832
1 0.40823170731707314 0.13027597402597402 0.01402439024390244 0.016639610389610388
1 0.688719512195122 0.6972402597402597 0.012804878048780487 0.015016233766233766
1 0.6990853658536585 0.11931818181818182 0.0125 0.012581168831168832
1 0.9198170731707317 0.5746753246753247 0.016158536585365854 0.02150974025974026
