0 0.27439024390243905 0.5653409090909091 0.009146341463414634 0.008928571428571428
0 0.22987804878048781 0.59375 0.0125 0.014204545454545454
0 0.5350609756097561 0.6891233766233766 0.01097560975609756 0.015827922077922076
0 0.7740853658536585 0.39732142857142855 0.014939024390243902 0.021915584415584416
0 0.5780487804878048 0.04261363636363636 0.01097560975609756 0.010551948051948052
0 0.338719512195122 0.0625 0.0125 0.012581168831168832
0 0.46189024390243905 0.29545454545454547 0.012195121951219513 0.012581168831168832
0 0.05 0.5036525974025974 0.01097560975609756 0.014204545454545454
0 0.5298780487804878 0.7431006493506493 0.012195121951219513 0.013392857142857142
0 0.7524390243902439 0.33116883116883117 0.013109756097560975 0.01461038961038961
0 0.47347560975609754 0.9691558441558441 0.01524390243902439 0.020292207792207792
0 0.18170731707317073 0.5450487012987013 0.013719512195121951 0.019886363636363636
0 0.8256097560975609 0.5515422077922078 0.014329268292682927 0.016639610389610388
0 0.5996951219512195 0.4034090909090909 0.00975609756097561 0.01176948051948052
0 0.7728658536585366 0.6221590909090909 0.012195121951219513 0.015016233766233766
0 0.19634146341463415 0.22808441558441558 0.009451219512195122 0.010551948051948052
0 0.22195121951219512 0.9326298701298701 0.011585365853658536 0.013798701298701298
0 0.2277439024390244 0.8786525974025974 0.014329268292682927 0.01948051948051948
0 0.47042682926829266 0.39042207792207795 0.008231707317073171 0.012987012987012988
0 0.09390243902439024 0.2532467532467532 0.020731707317073172 0.030844155844155844
0 0.876219512195122 0.20251623376623376 0.0125 0.018668831168831168
0 0.7472560975609757 0.06534090909090909 0.009451219512195122 0.008928571428571428
0 0.5109756097560976 0.59375 0.014634146341463415 0.020292207792207792
0 0.8484756097560976 0.8603896103896104 0.011280487804878048 0.01461038961038961
0 0.864329268292683 0.29991883116883117 0.012195121951219513 0.015827922077922076
0 0.4326219512195122 0.24147727272727273 0.013109756097560975 0.013392857142857142
0 0.748780487804878 0.42086038961038963 0.010670731707317074 0.010146103896103896
0 0.44847560975609757 0.6160714285714286 0.00975609756097561 0.00974025974025974
0 0.0625 0.4878246753246753 0.011280487804878048 0.010957792207792208
0 0.33689024390243905 0.4898538961038961 0.013414634146341463 0.016639610389610388
0 0.34786585365853656 0.783685064935065 0.013414634146341463 0.01461038961038961
0 0.4899390243902439 0.5150162337662337 0.010365853658536586 0.015016233766233766
0 0.10701219512195122 0.6221590909090909 0.007926829268292683 0.006493506493506494
0 0.10701219512195122 0.1891233766233766 0.015853658536585366 0.02353896103896104
0 0.9460365853658537 0.5150162337662337 0.016158536585365854 0.021915584415584416
0 0.9246951219512195 0.20454545454545456 0.014939024390243902 0.017045454545454544
0 0.6682926829268293 0.48579545454545453 0.009451219512195122 0.012581168831168832
0 0.275 0.3299512987012987 0.011585365853658536 0.013392857142857142
0 0.2996951219512195 0.45413961038961037 0.01676829268292683 0.023944805194805196
0 0.200609756097561 0.4496753246753247 0.010670731707317074 0.010551948051948052
0 0.39908536585365856 0.2711038961038961 0.011585365853658536 0.012987012987012988
0 0.4652439024390244 0.8989448051948052 0.007926829268292683 0.007305194805194805
0 0.36310975609756097 0.8189935064935064 0.011280487804878048 0.015016233766233766
0 0.675 0.4594155844155844 0.009451219512195122 0.011363636363636364
0 0.8807926829268292 0.275974025974026 0.010670731707317074 0.010957792207792208
0 0.5960365853658537 0.02150974025974026 0.008841463414634146 0.015422077922077922
0 0.9957317073170732 0.2909902597402597 0.013109756097560975 0.015016233766233766
0 0.5402439024390244 0.19237012987012986 0.015548780487804878 0.0174512987012987
0 0.3445121951219512 0.6854707792207793 0.01097560975609756 0.014204545454545454
0 0.024695121951219513 0.6489448051948052 0.014329268292682927 0.017045454545454544
0 0.1600609756097561 0.6359577922077922 0.00975609756097561 0.015016233766233766
0 0.39115853658536587 0.46063311688311687 0.01097560975609756 0.016639610389610388
0 0.3045731707317073 0.336038961038961 0.009451219512195122 0.013392857142857142
0 0.899390243902439 0.731737012987013 0.009146341463414634 0.015422077922077922
0 0.20335365853658535 0.8246753246753247 0.01707317073170732 0.025162337662337664
0 0.09603658536585366 0.9476461038961039 0.012195121951219513 0.012581168831168832
0 0.05548780487804878 0.9512987012987013 0.011585365853658536 0.012175324675324676
0 0.5378048780487805 0.4147727272727273 0.01097560975609756 0.015827922077922076
1 0.29847560975609755 0.273538961038961 0.010060975609756098 0.015827922077922076
1 0.4509146341463415 0.24553571428571427 0.009146341463414634 0.015827922077922076
1 0.5298780487804878 0.44561688311688313 0.01097560975609756 0.015827922077922076
1 0.15426829268292683 0.770698051948052 0.010060975609756098 0.013798701298701298
1 0.22073170731707317 0.36810064935064934 0.012195121951219513 0.017045454545454544
1 0.35548780487804876 0.6185064935064936 0.01097560975609756 0.014204545454545454
1 0.4246951219512195 0.9521103896103896 0.010670731707317074 0.010146103896103896
1 0.8417682926829269 0.5823863636363636 0.01097560975609756 0.014204545454545454
1 0.09481707317073171 0.8137175324675324 0.013414634146341463 0.017857142857142856
1 0.697560975609756 0.46712662337662336 0.014939024390243902 0.02353896103896104
1 0.16463414634146342 0.6915584415584416 0.010670731707317074 0.010957792207792208
1 0.04573170731707317 0.3871753246753247 0.013109756097560975 0.01461038961038961
1 0.8298780487804878 0.6124188311688312 0.011890243902439025 0.01948051948051948
1 0.6859756097560976 0.041396103896103896 0.014329268292682927 0.015016233766233766
1 0.7301829268292683 0.6266233766233766 0.009451219512195122 0.015422077922077922
1 0.3753048780487805 0.25608766233766234 0.012195121951219513 0.017045454545454544
1 0.3070121951219512 0.7893668831168831 0.01097560975609756 0.010551948051948052
1 0.8213414634146341 0.09334415584415584 0.012804878048780487 0.016233766233766232
1 0.32134146341463415 0.5162337662337663 0.01097560975609756 0.013392857142857142
1 0.06798780487804879 0.18344155844155843 0.011585365853658536 0.014204545454545454
1 0.3246951219512195 0.9995941558441559 0.010670731707317074 0.013798701298701298
1 0.09847560975609757 0.20982142857142858 0.010670731707317074 0.011363636363636364
1 0.9225609756097561 0.14935064935064934 0.011585365853658536 0.018668831168831168
1 0.4454268292682927 0.7045454545454546 0.019817073170731708 0.029626623376623376
1 0.5469512195121952 0.15543831168831168 0.010060975609756098 0.013392857142857142
1 0.24085365853658536 0.10957792207792208 0.01097560975609756 0.01176948051948052
1 0.598170731707317 0.619724025974026 0.011280487804878048 0.011363636363636364
1 0.9439024390243902 0.13352272727272727 0.011890243902439025 0.018668831168831168
1 0.5661585365853659 0.33238636363636365 0.013719512195121951 0.015016233766233766
1 0.3603658536585366 0.2962662337662338 0.011280487804878048 0.018262987012987012
1 0.060060975609756095 0.5060876623376623 0.01676829268292683 0.025162337662337664
1 0.10304878048780487 0.9667207792207793 0.011585365853658536 0.018262987012987012
1 0.07469512195121951 0.08279220779220779 0.01402439024390244 0.02150974025974026
1 0.6484756097560975 0.49594155844155846 0.00975609756097561 0.008928571428571428
1 0.8057926829268293 0.7398538961038961 0.015853658536585366 0.019074675324675324
1 0.8344512195121951 0.30194805194805197 0.010060975609756098 0.015827922077922076
1 0.33719512195121953 0.22808441558441558 0.02103658536585366 0.02719155844155844
1 0.625609756097561 0.20454545454545456 0.012195121951219513 0.013392857142857142
1 0.21097560975609755 0.15097402597402598 0.010060975609756098 0.01176948051948052
1 0.6945121951219512 0.5819805194805194 0.00975609756097561 0.01176948051948052
1 0.20853658536585365 0.24959415584415584 0.01097560975609756 0.010957792207792208
1 0.19329268292682927 0.669237012987013 0.0125 0.018262987012987012
1 0.7484756097560976 0.5872564935064936 0.0125 0.015422077922077922
1 0.802439024390244 0.37459415584415584 0.011585365853658536 0.01176948051948052
1 0.8768292682926829 0.16558441558441558 0.01768292682926829 0.023133116883116884
1 0.5408536585365854 0.294237012987013 0.00853658536585366 0.012581168831168832
1 0.925609756097561 0.794237012987013 0.01402439024390244 0.015827922077922076
1 0.33475609756097563 0.5515422077922078 0.0125 0.013798701298701298
1 0.7603658536585366 0.5511363636363636 0.013719512195121951 0.015016233766233766
1 0.8606707317073171 0.6412337662337663 0.010060975609756098 0.010146103896103896
1 0.6826219512195122 0.2922077922077922 0.016158536585365854 0.024350649350649352
1 0.04542682926829268 0.12215909090909091 0.009146341463414634 0.010957792207792208
1 0.8338414634146342 0.8656655844155844 0.00975609756097561 0.010957792207792208
1 0.7192073170731708 0.1728896103896104 0.0125 0.015422077922077922
1 0.375 0.7670454545454546 0.011890243902439025 0.018262987012987012
1 0.06951219512195123 0.24228896103896103 0.015548780487804878 0.020698051948051948
1 0.7560975609756098 0.46469155844155846 0.013109756097560975 0.020292207792207792
1 0.5963414634146341 0.18871753246753248 0.0125 0.018262987012987012
