0 0.5795731707317073 0.07345779220779221 0.01707317073170732 0.021103896103896104
0 0.44176829268292683 0.6757305194805194 0.0125 0.018262987012987012
0 0.2634146341463415 0.5048701298701299 0.012195121951219513 0.012581168831168832
0 0.11310975609756098 0.5653409090909091 0.01524390243902439 0.020698051948051948
0 0.5722560975609756 0.8599837662337663 0.012195121951219513 0.01461038961038961
0 0.901829268292683 0.487012987012987 0.01402439024390244 0.020292207792207792
0 0.7039634146341464 0.10186688311688312 0.010670731707317074 0.010551948051948052
0 0.486890243902439 0.882711038961039 0.009146341463414634 0.012987012987012988
0 0.39634146341463417 0.11647727272727272 0.009146341463414634 0.01176948051948052
0 0.1871951219512195 0.2122564935064935 0.01676829268292683 0.025974025974025976
0 0.9844512195121952 0.8465909090909091 0.017378048780487806 0.02353896103896104
0 0.09329268292682927 0.4375 0.01097560975609756 0.015016233766233766
0 0.6185975609756098 0.8425324675324676 0.01768292682926829 0.026379870129870128
0 0.04420731707317073 0.08319805194805195 0.015548780487804878 0.016639610389610388
0 0.2725609756097561 0.15746753246753248 0.011890243902439025 0.019074675324675324
0 0.4628048780487805 0.16233766233766234 0.014939024390243902 0.016233766233766232
0 0.7134146341463414 0.5344967532467533 0.0125 0.017857142857142856
0 0.8725609756097561 0.7378246753246753 0.01097560975609756 0.012987012987012988
0 0.4481707317073171 0.994724025974026 0.01402439024390244 0.018668831168831168
0 0.15121951219512195 0.49310064935064934 0.008231707317073171 0.011363636363636364
0 0.47774390243902437 0.2840909090909091 0.013109756097560975 0.0174512987012987
0 0.4951219512195122 0.734577922077922 0.010060975609756098 0.01176948051948052
0 0.7204268292682927 0.5929383116883117 0.011280487804878048 0.016233766233766232
0 0.2780487804878049 0.4375 0.012195121951219513 0.012987012987012988
0 0.26158536585365855 0.398538961038961 0.012804878048780487 0.014204545454545454
0 0.8646341463414634 0.07224025974025974 0.015853658536585366 0.02150974025974026
0 0.05853658536585366 0.21834415584415584 0.013414634146341463 0.015827922077922076
0 0.7896341463414634 0.8843344155844156 0.013109756097560975 0.017857142857142856
0 0.5695121951219512 0.12946428571428573 0.010670731707317074 0.013392857142857142
0 0.3304878048780488 0.6708603896103896 0.012195121951219513 0.016639610389610388
0 0.7332317073170732 0.3912337662337662 0.017378048780487806 0.019074675324675324
0 0.4899390243902439 0.9951298701298701 0.01798780487804878 0.023944805194805196
0 0.18170731707317073 0.599025974025974 0.013109756097560975 0.018262987012987012
1 0.9786585365853658 0.5190746753246753 0.014634146341463415 0.02150974025974026
1 0.2121951219512195 0.6907467532467533 0.011280487804878048 0.011363636363636364
1 0.35548780487804876 0.7508116883116883 0.00975609756097561 0.01176948051948052
1 0.05426829268292683 0.6375811688311688 0.009451219512195122 0.013798701298701298
1 0.9911585365853659 0.9163961038961039 0.010670731707317074 0.016639610389610388
1 0.686280487804878 0.29910714285714285 0.0125 0.01948051948051948
1 0.19817073170731708 0.2305194805194805 0.01676829268292683 0.02556818181818182
1 0.11798780487804877 0.6814123376623377 0.011890243902439025 0.018262987012987012
1 0.4679878048780488 0.4362824675324675 0.0125 0.012987012987012988
1 0.9240853658536585 0.8311688311688312 0.013109756097560975 0.017857142857142856
1 0.06097560975609756 0.5446428571428571 0.0125 0.019886363636363636
1 0.21646341463414634 0.619724025974026 0.011890243902439025 0.019074675324675324
1 0.3463414634146341 0.6919642857142857 0.00975609756097561 0.015422077922077922
1 0.9054878048780488 0.10592532467532467 0.011890243902439025 0.017857142857142856
1 0.9457317073170731 0.15137987012987014 0.01097560975609756 0.015016233766233766
1 0.4926829268292683 0.2694805194805195 0.009146341463414634 0.015016233766233766
1 0.7673780487804878 0.22362012987012986 0.011890243902439025 0.016233766233766232
1 0.675 0.8258928571428571 0.013719512195121951 0.015016233766233766
1 0.8948170731707317 0.820211038961039 0.01097560975609756 0.014204545454545454
1 0.6292682926829268 0.9857954545454546 0.014329268292682927 0.019886363636363636
1 0.6451219512195122 0.630275974025974 0.013109756097560975 0.017045454545454544
1 0.22378048780487805 0.38311688311688313 0.00975609756097561 0.010957792207792208
1 0.4091463414634146 0.26785714285714285 0.009451219512195122 0.015827922077922076
1 0.6021341463414634 0.7366071428571429 0.010365853658536586 0.017045454545454544
1 0.4926829268292683 0.06696428571428571 0.010060975609756098 0.00974025974025974
1 0.33414634146341465 0.966314935064935 0.01097560975609756 0.011363636363636364
1 0.6225609756097561 0.33238636363636365 0.013414634146341463 0.0174512987012987
1 0.6478658536585366 0.21672077922077923 0.018597560975609755 0.026785714285714284
1 0.5213414634146342 0.7686688311688312 0.014634146341463415 0.018262987012987012
1 0.1198170731707317 0.40016233766233766 0.01402439024390244 0.019074675324675324
1 0.8170731707317073 0.21793831168831168 0.0125 0.0174512987012987
1 0.1402439024390244 0.7731331168831169 0.015548780487804878 0.023944805194805196
1 0.1405487804878049 0.6582792207792207 0.012804878048780487 0.01461038961038961
1 0.7338414634146342 0.43344155844155846 0.011585365853658536 0.016639610389610388
1 0.7896341463414634 0.9906655844155844 0.013109756097560975 0.020698051948051948
1 0.4268292682926829 0.24228896103896103 0.011890243902439025 0.0174512987012987
1 0.8094512195121951 0.45819805194805197 0.012804878048780487 0.015827922077922076
1 0.23658536585365852 0.6757305194805194 0.013414634146341463 0.017857142857142856
1 0.6850609756097561 0.7824675324675324 0.012195121951219513 0.012175324675324676
1 0.09969512195121952 0.2483766233766234 0.013109756097560975 0.017857142857142856
1 0.8338414634146342 0.33319805194805197 0.014329268292682927 0.015422077922077922
1 0.8682926829268293 0.6241883116883117 0.011280487804878048 0.015016233766233766
1 0.6399390243902439 0.7483766233766234 0.012804878048780487 0.015827922077922076
1 0.19695121951219513 0.35714285714285715 0.014329268292682927 0.017857142857142856
1 0.8926829268292683 0.9732142857142857 0.010060975609756098 0.015827922077922076
1 0.973780487804878 0.14001623376623376 0.012804878048780487 0.015016233766233766
1 0.2896341463414634 0.05925324675324675 0.011890243902439025 0.016639610389610388
1 0.7414634146341463 0.6935876623376623 0.01097560975609756 0.012175324675324676
1 0.9051829268292683 0.3835227272727273 0.0125 0.018262987012987012
1 0.35579268292682925 0.731737012987013 0.01402439024390244 0.020292207792207792
1 0.5335365853658537 0.18831168831168832 0.00853658536585366 0.008116883116883116
1 0.20884146341463414 0.8409090909090909 0.0125 0.016233766233766232
1 0.03323170731707317 0.4898538961038961 0.013414634146341463 0.0174512987012987
1 0.5210365853658536 0.5316558441558441 0.010365853658536586 0.016639610389610388
1 0.863719512195122 0.1728896103896104 0.01707317073170732 0.018668831168831168
1 0.32134146341463415 0.24310064935064934 0.015853658536585366 0.017857142857142856
1 0.8777439024390243 0.22727272727272727 0.01524390243902439 0.019074675324675324
