0 0.6164634146341463 0.3474025974025974 0.011280487804878048 0.012175324675324676
0 0.5780487804878048 0.5580357142857143 0.010670731707317074 0.012987012987012988
0 0.1719512195121951 0.07751623376623376 0.015548780487804878 0.018668831168831168
0 0.7993902439024391 0.48660714285714285 0.009451219512195122 0.015422077922077922
0 0.9661585365853659 0.4525162337662338 0.012804878048780487 0.019074675324675324
0 0.2423780487804878 0.42288961038961037 0.016158536585365854 0.021915584415584416
0 0.20792682926829267 0.29991883116883117 0.015548780487804878 0.01948051948051948
0 0.7435975609756098 0.9517045454545454 0.013109756097560975 0.017045454545454544
0 0.3353658536585366 0.2086038961038961 0.010365853658536586 0.016639610389610388
0 0.9371951219512196 0.8583603896103896 0.012804878048780487 0.01461038961038961
0 0.07835365853658537 0.8936688311688312 0.011585365853658536 0.016233766233766232
0 0.8109756097560976 0.5791396103896104 0.01097560975609756 0.012581168831168832
0 0.26128048780487806 0.4902597402597403 0.016158536585365854 0.020698051948051948
0 0.636280487804878 0.7049512987012987 0.011280487804878048 0.017045454545454544
0 0.5576219512195122 0.9626623376623377 0.014634146341463415 0.018668831168831168
0 0.12408536585365854 0.7719155844155844 0.013414634146341463 0.014204545454545454
0 0.8875 0.10998376623376624 0.010060975609756098 0.012581168831168832
0 0.018902439024390243 0.7037337662337663 0.010670731707317074 0.016639610389610388
0 0.9329268292682927 0.6818181818181818 0.017378048780487806 0.024756493506493508
0 0.7301829268292683 0.4594155844155844 0.015548780487804878 0.020698051948051948
0 0.029573170731707316 0.257711038961039 0.01097560975609756 0.015016233766233766
0 0.3277439024390244 0.7426948051948052 0.013109756097560975 0.014204545454545454
0 0.9957317073170732 0.24878246753246752 0.012195121951219513 0.015016233766233766
0 0.47835365853658535 0.674512987012987 0.01676829268292683 0.02150974025974026
0 0.41554878048780486 0.31290584415584416 0.013414634146341463 0.013798701298701298
0 0.8753048780487804 0.2398538961038961 0.013719512195121951 0.016639610389610388
0 0.41859756097560974 0.8295454545454546 0.013719512195121951 0.014204545454545454
0 0.7048780487804878 0.11201298701298701 0.011585365853658536 0.012581168831168832
0 0.09359756097560976 0.9525162337662337 0.014634146341463415 0.020292207792207792
0 0.35853658536585364 0.1773538961038961 0.010670731707317074 0.012581168831168832
0 0.3121951219512195 0.6737012987012987 0.014329268292682927 0.019886363636363636
0 0.18567073170731707 0.9573863636363636 0.012195121951219513 0.019886363636363636
0 0.47347560975609754 0.10673701298701299 0.014329268292682927 0.01948051948051948
0 0.5460365853658536 0.2325487012987013 0.012804878048780487 0.018668831168831168
0 0.7503048780487804 0.5438311688311688 0.009451219512195122 0.010957792207792208
0 0.2027439024390244 0.6136363636363636 0.010365853658536586 0.010146103896103896
0 0.4923780487804878 0.6412337662337663 0.016158536585365854 0.024350649350649352
0 0.44939024390243903 0.45332792207792205 0.016463414634146342 0.018668831168831168
0 0.5765243902439025 0.36241883116883117 0.01402439024390244 0.019886363636363636
0 0.9670731707317073 0.2215909090909091 0.01402439024390244 0.020698051948051948
0 0.5182926829268293 0.17978896103896103 0.01097560975609756 0.017857142857142856
0 0.6567073170731708 0.703327922077922 0.01402439024390244 0.02150974025974026
0 0.9378048780487804 0.28612012987012986 0.01798780487804878 0.020698051948051948
0 0.8176829268292682 0.5048701298701299 0.010060975609756098 0.012581168831168832
0 0.2253048780487805 0.3068181818181818 0.0125 0.017857142857142856
0 0.2917682926829268 0.658685064935065 0.011280487804878048 0.017857142857142856
0 0.38628048780487806 0.39569805194805197 0.010670731707317074 0.016233766233766232
0 0.573780487804878 0.10146103896103896 0.013414634146341463 0.021103896103896104
0 0.34176829268292686 0.7086038961038961 0.01097560975609756 0.012987012987012988
0 0.7 0.729301948051948 0.010670731707317074 0.015422077922077922
0 0.47865853658536583 0.7816558441558441 0.014329268292682927 0.018668831168831168
0 0.6859756097560976 0.7926136363636364 0.013414634146341463 0.017045454545454544
0 0.3771341463414634 0.045048701298701296 0.013414634146341463 0.016233766233766232
0 0.7207317073170731 0.3445616883116883 0.014939024390243902 0.021915584415584416
0 0.438109756097561 0.7114448051948052 0.01768292682926829 0.02556818181818182
0 0.9625 0.7167207792207793 0.008841463414634146 0.010551948051948052
0 0.6503048780487805 0.44237012987012986 0.013414634146341463 0.015422077922077922
0 0.34176829268292686 0.6684253246753247 0.011890243902439025 0.013392857142857142
0 0.01707317073170732 0.7471590909090909 0.011585365853658536 0.013798701298701298
0 0.15030487804878048 0.13920454545454544 0.012195121951219513 0.017045454545454544
0 0.3957317073170732 0.8843344155844156 0.016463414634146342 0.023944805194805196
0 0.6920731707317073 0.08887987012987013 0.011585365853658536 0.017857142857142856
0 0.12652439024390244 0.14042207792207792 0.011585365853658536 0.013392857142857142
0 0.425 0.9943181818181818 0.012804878048780487 0.018262987012987012
0 0.9692073170731708 0.8226461038961039 0.008841463414634146 0.010551948051948052
0 0.11067073170731707 0.7357954545454546 0.00975609756097561 0.010957792207792208
0 0.886890243902439 0.06168831168831169 0.014634146341463415 0.015422077922077922
0 0.7185975609756098 0.7962662337662337 0.013719512195121951 0.014204545454545454
0 0.7871951219512195 0.5162337662337663 0.013719512195121951 0.014204545454545454
0 0.598170731707317 0.7646103896103896 0.011585365853658536 0.01461038961038961
0 0.14420731707317072 0.2593344155844156 0.01097560975609756 0.017857142857142856
0 0.9719512195121951 0.0872564935064935 0.020426829268292684 0.029626623376623376
0 0.7759146341463414 0.21956168831168832 0.011890243902439025 0.013798701298701298
0 0.6853658536585366 0.16152597402597402 0.010670731707317074 0.0174512987012987
0 0.8911585365853658 0.6477272727272727 0.01402439024390244 0.016233766233766232
0 0.886890243902439 0.7086038961038961 0.014329268292682927 0.022727272727272728
0 0.9698170731707317 0.3770292207792208 0.012195121951219513 0.015422077922077922
0 0.9173780487804878 0.7179383116883117 0.011585365853658536 0.017857142857142856
0 0.8948170731707317 0.989448051948052 0.020121951219512196 0.025974025974025976
0 0.4454268292682927 0.25 0.00975609756097561 0.014204545454545454
0 0.6890243902439024 0.286525974025974 0.010060975609756098 0.015016233766233766
0 0.45975609756097563 0.330762987012987 0.009146341463414634 0.009334415584415584
0 0.8457317073170731 0.9281655844155844 0.015548780487804878 0.021103896103896104
0 0.29817073170731706 0.5892857142857143 0.01524390243902439 0.018262987012987012
0 0.8451219512195122 0.03855519480519481 0.01402439024390244 0.022321428571428572
0 0.5972560975609756 0.47767857142857145 0.013719512195121951 0.016233766233766232
0 0.04390243902439024 0.5791396103896104 0.010365853658536586 0.00974025974025974
0 0.7475609756097561 0.9752435064935064 0.010365853658536586 0.015827922077922076
0 0.06646341463414634 0.6339285714285714 0.015548780487804878 0.02150974025974026
0 0.7939024390243903 0.29545454545454547 0.016463414634146342 0.019886363636363636
0 0.4557926829268293 0.04220779220779221 0.010365853658536586 0.011363636363636364
0 0.14939024390243902 0.43506493506493504 0.011280487804878048 0.015827922077922076
0 0.17134146341463416 0.13392857142857142 0.0125 0.01461038961038961
0 0.35579268292682925 0.3169642857142857 0.014329268292682927 0.020292207792207792
0 0.5338414634146341 0.0762987012987013 0.013719512195121951 0.020292207792207792
0 0.6076219512195122 0.7646103896103896 0.012804878048780487 0.018262987012987012
0 0.8899390243902439 0.4346590909090909 0.012804878048780487 0.016233766233766232
0 0.4057926829268293 0.06777597402597403 0.01402439024390244 0.015422077922077922
0 0.06067073170731707 0.336038961038961 0.010670731707317074 0.01176948051948052
1 0.4347560975609756 0.10957792207792208 0.01676829268292683 0.019074675324675324
1 0.19085365853658537 0.40665584415584416 0.010365853658536586 0.016639610389610388
1 0.6689024390243903 0.1416396103896104 0.0125 0.018262987012987012
1 0.1073170731707317 0.794237012987013 0.013719512195121951 0.020698051948051948
1 0.5033536585365853 0.9204545454545454 0.0125 0.012987012987012988
1 0.6442073170731707 0.4212662337662338 0.011585365853658536 0.011363636363636364
1 0.25426829268292683 0.885551948051948 0.011585365853658536 0.01176948051948052
1 0.4600609756097561 0.9354707792207793 0.01524390243902439 0.02150974025974026
1 0.3679878048780488 0.3015422077922078 0.014634146341463415 0.019886363636363636
1 0.29298780487804876 0.061282467532467536 0.011585365853658536 0.012581168831168832
1 0.33170731707317075 0.4525162337662338 0.015548780487804878 0.017045454545454544
1 0.5033536585365853 0.945211038961039 0.016463414634146342 0.02353896103896104
1 0.8740853658536586 0.3538961038961039 0.013414634146341463 0.020292207792207792
1 0.7844512195121951 0.5726461038961039 0.013719512195121951 0.020698051948051948
1 0.9429878048780488 0.44237012987012986 0.012804878048780487 0.019886363636363636
1 0.8670731707317073 0.04667207792207792 0.009451219512195122 0.008522727272727272
1 0.4695121951219512 0.3425324675324675 0.013414634146341463 0.019074675324675324
1 0.7996951219512195 0.44237012987012986 0.01402439024390244 0.017045454545454544
1 0.1173780487804878 0.6323051948051948 0.008841463414634146 0.012987012987012988
1 0.4826219512195122 0.9383116883116883 0.012195121951219513 0.014204545454545454
1 0.9716463414634147 0.9983766233766234 0.013109756097560975 0.013798701298701298
1 0.34237804878048783 0.78125 0.01707317073170732 0.026379870129870128
1 0.3649390243902439 0.6781655844155844 0.009451219512195122 0.013798701298701298
1 0.5472560975609756 0.7224025974025974 0.01097560975609756 0.013392857142857142
1 0.5786585365853658 0.702922077922078 0.014634146341463415 0.022727272727272728
1 0.4067073170731707 0.9598214285714286 0.010670731707317074 0.010551948051948052
1 0.2304878048780488 0.823051948051948 0.01524390243902439 0.02353896103896104
1 0.4164634146341463 0.38961038961038963 0.014939024390243902 0.021915584415584416
1 0.3643292682926829 0.7207792207792207 0.009451219512195122 0.015422077922077922
1 0.13048780487804879 0.38839285714285715 0.012195121951219513 0.012987012987012988
1 0.3277439024390244 0.8214285714285714 0.00975609756097561 0.010957792207792208
1 0.8908536585365854 0.023944805194805196 0.011280487804878048 0.017045454545454544
1 0.3323170731707317 0.8969155844155844 0.016158536585365854 0.018668831168831168
1 0.7771341463414634 0.783685064935065 0.01097560975609756 0.0174512987012987
1 0.8106707317073171 0.8547077922077922 0.0125 0.017045454545454544
1 0.17530487804878048 0.5815746753246753 0.012804878048780487 0.016639610389610388
1 0.3948170731707317 0.577922077922078 0.009451219512195122 0.012581168831168832
1 0.936280487804878 0.35186688311688313 0.013109756097560975 0.014204545454545454
1 0.9865853658536585 0.49837662337662336 0.009146341463414634 0.008522727272727272
1 0.1527439024390244 0.5280032467532467 0.0125 0.019886363636363636
1 0.5557926829268293 0.7987012987012987 0.011585365853658536 0.016639610389610388
1 0.18841463414634146 0.8754058441558441 0.012195121951219513 0.013392857142857142
1 0.11310975609756098 0.09253246753246754 0.01524390243902439 0.017045454545454544
1 0.6018292682926829 0.5361201298701299 0.010365853658536586 0.01176948051948052
1 0.7621951219512195 0.9979707792207793 0.014939024390243902 0.021103896103896104
1 0.7091463414634146 0.4034090909090909 0.015853658536585366 0.024756493506493508
1 0.6375 0.8125 0.011280487804878048 0.013392857142857142
1 0.5823170731707317 0.268262987012987 0.011585365853658536 0.019074675324675324
1 0.1600609756097561 0.5503246753246753 0.010365853658536586 0.017045454545454544
1 0.9536585365853658 0.3843344155844156 0.011585365853658536 0.018262987012987012
1 0.45426829268292684 0.549512987012987 0.012804878048780487 0.0174512987012987
1 0.1298780487804878 0.578327922077922 0.011280487804878048 0.012175324675324676
1 0.9234756097560975 0.4159902597402597 0.013719512195121951 0.021915584415584416
1 0.6960365853658537 0.5892857142857143 0.009146341463414634 0.012987012987012988
1 0.8411585365853659 0.09050324675324675 0.011585365853658536 0.01176948051948052
1 0.2557926829268293 0.5093344155844156 0.011890243902439025 0.012175324675324676
1 0.7951219512195122 0.5482954545454546 0.015853658536585366 0.0174512987012987
1 0.9164634146341464 0.24025974025974026 0.009146341463414634 0.00974025974025974
1 0.7323170731707317 0.5982142857142857 0.00853658536585366 0.011363636363636364
1 0.44939024390243903 0.3226461038961039 0.00975609756097561 0.015827922077922076
1 0.3725609756097561 0.7508116883116883 0.01676829268292683 0.022727272727272728
1 0.13079268292682927 0.17816558441558442 0.01707317073170732 0.023944805194805196
1 0.15792682926829268 0.012175324675324676 0.009451219512195122 0.011363636363636364
1 0.47804878048780486 0.4586038961038961 0.01524390243902439 0.022727272727272728
