0 0.5378048780487805 0.29261363636363635 0.00975609756097561 0.010146103896103896
0 0.973780487804878 0.288961038961039 0.010670731707317074 0.015016233766233766
0 0.2621951219512195 0.7678571428571429 0.010060975609756098 0.010551948051948052
0 0.9753048780487805 0.29707792207792205 0.010365853658536586 0.011363636363636364
0 0.038109756097560975 0.7321428571428571 0.014634146341463415 0.017045454545454544
0 0.22164634146341464 0.2824675324675325 0.012195121951219513 0.013798701298701298
0 0.06890243902439025 0.8129058441558441 0.020731707317073172 0.028003246753246752
0 0.8521341463414634 0.048295454545454544 0.011890243902439025 0.018262987012987012
0 0.12317073170731707 0.6627435064935064 0.009146341463414634 0.01176948051948052
0 0.5109756097560976 0.6590909090909091 0.011280487804878048 0.01461038961038961
0 0.8015243902439024 0.6793831168831169 0.011585365853658536 0.018668831168831168
0 0.16189024390243903 0.7106331168831169 0.01402439024390244 0.017045454545454544
0 0.3567073170731707 0.36363636363636365 0.00975609756097561 0.016233766233766232
0 0.28841463414634144 0.13352272727272727 0.012195121951219513 0.017045454545454544
0 0.18414634146341463 0.16558441558441558 0.014329268292682927 0.021103896103896104
0 0.6106707317073171 0.13108766233766234 0.009451219512195122 0.010146103896103896
0 0.35579268292682925 0.304788961038961 0.01676829268292683 0.019886363636363636
0 0.8134146341463414 0.20170454545454544 0.011890243902439025 0.015016233766233766
0 0.2652439024390244 0.716314935064935 0.011280487804878048 0.01176948051948052
0 0.6 0.9732142857142857 0.011890243902439025 0.017045454545454544
0 0.9021341463414634 0.5669642857142857 0.01097560975609756 0.016639610389610388
0 0.4948170731707317 0.030032467532467532 0.014634146341463415 0.017045454545454544
0 0.9719512195121951 0.7459415584415584 0.01097560975609756 0.010957792207792208
0 0.08658536585365853 0.400974025974026 0.011585365853658536 0.01176948051948052
0 0.2728658536585366 0.10227272727272728 0.012195121951219513 0.015422077922077922
0 0.12408536585365854 0.16030844155844157 0.014329268292682927 0.020292207792207792
0 0.6829268292682927 0.2418831168831169 0.011890243902439025 0.019074675324675324
0 0.4865853658536585 0.2934253246753247 0.010060975609756098 0.015422077922077922
0 0.614329268292683 0.9675324675324676 0.0125 0.019074675324675324
0 0.06951219512195123 0.6789772727272727 0.008841463414634146 0.011363636363636364
0 0.05274390243902439 0.12175324675324675 0.013109756097560975 0.015827922077922076
0 0.9448170731707317 0.3794642857142857 0.013719512195121951 0.01948051948051948
0 0.3695121951219512 0.4172077922077922 0.013109756097560975 0.020292207792207792
0 0.8820121951219512 0.4987824675324675 0.01524390243902439 0.022321428571428572
0 0.15701219512195122 0.838474025974026 0.012804878048780487 0.014204545454545454
1 0.938109756097561 0.09659090909090909 0.0125 0.01948051948051948
1 0.41585365853658535 0.2824675324675325 0.01097560975609756 0.011363636363636364
