0 0.2801829268292683 0.7102272727272727 0.011585365853658536 0.015422077922077922
0 0.15701219512195122 0.08928571428571429 0.011585365853658536 0.011363636363636364
0 0.7664634146341464 0.8916396103896104 0.0125 0.018668831168831168
0 0.6527439024390244 0.3299512987012987 0.017378048780487806 0.026785714285714284
0 0.15060975609756097 0.6793831168831169 0.009451219512195122 0.008522727272727272
0 0.17103658536585367 0.6075487012987013 0.012195121951219513 0.014204545454545454
0 0.536890243902439 0.8189935064935064 0.012195121951219513 0.015827922077922076
0 0.6265243902439024 0.8758116883116883 0.016158536585365854 0.02353896103896104
0 0.7115853658536585 0.5401785714285714 0.00853658536585366 0.015016233766233766
0 0.4609756097560976 0.4362824675324675 0.013414634146341463 0.0174512987012987
0 0.0875 0.922077922077922 0.013414634146341463 0.020698051948051948
0 0.5704268292682927 0.8400974025974026 0.0125 0.013798701298701298
0 0.2682926829268293 0.37743506493506496 0.015853658536585366 0.020698051948051948
0 0.6423780487804878 0.8689123376623377 0.011890243902439025 0.014204545454545454
0 0.19390243902439025 0.3693181818181818 0.014939024390243902 0.020292207792207792
0 0.5283536585365853 0.05154220779220779 0.008231707317073171 0.009334415584415584
0 0.9176829268292683 0.03814935064935065 0.009451219512195122 0.010957792207792208
0 0.9981707317073171 0.2800324675324675 0.01676829268292683 0.022321428571428572
0 0.03841463414634146 0.21266233766233766 0.00853658536585366 0.008928571428571428
0 0.614329268292683 0.8133116883116883 0.013109756097560975 0.01948051948051948
0 0.04024390243902439 0.9951298701298701 0.013719512195121951 0.015422077922077922
0 0.3878048780487805 0.8376623376623377 0.011585365853658536 0.012987012987012988
0 0.8103658536585366 0.10551948051948051 0.008231707317073171 0.008522727272727272
0 0.4253048780487805 0.7232142857142857 0.011585365853658536 0.017857142857142856
0 0.9307926829268293 0.6124188311688312 0.013109756097560975 0.019886363636363636
0 0.12835365853658537 0.6209415584415584 0.014939024390243902 0.016233766233766232
0 0.31615853658536586 0.15056818181818182 0.011890243902439025 0.018262987012987012
0 0.9347560975609757 0.7999188311688312 0.011585365853658536 0.016233766233766232
0 0.6475609756097561 0.518262987012987 0.01402439024390244 0.015422077922077922
0 0.5960365853658537 0.7731331168831169 0.0125 0.016639610389610388
0 0.3350609756097561 0.49594155844155846 0.012195121951219513 0.019886363636363636
0 0.6225609756097561 0.21469155844155843 0.013719512195121951 0.015422077922077922
0 0.6393292682926829 0.7642045454545454 0.010365853658536586 0.015422077922077922
0 0.5716463414634146 0.6781655844155844 0.013719512195121951 0.021915584415584416
0 0.5646341463414634 0.6972402597402597 0.014634146341463415 0.018668831168831168
0 0.41859756097560974 0.29829545454545453 0.010060975609756098 0.015422077922077922
0 0.8820121951219512 0.5710227272727273 0.013414634146341463 0.013798701298701298
0 0.6317073170731707 0.35633116883116883 0.01097560975609756 0.0174512987012987
0 0.6545731707317073 0.1075487012987013 0.013109756097560975 0.019886363636363636
0 0.7198170731707317 0.9188311688311688 0.00853658536585366 0.01461038961038961
0 0.4097560975609756 0.13027597402597402 0.014939024390243902 0.020698051948051948
0 0.8591463414634146 0.9626623376623377 0.019817073170731708 0.025162337662337664
0 0.5588414634146341 0.44886363636363635 0.014634146341463415 0.022727272727272728
1 0.19054878048780488 0.4878246753246753 0.011585365853658536 0.018668831168831168
1 0.15396341463414634 0.7934253246753247 0.014329268292682927 0.01948051948051948
1 0.9579268292682926 0.38758116883116883 0.00975609756097561 0.016233766233766232
1 0.3926829268292683 0.45413961038961037 0.013109756097560975 0.020292207792207792
1 0.7774390243902439 0.3762175324675325 0.012804878048780487 0.015827922077922076
1 0.025 0.955762987012987 0.011890243902439025 0.019074675324675324
1 0.27957317073170734 0.6862824675324676 0.013719512195121951 0.01461038961038961
1 0.4948170731707317 0.45535714285714285 0.0125 0.012987012987012988
1 0.7057926829268293 0.5539772727272727 0.00975609756097561 0.013798701298701298
1 0.05426829268292683 0.2849025974025974 0.012804878048780487 0.013798701298701298
1 0.6222560975609757 0.5190746753246753 0.01524390243902439 0.018668831168831168
1 0.044817073170731705 0.6781655844155844 0.010060975609756098 0.013798701298701298
1 0.057926829268292686 0.24107142857142858 0.00853658536585366 0.011363636363636364
1 0.3551829268292683 0.05478896103896104 0.013719512195121951 0.0174512987012987
1 0.4347560975609756 0.96875 0.01524390243902439 0.022321428571428572
1 0.3195121951219512 0.049107142857142856 0.010670731707317074 0.012987012987012988
1 0.4875 0.3380681818181818 0.010670731707317074 0.014204545454545454
1 0.6673780487804878 0.9212662337662337 0.014329268292682927 0.0174512987012987
1 0.3615853658536585 0.5941558441558441 0.012804878048780487 0.015827922077922076
1 0.6783536585365854 0.09050324675324675 0.011280487804878048 0.011363636363636364
1 0.6582317073170731 0.5202922077922078 0.01097560975609756 0.01461038961038961
1 0.23902439024390243 0.17329545454545456 0.009451219512195122 0.013798701298701298
1 0.1975609756097561 0.726461038961039 0.0125 0.014204545454545454
1 0.7573170731707317 0.6136363636363636 0.01524390243902439 0.01948051948051948
1 0.10365853658536585 0.4395292207792208 0.014939024390243902 0.017857142857142856
1 0.6323170731707317 0.43506493506493504 0.010060975609756098 0.010957792207792208
1 0.43567073170731707 0.28368506493506496 0.01097560975609756 0.01176948051948052
1 0.8091463414634147 0.6737012987012987 0.013109756097560975 0.019886363636363636
1 0.10914634146341463 0.8275162337662337 0.010670731707317074 0.01461038961038961
1 0.8670731707317073 0.8997564935064936 0.00975609756097561 0.011363636363636364
