0 0.39420731707317075 0.08603896103896104 0.011585365853658536 0.012581168831168832
0 0.947560975609756 0.6424512987012987 0.013719512195121951 0.02150974025974026
0 0.3646341463414634 0.7321428571428571 0.013109756097560975 0.020292207792207792
0 0.850609756097561 0.8559253246753247 0.009146341463414634 0.01176948051948052
0 0.4554878048780488 0.5568181818181818 0.011585365853658536 0.018262987012987012
0 0.32347560975609757 0.7800324675324676 0.00975609756097561 0.012581168831168832
0 0.4317073170731707 0.5081168831168831 0.012804878048780487 0.019886363636363636
0 0.5079268292682927 0.6838474025974026 0.0125 0.012581168831168832
0 0.6753048780487805 0.3522727272727273 0.012195121951219513 0.019886363636363636
0 0.925609756097561 0.6034902597402597 0.015548780487804878 0.020292207792207792
0 0.9628048780487805 0.32670454545454547 0.01768292682926829 0.020292207792207792
0 0.9134146341463415 0.8928571428571429 0.014329268292682927 0.0174512987012987
0 0.5103658536585366 0.9070616883116883 0.015548780487804878 0.019074675324675324
0 0.45670731707317075 0.2086038961038961 0.013109756097560975 0.013798701298701298
0 0.5774390243902439 0.6578733766233766 0.011890243902439025 0.019074675324675324
0 0.6399390243902439 0.262987012987013 0.013719512195121951 0.02150974025974026
0 0.2850609756097561 0.11038961038961038 0.013109756097560975 0.018668831168831168
0 0.9185975609756097 0.8624188311688312 0.010670731707317074 0.01461038961038961
0 0.9484756097560976 0.7820616883116883 0.011280487804878048 0.018668831168831168
0 0.2725609756097561 0.7767857142857143 0.014939024390243902 0.022321428571428572
0 0.4795731707317073 0.4411525974025974 0.012195121951219513 0.012175324675324676
0 0.5625 0.24512987012987014 0.014329268292682927 0.0174512987012987
0 0.21189024390243902 0.21631493506493507 0.014939024390243902 0.015827922077922076
0 0.286890243902439 0.8741883116883117 0.009146341463414634 0.009334415584415584
0 0.36067073170731706 0.36079545454545453 0.01097560975609756 0.017045454545454544
0 0.7503048780487804 0.4719967532467532 0.025 0.030844155844155844
0 0.7292682926829268 0.5998376623376623 0.014939024390243902 0.022321428571428572
0 0.4246951219512195 0.34780844155844154 0.011890243902439025 0.01461038961038961
0 0.4399390243902439 0.6651785714285714 0.013414634146341463 0.01461038961038961
0 0.05304878048780488 0.44439935064935066 0.011890243902439025 0.01461038961038961
0 0.7219512195121951 0.682224025974026 0.008231707317073171 0.008928571428571428
0 0.2914634146341463 0.400974025974026 0.00853658536585366 0.010957792207792208
0 0.10335365853658536 0.06412337662337662 0.009451219512195122 0.008928571428571428
0 0.2658536585365854 0.8112824675324676 0.013414634146341463 0.015422077922077922
0 0.19420731707317074 0.6931818181818182 0.011585365853658536 0.01461038961038961
0 0.40487804878048783 0.5742694805194806 0.013109756097560975 0.015827922077922076
0 0.09329268292682927 0.5381493506493507 0.010365853658536586 0.01176948051948052
0 0.8076219512195122 0.6866883116883117 0.008231707317073171 0.007711038961038961
0 0.8408536585365853 0.07751623376623376 0.014329268292682927 0.022321428571428572
0 0.7323170731707317 0.3782467532467532 0.013414634146341463 0.020292207792207792
0 0.35335365853658535 0.5202922077922078 0.015548780487804878 0.01948051948051948
0 0.9518292682926829 0.6647727272727273 0.014329268292682927 0.022727272727272728
0 0.16981707317073172 0.6416396103896104 0.009146341463414634 0.012581168831168832
0 0.7332317073170732 0.037743506493506496 0.012195121951219513 0.012175324675324676
0 0.5021341463414634 0.6984577922077922 0.01097560975609756 0.016233766233766232
0 0.9219512195121952 0.30641233766233766 0.009451219512195122 0.010551948051948052
0 0.5265243902439024 0.2418831168831169 0.014329268292682927 0.019886363636363636
0 0.5667682926829268 0.8522727272727273 0.008841463414634146 0.01176948051948052
0 0.8448170731707317 0.22483766233766234 0.00853658536585366 0.013798701298701298
0 0.9198170731707317 0.7272727272727273 0.0125 0.020292207792207792
0 0.8128048780487804 0.9383116883116883 0.010670731707317074 0.015016233766233766
0 0.39146341463414636 0.9431818181818182 0.011280487804878048 0.014204545454545454
0 0.8106707317073171 0.4667207792207792 0.008231707317073171 0.008928571428571428
0 0.37835365853658537 0.9419642857142857 0.009146341463414634 0.009334415584415584
0 0.5533536585365854 0.5852272727272727 0.013414634146341463 0.01948051948051948
0 0.03475609756097561 0.877435064935065 0.018902439024390243 0.023944805194805196
0 0.8963414634146342 0.18628246753246752 0.015853658536585366 0.017045454545454544
0 0.8865853658536585 0.5994318181818182 0.010670731707317074 0.015422077922077922
0 0.4121951219512195 0.3806818181818182 0.011890243902439025 0.015422077922077922
0 0.07134146341463414 0.49391233766233766 0.012804878048780487 0.015422077922077922
0 0.5301829268292683 0.5888798701298701 0.008841463414634146 0.011363636363636364
0 0.3621951219512195 0.7065746753246753 0.012195121951219513 0.015422077922077922
0 0.1469512195121951 0.1700487012987013 0.0125 0.01948051948051948
0 0.7292682926829268 0.2597402597402597 0.014634146341463415 0.020292207792207792
0 0.1847560975609756 0.867288961038961 0.015853658536585366 0.021103896103896104
0 0.7780487804878049 0.6911525974025974 0.009451219512195122 0.008928571428571428
0 0.8829268292682927 0.650974025974026 0.013109756097560975 0.020698051948051948
0 0.19878048780487806 0.9724025974025974 0.009146341463414634 0.015422077922077922
0 0.7344512195121952 0.15097402597402598 0.01402439024390244 0.01461038961038961
0 0.5466463414634146 0.07061688311688312 0.014329268292682927 0.022727272727272728
0 0.677439024390244 0.8896103896103896 0.014634146341463415 0.022321428571428572
0 0.11067073170731707 0.5284090909090909 0.011280487804878048 0.01176948051948052
0 0.7085365853658536 0.7443181818181818 0.014939024390243902 0.02150974025974026
0 0.39146341463414636 0.9987824675324676 0.012804878048780487 0.0174512987012987
0 0.19390243902439025 0.6245941558441559 0.012195121951219513 0.012987012987012988
0 0.8661585365853659 0.9001623376623377 0.011280487804878048 0.013392857142857142
0 0.17774390243902438 0.8060064935064936 0.0125 0.013392857142857142
1 0.09085365853658536 0.17775974025974026 0.019817073170731708 0.026785714285714284
