0 0.6228658536585366 0.11444805194805195 0.00853658536585366 0.008928571428571428
0 0.5609756097560976 0.9983766233766234 0.014634146341463415 0.017857142857142856
0 0.9457317073170731 0.6132305194805194 0.009451219512195122 0.010551948051948052
0 0.7179878048780488 0.9249188311688312 0.013414634146341463 0.013798701298701298
1 0.29024390243902437 0.9375 0.011890243902439025 0.01176948051948052
1 0.6914634146341463 0.7767857142857143 0.011890243902439025 0.013392857142857142
1 0.21585365853658536 0.2974837662337662 0.012195121951219513 0.019886363636363636
1 0.40152439024390246 0.07873376623376624 0.011280487804878048 0.013392857142857142
1 0.8423780487804878 0.2987012987012987 0.010365853658536586 0.010957792207792208
1 0.8228658536585366 0.0633116883116883 0.012195121951219513 0.013392857142857142
1 0.14847560975609755 0.10470779220779221 0.012195121951219513 0.016233766233766232
1 0.24329268292682926 0.932224025974026 0.012804878048780487 0.01461038961038961
1 0.9201219512195122 0.05762987012987013 0.01951219512195122 0.02922077922077922
1 0.5274390243902439 0.8129058441558441 0.013109756097560975 0.0174512987012987
1 0.15701219512195122 0.6392045454545454 0.010365853658536586 0.015827922077922076
1 0.19634146341463415 0.3169642857142857 0.012195121951219513 0.01948051948051948
1 0.05914634146341463 0.786525974025974 0.009146341463414634 0.008928571428571428
1 0.411280487804878 0.744724025974026 0.012804878048780487 0.020698051948051948
1 0.6323170731707317 0.752435064935065 0.010670731707317074 0.011363636363636364
1 0.677439024390244 0.9521103896103896 0.00975609756097561 0.012987012987012988
1 0.9094512195121951 0.28084415584415584 0.011890243902439025 0.016233766233766232
1 0.9329268292682927 0.22199675324675325 0.012804878048780487 0.016233766233766232
1 0.8201219512195121 0.6582792207792207 0.016158536585365854 0.022727272727272728
1 0.2838414634146341 0.6708603896103896 0.010670731707317074 0.014204545454545454
1 0.12926829268292683 0.6854707792207793 0.013414634146341463 0.02150974025974026
1 0.7405487804878049 0.7698863636363636 0.013719512195121951 0.019074675324675324
1 0.9231707317073171 0.3859577922077922 0.011585365853658536 0.018668831168831168
1 0.4100609756097561 0.875 0.0125 0.014204545454545454
1 0.21097560975609755 0.08035714285714286 0.0125 0.0174512987012987
1 0.4765243902439024 0.24918831168831168 0.010670731707317074 0.016233766233766232
1 0.04847560975609756 0.9358766233766234 0.012804878048780487 0.019886363636363636
1 0.8512195121951219 0.5198863636363636 0.021341463414634148 0.030438311688311688
1 0.06371951219512195 0.330762987012987 0.00853658536585366 0.008116883116883116
1 0.275 0.09009740259740259 0.00853658536585366 0.012581168831168832
1 0.17378048780487804 0.9212662337662337 0.012804878048780487 0.01461038961038961
1 0.7408536585365854 0.4411525974025974 0.008841463414634146 0.008928571428571428
1 0.7984756097560975 0.640827922077922 0.011585365853658536 0.017045454545454544
1 0.6460365853658536 0.5174512987012987 0.013414634146341463 0.015827922077922076
1 0.2966463414634146 0.8745941558441559 0.011280487804878048 0.018262987012987012
1 0.3573170731707317 0.8916396103896104 0.011280487804878048 0.011363636363636364
1 0.032621951219512196 0.3262987012987013 0.014939024390243902 0.019886363636363636
1 0.8307926829268293 0.0872564935064935 0.013414634146341463 0.020698051948051948
1 0.07042682926829268 0.36810064935064934 0.009451219512195122 0.012581168831168832
1 0.10518292682926829 0.12094155844155845 0.01402439024390244 0.020698051948051948
1 0.45884146341463417 0.24512987012987014 0.010060975609756098 0.010957792207792208
1 0.6804878048780488 0.814935064935065 0.011585365853658536 0.015016233766233766
1 0.4972560975609756 0.6010551948051948 0.01524390243902439 0.016639610389610388
1 0.9121951219512195 0.7597402597402597 0.01707317073170732 0.02353896103896104
1 0.12317073170731707 0.4955357142857143 0.010365853658536586 0.015422077922077922
1 0.24542682926829268 0.18790584415584416 0.011585365853658536 0.014204545454545454
1 0.17835365853658536 0.9594155844155844 0.010365853658536586 0.010551948051948052
1 0.6033536585365854 0.3198051948051948 0.010060975609756098 0.010957792207792208
1 0.32378048780487806 0.43344155844155846 0.013414634146341463 0.019886363636363636
1 0.9969512195121951 0.023133116883116884 0.01097560975609756 0.010957792207792208
1 0.5225609756097561 0.739448051948052 0.010670731707317074 0.016639610389610388
1 0.1878048780487805 0.29586038961038963 0.009451219512195122 0.014204545454545454
1 0.11432926829268293 0.796672077922078 0.013109756097560975 0.013798701298701298
1 0.3878048780487805 0.1903409090909091 0.011585365853658536 0.015422077922077922
1 0.2094512195121951 0.33035714285714285 0.011280487804878048 0.014204545454545454
1 0.3576219512195122 0.692775974025974 0.012195121951219513 0.017045454545454544
1 0.9326219512195122 0.28125 0.009451219512195122 0.016233766233766232
1 0.7737804878048781 0.8035714285714286 0.013719512195121951 0.017857142857142856
1 0.5621951219512196 0.29829545454545453 0.010365853658536586 0.012175324675324676
1 0.538109756097561 0.661525974025974 0.012195121951219513 0.017045454545454544
1 0.9935975609756098 0.5969967532467533 0.012804878048780487 0.015016233766233766
1 0.4329268292682927 0.14732142857142858 0.007926829268292683 0.011363636363636364
1 0.9039634146341463 0.679788961038961 0.011890243902439025 0.017857142857142856
1 0.6533536585365853 0.729301948051948 0.009451219512195122 0.012581168831168832
1 0.6792682926829269 0.45819805194805197 0.010365853658536586 0.00974025974025974
1 0.964329268292683 0.174512987012987 0.010670731707317074 0.010146103896103896
1 0.5487804878048781 0.6875 0.012804878048780487 0.017045454545454544
1 0.6890243902439024 0.6047077922077922 0.011280487804878048 0.013392857142857142
1 0.10853658536585366 0.5166396103896104 0.008231707317073171 0.012987012987012988
1 0.838109756097561 0.7678571428571429 0.00853658536585366 0.007305194805194805
1 0.8783536585365853 0.7512175324675324 0.012195121951219513 0.019074675324675324
1 0.8460365853658537 0.939935064935065 0.013719512195121951 0.017857142857142856
1 0.8871951219512195 0.9094967532467533 0.010670731707317074 0.015016233766233766
1 0.4225609756097561 0.640422077922078 0.0125 0.012987012987012988
1 0.5393292682926829 0.4537337662337662 0.014939024390243902 0.021103896103896104
1 0.47530487804878047 0.6554383116883117 0.01676829268292683 0.021103896103896104
1 0.4878048780487805 0.0872564935064935 0.01097560975609756 0.0174512987012987
1 0.049695121951219515 0.41680194805194803 0.012195121951219513 0.012175324675324676
1 0.6036585365853658 0.18506493506493507 0.010060975609756098 0.015827922077922076
1 0.46402439024390246 0.08928571428571429 0.011585365853658536 0.013798701298701298
1 0.7603658536585366 0.5629058441558441 0.011280487804878048 0.016233766233766232
1 0.3746951219512195 0.16599025974025974 0.010365853658536586 0.017045454545454544
1 0.7170731707317073 0.523538961038961 0.010365853658536586 0.0174512987012987
1 0.9978658536585366 0.6741071428571429 0.013414634146341463 0.013798701298701298
1 0.5847560975609756 0.7431006493506493 0.014634146341463415 0.02150974025974026
1 0.7716463414634146 0.29383116883116883 0.011890243902439025 0.018262987012987012
1 0.8798780487804878 0.5771103896103896 0.0125 0.015422077922077922
1 0.5536585365853659 0.8173701298701299 0.011280487804878048 0.012987012987012988
1 0.07103658536585365 0.5316558441558441 0.011890243902439025 0.013798701298701298
1 0.5201219512195122 0.44155844155844154 0.01402439024390244 0.020698051948051948
1 0.32347560975609757 0.8027597402597403 0.011890243902439025 0.01461038961038961
1 0.5429878048780488 0.026379870129870128 0.011280487804878048 0.015422077922077922
1 0.7603658536585366 0.0625 0.007926829268292683 0.010957792207792208
1 0.8539634146341464 0.11931818181818182 0.010365853658536586 0.016233766233766232
1 0.14786585365853658 0.7276785714285714 0.015548780487804878 0.020292207792207792
1 0.4628048780487805 0.6282467532467533 0.011280487804878048 0.01461038961038961
1 0.8896341463414634 0.21347402597402598 0.00975609756097561 0.012581168831168832
1 0.5871951219512195 0.1314935064935065 0.01524390243902439 0.020698051948051948
