0 0.09390243902439024 0.026785714285714284 0.011890243902439025 0.018262987012987012
0 0.06890243902439025 0.18222402597402598 0.01097560975609756 0.016233766233766232
0 0.5060975609756098 0.37256493506493504 0.008841463414634146 0.00974025974025974
0 0.02378048780487805 0.43912337662337664 0.010060975609756098 0.01461038961038961
0 0.4323170731707317 0.8271103896103896 0.012195121951219513 0.019886363636363636
0 0.8167682926829268 0.533685064935065 0.011280487804878048 0.014204545454545454
0 0.822560975609756 0.17410714285714285 0.011585365853658536 0.0174512987012987
0 0.49054878048780487 0.4054383116883117 0.011890243902439025 0.015827922077922076
0 0.8731707317073171 0.2780032467532468 0.016158536585365854 0.020698051948051948
0 0.7786585365853659 0.20008116883116883 0.014939024390243902 0.019074675324675324
0 0.8042682926829269 0.1444805194805195 0.011890243902439025 0.016233766233766232
0 0.4201219512195122 0.6168831168831169 0.017378048780487806 0.022727272727272728
0 0.42134146341463413 0.4695616883116883 0.01707317073170732 0.018668831168831168
0 0.13323170731707318 0.29910714285714285 0.01097560975609756 0.01461038961038961
0 0.27164634146341465 0.1992694805194805 0.010060975609756098 0.014204545454545454
0 0.3100609756097561 0.6826298701298701 0.010060975609756098 0.015422077922077922
0 0.6003048780487805 0.1351461038961039 0.013414634146341463 0.015016233766233766
0 0.3 0.5328733766233766 0.0125 0.014204545454545454
0 0.1125 0.9813311688311688 0.0125 0.012987012987012988
0 0.14878048780487804 0.3023538961038961 0.012804878048780487 0.01461038961038961
0 0.936280487804878 0.2922077922077922 0.010670731707317074 0.016233766233766232
0 0.3173780487804878 0.3530844155844156 0.011890243902439025 0.012987012987012988
0 0.901829268292683 0.0698051948051948 0.008231707317073171 0.007711038961038961
0 0.9067073170731708 0.5986201298701299 0.01402439024390244 0.017045454545454544
0 0.1375 0.8250811688311688 0.014939024390243902 0.022727272727272728
0 0.8009146341463415 0.6038961038961039 0.013109756097560975 0.015422077922077922
0 0.474390243902439 0.4318181818181818 0.01097560975609756 0.013798701298701298
0 0.6844512195121951 0.18831168831168832 0.010670731707317074 0.012175324675324676
0 0.02774390243902439 0.8027597402597403 0.016463414634146342 0.02150974025974026
0 0.2896341463414634 0.8104707792207793 0.014329268292682927 0.020698051948051948
0 0.8551829268292683 0.4525162337662338 0.011890243902439025 0.017857142857142856
0 0.1923780487804878 0.19480519480519481 0.011585365853658536 0.015016233766233766
0 0.20792682926829267 0.952922077922078 0.01097560975609756 0.0174512987012987
0 0.9179878048780488 0.981737012987013 0.010365853658536586 0.011363636363636364
0 0.9460365853658537 0.04180194805194805 0.013719512195121951 0.015827922077922076
0 0.3399390243902439 0.21185064935064934 0.010365853658536586 0.01461038961038961
0 0.6140243902439024 0.5791396103896104 0.015548780487804878 0.018668831168831168
0 0.5984756097560976 0.48579545454545453 0.014634146341463415 0.015827922077922076
0 0.08963414634146341 0.18547077922077923 0.009146341463414634 0.010957792207792208
0 0.5435975609756097 0.4310064935064935 0.010365853658536586 0.010957792207792208
0 0.4396341463414634 0.7065746753246753 0.013109756097560975 0.013798701298701298
0 0.8152439024390243 0.6359577922077922 0.011585365853658536 0.012987012987012988
0 0.5210365853658536 0.21266233766233766 0.010670731707317074 0.010551948051948052
0 0.2621951219512195 0.7272727272727273 0.0125 0.014204545454545454
0 0.8722560975609757 0.7114448051948052 0.014939024390243902 0.016233766233766232
0 0.016463414634146342 0.9184253246753247 0.013109756097560975 0.0174512987012987
0 0.6390243902439025 0.6473214285714286 0.00975609756097561 0.010957792207792208
0 0.7365853658536585 0.3405032467532468 0.01402439024390244 0.017045454545454544
0 0.23567073170731706 0.1331168831168831 0.012804878048780487 0.020698051948051948
0 0.8792682926829268 0.2617694805194805 0.011585365853658536 0.014204545454545454
0 0.7594512195121951 0.708198051948052 0.010365853658536586 0.00974025974025974
0 0.4792682926829268 0.859577922077922 0.012804878048780487 0.020698051948051948
1 0.8283536585365854 0.5186688311688312 0.012195121951219513 0.018262987012987012
1 0.7466463414634147 0.3693181818181818 0.010670731707317074 0.010146103896103896
1 0.0576219512195122 0.7861201298701299 0.013109756097560975 0.01948051948051948
1 0.4317073170731707 0.13717532467532467 0.009146341463414634 0.014204545454545454
1 0.5923780487804878 0.867288961038961 0.01798780487804878 0.02719155844155844
1 0.40426829268292686 0.200487012987013 0.010060975609756098 0.015016233766233766
1 0.07164634146341463 0.7694805194805194 0.01402439024390244 0.0174512987012987
1 0.9121951219512195 0.9951298701298701 0.0125 0.012581168831168832
1 0.14390243902439023 0.5174512987012987 0.01097560975609756 0.015827922077922076
1 0.510060975609756 0.5300324675324676 0.010670731707317074 0.012581168831168832
1 0.4817073170731707 0.577922077922078 0.011890243902439025 0.01948051948051948
1 0.7957317073170732 0.653814935064935 0.013719512195121951 0.017857142857142856
1 0.39695121951219514 0.5795454545454546 0.01402439024390244 0.015827922077922076
1 0.1329268292682927 0.4797077922077922 0.010365853658536586 0.015422077922077922
1 0.017378048780487806 0.7025162337662337 0.012804878048780487 0.016233766233766232
1 0.4628048780487805 0.4200487012987013 0.00975609756097561 0.012175324675324676
1 0.8942073170731707 0.3867694805194805 0.01402439024390244 0.022321428571428572
1 0.34176829268292686 0.5953733766233766 0.009146341463414634 0.012987012987012988
1 0.8134146341463414 0.349025974025974 0.013109756097560975 0.019074675324675324
1 0.911890243902439 0.6294642857142857 0.012195121951219513 0.015422077922077922
1 0.8753048780487804 0.856737012987013 0.013109756097560975 0.019886363636363636
1 0.19390243902439025 0.25608766233766234 0.01097560975609756 0.01461038961038961
1 0.8030487804878049 0.6688311688311688 0.014939024390243902 0.021103896103896104
1 0.8219512195121951 0.1266233766233766 0.016463414634146342 0.025162337662337664
1 0.0826219512195122 0.8506493506493507 0.01402439024390244 0.018668831168831168
1 0.5673780487804878 0.6866883116883117 0.011280487804878048 0.016233766233766232
1 0.4527439024390244 0.16193181818181818 0.011280487804878048 0.01461038961038961
1 0.07682926829268293 0.15949675324675325 0.012804878048780487 0.016233766233766232
1 0.39908536585365856 0.4273538961038961 0.008841463414634146 0.008928571428571428
1 0.07164634146341463 0.25689935064935066 0.010060975609756098 0.015016233766233766
1 0.9390243902439024 0.3912337662337662 0.013719512195121951 0.016233766233766232
1 0.38384146341463415 0.3729707792207792 0.011280487804878048 0.012175324675324676
1 0.6972560975609756 0.231737012987013 0.011585365853658536 0.019074675324675324
1 0.7865853658536586 0.5227272727272727 0.013414634146341463 0.0174512987012987
1 0.46189024390243905 0.03814935064935065 0.014939024390243902 0.019074675324675324
1 0.49817073170731707 0.07832792207792208 0.010670731707317074 0.015016233766233766
1 0.6265243902439024 0.5 0.00975609756097561 0.01176948051948052
1 0.38109756097560976 0.2398538961038961 0.011280487804878048 0.016233766233766232
1 0.056402439024390245 0.09577922077922078 0.014634146341463415 0.018262987012987012
1 0.9435975609756098 0.6237824675324676 0.018292682926829267 0.02150974025974026
1 0.8777439024390243 0.49594155844155846 0.011890243902439025 0.015016233766233766
1 0.19207317073170732 0.27313311688311687 0.011890243902439025 0.015422077922077922
1 0.4060975609756098 0.43506493506493504 0.013414634146341463 0.016639610389610388
1 0.9847560975609756 0.49391233766233766 0.011280487804878048 0.017045454545454544
1 0.041463414634146344 0.4659090909090909 0.012804878048780487 0.012987012987012988
1 0.9460365853658537 0.9370941558441559 0.016158536585365854 0.022321428571428572
1 0.07682926829268293 0.3782467532467532 0.010060975609756098 0.010146103896103896
1 0.7179878048780488 0.9744318181818182 0.00853658536585366 0.012175324675324676
1 0.4274390243902439 0.5101461038961039 0.009451219512195122 0.011363636363636364
1 0.38902439024390245 0.9099025974025974 0.01097560975609756 0.016233766233766232
1 0.7152439024390244 0.6420454545454546 0.01676829268292683 0.022727272727272728
1 0.5146341463414634 0.231737012987013 0.0125 0.015422077922077922
1 0.7158536585365853 0.41233766233766234 0.011890243902439025 0.014204545454545454
1 0.6875 0.34780844155844154 0.012195121951219513 0.014204545454545454
1 0.09573170731707317 0.4362824675324675 0.008841463414634146 0.007711038961038961
1 0.2426829268292683 0.45535714285714285 0.00975609756097561 0.016639610389610388
1 0.2545731707317073 0.6489448051948052 0.011280487804878048 0.012987012987012988
1 0.0475609756097561 0.03530844155844156 0.00975609756097561 0.009334415584415584
1 0.9981707317073171 0.4375 0.017378048780487806 0.01948051948051948
1 0.42073170731707316 0.7150974025974026 0.00853658536585366 0.013392857142857142
1 0.37896341463414634 0.5121753246753247 0.015548780487804878 0.02150974025974026
1 0.6509146341463414 0.8364448051948052 0.01097560975609756 0.012581168831168832
1 0.9920731707317073 0.3656655844155844 0.012195121951219513 0.01461038961038961
1 0.03597560975609756 0.9326298701298701 0.013109756097560975 0.017857142857142856
1 0.536890243902439 0.5507305194805194 0.013109756097560975 0.020292207792207792
1 0.3356707317073171 0.6903409090909091 0.01402439024390244 0.019886363636363636
1 0.5246951219512195 0.8433441558441559 0.010060975609756098 0.015016233766233766
1 0.23323170731707318 0.796672077922078 0.012195121951219513 0.01948051948051948
1 0.3701219512195122 0.8676948051948052 0.011585365853658536 0.016233766233766232
1 0.17103658536585367 0.048295454545454544 0.008841463414634146 0.011363636363636364
1 0.8280487804878048 0.5349025974025974 0.0125 0.014204545454545454
1 0.07591463414634146 0.742288961038961 0.00975609756097561 0.010146103896103896
1 0.9356707317073171 0.7780032467532467 0.015853658536585366 0.023133116883116884
1 0.1402439024390244 0.2224025974025974 0.012195121951219513 0.0174512987012987
1 0.4740853658536585 0.875 0.010060975609756098 0.015422077922077922
1 0.7289634146341464 0.614448051948052 0.00975609756097561 0.010551948051948052
1 0.8926829268292683 0.2727272727272727 0.013414634146341463 0.016233766233766232
1 0.06310975609756098 0.030032467532467532 0.01676829268292683 0.019886363636363636
1 0.4481707317073171 0.5596590909090909 0.014634146341463415 0.018262987012987012
1 0.5539634146341463 0.42694805194805197 0.013719512195121951 0.021915584415584416
1 0.8384146341463414 0.6875 0.011585365853658536 0.016639610389610388
1 0.060365853658536583 0.799512987012987 0.012804878048780487 0.01948051948051948
1 0.9015243902439024 0.6396103896103896 0.00975609756097561 0.012987012987012988
1 0.7225609756097561 0.921672077922078 0.01097560975609756 0.010957792207792208
1 0.49847560975609756 0.8007305194805194 0.013719512195121951 0.014204545454545454
1 0.9634146341463414 0.614448051948052 0.012195121951219513 0.012987012987012988
1 0.3024390243902439 0.9196428571428571 0.013109756097560975 0.015827922077922076
1 0.9557926829268293 0.019886363636363636 0.01402439024390244 0.017045454545454544
1 0.4240853658536585 0.921672077922078 0.011890243902439025 0.013798701298701298
1 0.499390243902439 0.45413961038961037 0.0125 0.018262987012987012
1 0.4149390243902439 0.9963474025974026 0.01097560975609756 0.014204545454545454
1 0.876219512195122 0.8705357142857143 0.008841463414634146 0.01176948051948052
1 0.3564024390243902 0.41883116883116883 0.015853658536585366 0.023944805194805196
1 0.45 0.9257305194805194 0.011280487804878048 0.012581168831168832
1 0.5341463414634147 0.21347402597402598 0.010060975609756098 0.012175324675324676
1 0.09176829268292683 0.5117694805194806 0.012804878048780487 0.015827922077922076
1 0.9332317073170732 0.11647727272727272 0.00853658536585366 0.010146103896103896
