0 0.6896341463414634 0.41517857142857145 0.013719512195121951 0.021103896103896104
0 0.849390243902439 0.6189123376623377 0.009451219512195122 0.008522727272727272
0 0.46707317073170734 0.7540584415584416 0.01402439024390244 0.01948051948051948
0 0.6341463414634146 0.3039772727272727 0.0125 0.0174512987012987
0 0.5722560975609756 0.6700487012987013 0.010670731707317074 0.012581168831168832
0 0.6344512195121951 0.6156655844155844 0.01097560975609756 0.012175324675324676
0 0.9945121951219512 0.864448051948052 0.009146341463414634 0.010551948051948052
0 0.6829268292682927 0.3003246753246753 0.018902439024390243 0.022727272727272728
0 0.8774390243902439 0.3181818181818182 0.010365853658536586 0.015827922077922076
0 0.4146341463414634 0.9232954545454546 0.014329268292682927 0.017045454545454544
0 0.48871951219512194 0.5073051948051948 0.011585365853658536 0.01461038961038961
0 0.35030487804878047 0.45982142857142855 0.011585365853658536 0.017857142857142856
0 0.9451219512195121 0.6801948051948052 0.013719512195121951 0.015827922077922076
0 0.5259146341463414 0.32832792207792205 0.00975609756097561 0.00974025974025974
0 0.3600609756097561 0.09902597402597403 0.015853658536585366 0.01948051948051948
0 0.3896341463414634 0.8388798701298701 0.0125 0.013392857142857142
0 0.5899390243902439 0.1672077922077922 0.009146341463414634 0.010957792207792208
0 0.4746951219512195 0.8563311688311688 0.011280487804878048 0.0174512987012987
0 0.5 0.794237012987013 0.010060975609756098 0.013392857142857142
0 0.4634146341463415 0.19602272727272727 0.0125 0.016639610389610388
0 0.8692073170731708 0.4862012987012987 0.014329268292682927 0.022321428571428572
0 0.9707317073170731 0.5044642857142857 0.010060975609756098 0.012175324675324676
0 0.8646341463414634 0.10998376623376624 0.01524390243902439 0.018668831168831168
0 0.27134146341463417 0.2532467532467532 0.020731707317073172 0.029626623376623376
0 0.5091463414634146 0.42410714285714285 0.010060975609756098 0.013798701298701298
0 0.5621951219512196 0.5300324675324676 0.0125 0.016233766233766232
0 0.02652439024390244 0.09862012987012987 0.00975609756097561 0.013798701298701298
0 0.2280487804878049 0.32305194805194803 0.00975609756097561 0.010551948051948052
0 0.8884146341463415 0.15137987012987014 0.010365853658536586 0.01461038961038961
0 0.6125 0.09537337662337662 0.009451219512195122 0.013392857142857142
0 0.17134146341463416 0.21672077922077923 0.010060975609756098 0.015422077922077922
0 0.6225609756097561 0.10186688311688312 0.011890243902439025 0.017857142857142856
0 0.1375 0.41517857142857145 0.011890243902439025 0.015016233766233766
0 0.6911585365853659 0.8068181818181818 0.011585365853658536 0.012581168831168832
0 0.048170731707317074 0.3729707792207792 0.01097560975609756 0.0174512987012987
0 0.24024390243902438 0.9512987012987013 0.018292682926829267 0.028003246753246752
0 0.9603658536585366 0.7244318181818182 0.014939024390243902 0.015827922077922076
0 0.8606707317073171 0.7443181818181818 0.013414634146341463 0.017857142857142856
0 0.34573170731707314 0.4395292207792208 0.011585365853658536 0.0174512987012987
0 0.7893292682926829 0.9675324675324676 0.016158536585365854 0.018262987012987012
0 0.36890243902439024 0.21022727272727273 0.011890243902439025 0.016639610389610388
0 0.4225609756097561 0.15422077922077923 0.008841463414634146 0.007711038961038961
0 0.6225609756097561 0.3806818181818182 0.008841463414634146 0.013392857142857142
0 0.9091463414634147 0.06290584415584416 0.013414634146341463 0.017857142857142856
0 0.2701219512195122 0.9715909090909091 0.014329268292682927 0.018668831168831168
0 0.7887195121951219 0.6185064935064936 0.01524390243902439 0.016639610389610388
0 0.010670731707317074 0.36688311688311687 0.008231707317073171 0.006899350649350649
0 0.6948170731707317 0.2362012987012987 0.009451219512195122 0.01176948051948052
0 0.7472560975609757 0.5929383116883117 0.008231707317073171 0.014204545454545454
0 0.14085365853658535 0.8323863636363636 0.014329268292682927 0.015827922077922076
0 0.4600609756097561 0.3007305194805195 0.011890243902439025 0.019074675324675324
0 0.9932926829268293 0.9939123376623377 0.00975609756097561 0.014204545454545454
0 0.4329268292682927 0.3612012987012987 0.011585365853658536 0.01461038961038961
0 0.9198170731707317 0.45008116883116883 0.010365853658536586 0.012987012987012988
0 0.5484756097560975 0.6704545454545454 0.01097560975609756 0.015827922077922076
0 0.1625 0.39366883116883117 0.010670731707317074 0.01461038961038961
0 0.9060975609756098 0.9586038961038961 0.010365853658536586 0.015422077922077922
0 0.45365853658536587 0.9204545454545454 0.010060975609756098 0.010146103896103896
0 0.9445121951219512 0.29667207792207795 0.011280487804878048 0.015016233766233766
0 0.49085365853658536 0.8295454545454546 0.010365853658536586 0.012175324675324676
0 0.8027439024390244 0.17045454545454544 0.009451219512195122 0.010551948051948052
0 0.8503048780487805 0.442775974025974 0.01402439024390244 0.016639610389610388
0 0.1253048780487805 0.9370941558441559 0.014329268292682927 0.021103896103896104
0 0.13871951219512196 0.7727272727272727 0.00853658536585366 0.012175324675324676
0 0.5551829268292683 0.8299512987012987 0.01768292682926829 0.020292207792207792
0 0.8871951219512195 0.35917207792207795 0.01524390243902439 0.020292207792207792
0 0.3728658536585366 0.17126623376623376 0.01097560975609756 0.015422077922077922
0 0.32652439024390245 0.6505681818181818 0.008841463414634146 0.009334415584415584
0 0.7082317073170732 0.10267857142857142 0.01798780487804878 0.023944805194805196
0 0.3246951219512195 0.6879058441558441 0.01676829268292683 0.025162337662337664
0 0.6835365853658537 0.6156655844155844 0.011890243902439025 0.012987012987012988
0 0.2048780487804878 0.911525974025974 0.011585365853658536 0.016233766233766232
0 0.7304878048780488 0.5771103896103896 0.011280487804878048 0.012581168831168832
0 0.3875 0.9094967532467533 0.010670731707317074 0.010146103896103896
0 0.8920731707317073 0.3080357142857143 0.011280487804878048 0.015422077922077922
0 0.1076219512195122 0.8258928571428571 0.010060975609756098 0.01176948051948052
0 0.10670731707317073 0.45616883116883117 0.01768292682926829 0.025162337662337664
1 0.07408536585365853 0.627435064935065 0.012804878048780487 0.019074675324675324
