0 0.7222560975609756 0.7008928571428571 0.011585365853658536 0.018668831168831168
0 0.07774390243902439 0.7325487012987013 0.011890243902439025 0.013798701298701298
0 0.5719512195121951 0.061282467532467536 0.013109756097560975 0.013798701298701298
0 0.03871951219512195 0.3145292207792208 0.014634146341463415 0.015422077922077922
0 0.1826219512195122 0.5178571428571429 0.01798780487804878 0.020292207792207792
0 0.9527439024390244 0.36160714285714285 0.009146341463414634 0.013798701298701298
0 0.7533536585365853 0.14732142857142858 0.012195121951219513 0.015422077922077922
0 0.275 0.833198051948052 0.01951219512195122 0.02353896103896104
0 0.8588414634146342 0.854301948051948 0.010670731707317074 0.016233766233766232
0 0.3179878048780488 0.8084415584415584 0.015548780487804878 0.024350649350649352
0 0.021341463414634148 0.025974025974025976 0.009451219512195122 0.012581168831168832
0 0.2701219512195122 0.7305194805194806 0.0125 0.017045454545454544
0 0.3356707317073171 0.05438311688311688 0.008231707317073171 0.013392857142857142
0 0.9195121951219513 0.4180194805194805 0.016158536585365854 0.018262987012987012
0 0.27134146341463417 0.9074675324675324 0.01402439024390244 0.017857142857142856
0 0.9945121951219512 0.6599025974025974 0.008231707317073171 0.01461038961038961
0 0.1628048780487805 0.9650974025974026 0.015548780487804878 0.022727272727272728
0 0.29359756097560974 0.7426948051948052 0.011280487804878048 0.013798701298701298
0 0.13567073170731708 0.8015422077922078 0.011890243902439025 0.016233766233766232
0 0.039634146341463415 0.1461038961038961 0.013109756097560975 0.019074675324675324
0 0.438109756097561 0.820211038961039 0.013414634146341463 0.0174512987012987
0 0.5570121951219512 0.05357142857142857 0.010365853658536586 0.015422077922077922
0 0.8731707317073171 0.20332792207792208 0.013414634146341463 0.021103896103896104
0 0.7917682926829268 0.685064935064935 0.020121951219512196 0.027597402597402596
0 0.5289634146341463 0.4237012987012987 0.011890243902439025 0.01176948051948052
0 0.5496951219512195 0.07751623376623376 0.008841463414634146 0.011363636363636364
0 0.8640243902439024 0.27313311688311687 0.014329268292682927 0.01948051948051948
0 0.5564024390243902 0.143262987012987 0.015548780487804878 0.02150974025974026
0 0.7981707317073171 0.3429383116883117 0.010670731707317074 0.015827922077922076
0 0.3676829268292683 0.010957792207792208 0.008841463414634146 0.009334415584415584
0 0.056402439024390245 0.6469155844155844 0.011585365853658536 0.018262987012987012
0 0.10457317073170731 0.04301948051948052 0.013719512195121951 0.017045454545454544
0 0.9198170731707317 0.04342532467532467 0.014329268292682927 0.018668831168831168
0 0.6984756097560976 0.45982142857142855 0.010060975609756098 0.016639610389610388
0 0.06920731707317074 0.4403409090909091 0.010670731707317074 0.010146103896103896
0 0.40457317073170734 0.921672077922078 0.0125 0.013392857142857142
0 0.2948170731707317 0.8291396103896104 0.01951219512195122 0.025162337662337664
0 0.5789634146341464 0.2564935064935065 0.01097560975609756 0.010551948051948052
0 0.2146341463414634 0.7893668831168831 0.015548780487804878 0.020698051948051948
0 0.6731707317073171 0.8023538961038961 0.011280487804878048 0.013392857142857142
0 0.31097560975609756 0.7601461038961039 0.013109756097560975 0.017045454545454544
0 0.19603658536585367 0.6075487012987013 0.010365853658536586 0.013798701298701298
0 0.14115853658536584 0.640422077922078 0.012195121951219513 0.014204545454545454
0 0.06676829268292683 0.13920454545454544 0.00975609756097561 0.009334415584415584
0 0.7298780487804878 0.8587662337662337 0.010060975609756098 0.013392857142857142
0 0.9506097560975609 0.851461038961039 0.013719512195121951 0.016639610389610388
0 0.5969512195121951 0.7560876623376623 0.01097560975609756 0.012987012987012988
1 0.41615853658536583 0.7508116883116883 0.010670731707317074 0.017045454545454544
1 0.349390243902439 0.8892045454545454 0.010365853658536586 0.014204545454545454
1 0.8460365853658537 0.6631493506493507 0.012195121951219513 0.018262987012987012
1 0.849390243902439 0.22077922077922077 0.015853658536585366 0.023133116883116884
1 0.8039634146341463 0.5503246753246753 0.010670731707317074 0.016639610389610388
1 0.2655487804878049 0.6245941558441559 0.012804878048780487 0.018262987012987012
1 0.9585365853658536 0.33685064935064934 0.0125 0.016639610389610388
1 0.9472560975609756 0.5040584415584416 0.010365853658536586 0.015016233766233766
1 0.5884146341463414 0.1266233766233766 0.013109756097560975 0.01461038961038961
1 0.25396341463414634 0.8311688311688312 0.01402439024390244 0.021915584415584416
1 0.9457317073170731 0.8116883116883117 0.009451219512195122 0.012175324675324676
1 0.8890243902439025 0.6663961038961039 0.011280487804878048 0.015016233766233766
1 0.24573170731707317 0.2544642857142857 0.016158536585365854 0.019886363636363636
1 0.7987804878048781 0.4805194805194805 0.008231707317073171 0.012987012987012988
1 0.7573170731707317 0.6806006493506493 0.010060975609756098 0.011363636363636364
1 0.09207317073170732 0.625 0.012804878048780487 0.013798701298701298
1 0.9917682926829269 0.5150162337662337 0.016158536585365854 0.023133116883116884
1 0.7701219512195122 0.685064935064935 0.012804878048780487 0.017857142857142856
1 0.2228658536585366 0.14569805194805194 0.014634146341463415 0.017045454545454544
1 0.6216463414634147 0.6708603896103896 0.01524390243902439 0.017045454545454544
1 0.07469512195121951 0.26988636363636365 0.010670731707317074 0.012581168831168832
1 0.3350609756097561 0.5454545454545454 0.0125 0.019886363636363636
1 0.07530487804878049 0.33482142857142855 0.015548780487804878 0.024350649350649352
1 0.6320121951219512 0.1599025974025974 0.011280487804878048 0.014204545454545454
1 0.8981707317073171 0.5137987012987013 0.018902439024390243 0.028814935064935064
1 0.825 0.755275974025974 0.013414634146341463 0.017045454545454544
1 0.26615853658536587 0.3912337662337662 0.01097560975609756 0.0174512987012987
1 0.6615853658536586 0.7820616883116883 0.019817073170731708 0.022727272727272728
1 0.785670731707317 0.320211038961039 0.014329268292682927 0.017045454545454544
1 0.499390243902439 0.817775974025974 0.013719512195121951 0.017857142857142856
1 0.5719512195121951 0.35511363636363635 0.012195121951219513 0.017045454545454544
1 0.13201219512195123 0.4448051948051948 0.0125 0.013798701298701298
1 0.44176829268292683 0.890827922077922 0.013414634146341463 0.017857142857142856
1 0.4634146341463415 0.9001623376623377 0.00975609756097561 0.016233766233766232
1 0.7 0.3737824675324675 0.01097560975609756 0.016639610389610388
1 0.3076219512195122 0.7159090909090909 0.010670731707317074 0.01176948051948052
1 0.09664634146341464 0.1396103896103896 0.017378048780487806 0.021915584415584416
1 0.25640243902439025 0.45008116883116883 0.014634146341463415 0.02150974025974026
1 0.1152439024390244 0.6371753246753247 0.01402439024390244 0.022321428571428572
1 0.7347560975609756 0.49837662337662336 0.013719512195121951 0.016639610389610388
1 0.08292682926829269 0.6960227272727273 0.00975609756097561 0.016233766233766232
1 0.4841463414634146 0.7049512987012987 0.012195121951219513 0.01461038961038961
1 0.8228658536585366 0.6473214285714286 0.010365853658536586 0.012987012987012988
1 0.6972560975609756 0.1578733766233766 0.012195121951219513 0.012581168831168832
1 0.8512195121951219 0.040584415584415584 0.013414634146341463 0.020292207792207792
1 0.05548780487804878 0.6160714285714286 0.010365853658536586 0.011363636363636364
1 0.5201219512195122 0.8441558441558441 0.010365853658536586 0.017045454545454544
1 0.34573170731707314 0.5280032467532467 0.0125 0.017857142857142856
1 0.5323170731707317 0.08522727272727272 0.009146341463414634 0.008522727272727272
1 0.028353658536585367 0.8701298701298701 0.01097560975609756 0.011363636363636364
1 0.599390243902439 0.07670454545454546 0.0125 0.013392857142857142
1 0.1850609756097561 0.09009740259740259 0.010670731707317074 0.01176948051948052
1 0.5399390243902439 0.35836038961038963 0.010365853658536586 0.01176948051948052
1 0.48597560975609755 0.4699675324675325 0.012195121951219513 0.016639610389610388
1 0.8079268292682927 0.08198051948051949 0.010670731707317074 0.012987012987012988
1 0.8582317073170732 0.9801136363636364 0.012195121951219513 0.012987012987012988
1 0.3125 0.15706168831168832 0.01097560975609756 0.01176948051948052
1 0.848170731707317 0.19237012987012986 0.00853658536585366 0.015016233766233766
1 0.8533536585365854 0.9042207792207793 0.012804878048780487 0.016639610389610388
1 0.37926829268292683 0.9358766233766234 0.010365853658536586 0.016233766233766232
1 0.031097560975609756 0.8193993506493507 0.011280487804878048 0.017857142857142856
1 0.4972560975609756 0.382711038961039 0.018597560975609755 0.022727272727272728
1 0.15335365853658536 0.6943993506493507 0.01707317073170732 0.02353896103896104
1 0.2951219512195122 0.05438311688311688 0.009451219512195122 0.010551948051948052
1 0.5551829268292683 0.515422077922078 0.010060975609756098 0.016233766233766232
1 0.776219512195122 0.5909090909090909 0.014939024390243902 0.0174512987012987
1 0.18871951219512195 0.893262987012987 0.015548780487804878 0.016639610389610388
1 0.5469512195121952 0.4772727272727273 0.018902439024390243 0.024350649350649352
1 0.22621951219512196 0.8717532467532467 0.011890243902439025 0.018668831168831168
1 0.1350609756097561 0.06615259740259741 0.010670731707317074 0.0174512987012987
1 0.3676829268292683 0.8920454545454546 0.01097560975609756 0.01461038961038961
1 0.10060975609756098 0.9030032467532467 0.010060975609756098 0.012581168831168832
1 0.23932926829268292 0.26461038961038963 0.010670731707317074 0.010551948051948052
1 0.1048780487804878 0.7333603896103896 0.01524390243902439 0.019886363636363636
1 0.6417682926829268 0.1578733766233766 0.011280487804878048 0.012581168831168832
1 0.02804878048780488 0.9784902597402597 0.01920731707317073 0.024350649350649352
1 0.9420731707317073 0.04991883116883117 0.014329268292682927 0.020292207792207792
1 0.6420731707317073 0.9034090909090909 0.010670731707317074 0.010551948051948052
1 0.15396341463414634 0.5738636363636364 0.013414634146341463 0.019074675324675324
1 0.9179878048780488 0.8502435064935064 0.00975609756097561 0.010146103896103896
