0 0.2682926829268293 0.41964285714285715 0.011890243902439025 0.013798701298701298
0 0.6771341463414634 0.3092532467532468 0.012195121951219513 0.01461038961038961
0 0.5146341463414634 0.7236201298701299 0.01524390243902439 0.016233766233766232
0 0.8786585365853659 0.708198051948052 0.013414634146341463 0.016639610389610388
0 0.9929878048780488 0.1728896103896104 0.0125 0.019074675324675324
0 0.23780487804878048 0.2824675324675325 0.008841463414634146 0.013798701298701298
0 0.8207317073170731 0.48741883116883117 0.011585365853658536 0.013392857142857142
0 0.7966463414634146 0.1546266233766234 0.015853658536585366 0.020698051948051948
0 0.19969512195121952 0.3859577922077922 0.015548780487804878 0.023944805194805196
0 0.7542682926829268 0.3952922077922078 0.009451219512195122 0.010551948051948052
0 0.9192073170731707 0.13068181818181818 0.014634146341463415 0.019886363636363636
0 0.31920731707317074 0.3676948051948052 0.018597560975609755 0.022321428571428572
0 0.411890243902439 0.40137987012987014 0.008231707317073171 0.01461038961038961
0 0.3804878048780488 0.5085227272727273 0.011585365853658536 0.016639610389610388
0 0.7722560975609756 0.3145292207792208 0.011585365853658536 0.013798701298701298
0 0.9856707317073171 0.6818181818181818 0.0125 0.019886363636363636
0 0.3746951219512195 0.5373376623376623 0.010365853658536586 0.015422077922077922
0 0.49085365853658536 0.7568993506493507 0.013109756097560975 0.021103896103896104
0 0.2225609756097561 0.4419642857142857 0.01524390243902439 0.019886363636363636
0 0.5158536585365854 0.7666396103896104 0.013109756097560975 0.021103896103896104
0 0.04939024390243903 0.5515422077922078 0.011890243902439025 0.015016233766233766
0 0.7338414634146342 0.3116883116883117 0.011280487804878048 0.012987012987012988
0 0.05213414634146341 0.38311688311688313 0.015853658536585366 0.019886363636363636
0 0.5871951219512195 0.6883116883116883 0.010365853658536586 0.01461038961038961
0 0.24542682926829268 0.9650974025974026 0.011890243902439025 0.016233766233766232
0 0.6649390243902439 0.955762987012987 0.0125 0.016639610389610388
0 0.8219512195121951 0.06493506493506493 0.01097560975609756 0.01461038961038961
0 0.5280487804878049 0.6436688311688312 0.014329268292682927 0.022727272727272728
0 0.22987804878048781 0.23417207792207792 0.009451219512195122 0.010146103896103896
0 0.5496951219512195 0.1984577922077922 0.013719512195121951 0.021915584415584416
0 0.4746951219512195 0.7224025974025974 0.013719512195121951 0.014204545454545454
0 0.18170731707317073 0.8502435064935064 0.010365853658536586 0.00974025974025974
0 0.3984756097560976 0.06655844155844155 0.01768292682926829 0.023944805194805196
0 0.7820121951219512 0.3469967532467532 0.01707317073170732 0.021915584415584416
0 0.08048780487804878 0.4301948051948052 0.01097560975609756 0.010551948051948052
0 0.6524390243902439 0.9849837662337663 0.01402439024390244 0.021915584415584416
0 0.23353658536585367 0.7049512987012987 0.014329268292682927 0.021915584415584416
0 0.06097560975609756 0.1578733766233766 0.009451219512195122 0.015422077922077922
0 0.08079268292682927 0.5491071428571429 0.012804878048780487 0.0174512987012987
0 0.5137195121951219 0.6870941558441559 0.011890243902439025 0.012175324675324676
0 0.400609756097561 0.125 0.010670731707317074 0.015827922077922076
0 0.9948170731707318 0.8400974025974026 0.013109756097560975 0.019074675324675324
0 0.5899390243902439 0.5909090909090909 0.00853658536585366 0.013798701298701298
0 0.6253048780487804 0.6611201298701299 0.010365853658536586 0.012581168831168832
0 0.49573170731707317 0.8133116883116883 0.009146341463414634 0.010957792207792208
0 0.43109756097560975 0.9147727272727273 0.01097560975609756 0.013392857142857142
0 0.3871951219512195 0.6647727272727273 0.0125 0.012987012987012988
0 0.09115853658536585 0.9423701298701299 0.0125 0.020292207792207792
0 0.30091463414634145 0.38920454545454547 0.012804878048780487 0.01461038961038961
0 0.8609756097560975 0.20616883116883117 0.011585365853658536 0.01176948051948052
0 0.614329268292683 0.2719155844155844 0.0125 0.018262987012987012
0 0.9243902439024391 0.04017857142857143 0.009451219512195122 0.012581168831168832
0 0.05274390243902439 0.6359577922077922 0.01097560975609756 0.0174512987012987
0 0.5902439024390244 0.34618506493506496 0.018902439024390243 0.023133116883116884
0 0.08689024390243902 0.1112012987012987 0.014634146341463415 0.020698051948051948
0 0.33445121951219514 0.6038961038961039 0.008841463414634146 0.01176948051948052
0 0.20426829268292682 0.4200487012987013 0.012195121951219513 0.013798701298701298
0 0.08628048780487804 0.5653409090909091 0.01402439024390244 0.01461038961038961
0 0.7152439024390244 0.2832792207792208 0.014939024390243902 0.017857142857142856
0 0.8359756097560975 0.4837662337662338 0.010060975609756098 0.015827922077922076
0 0.6695121951219513 0.32508116883116883 0.01097560975609756 0.01461038961038961
1 0.5515243902439024 0.44237012987012986 0.013414634146341463 0.017857142857142856
1 0.5182926829268293 0.6643668831168831 0.01676829268292683 0.018668831168831168
1 0.24939024390243902 0.7978896103896104 0.013414634146341463 0.020292207792207792
1 0.08201219512195122 0.9598214285714286 0.010365853658536586 0.017045454545454544
1 0.9768292682926829 0.632711038961039 0.00975609756097561 0.013392857142857142
1 0.8865853658536585 0.5 0.013719512195121951 0.015422077922077922
1 0.1548780487804878 0.43790584415584416 0.009451219512195122 0.010551948051948052
1 0.5762195121951219 0.9878246753246753 0.011585365853658536 0.015016233766233766
1 0.1 0.3287337662337662 0.010365853658536586 0.017045454545454544
1 0.961890243902439 0.09537337662337662 0.012195121951219513 0.012175324675324676
1 0.5533536585365854 0.5580357142857143 0.014939024390243902 0.020698051948051948
1 0.42042682926829267 0.23011363636363635 0.010670731707317074 0.014204545454545454
1 0.2652439024390244 0.4849837662337662 0.01097560975609756 0.015422077922077922
1 0.027439024390243903 0.9837662337662337 0.010365853658536586 0.015827922077922076
1 0.46158536585365856 0.3969155844155844 0.014329268292682927 0.020292207792207792
1 0.7152439024390244 0.9464285714285714 0.013414634146341463 0.01948051948051948
1 0.4585365853658537 0.37337662337662336 0.01676829268292683 0.025974025974025976
1 0.750609756097561 0.43506493506493504 0.010365853658536586 0.016233766233766232
1 0.03353658536585366 0.40137987012987014 0.011280487804878048 0.014204545454545454
1 0.5283536585365853 0.4724025974025974 0.00975609756097561 0.015016233766233766
1 0.4457317073170732 0.39082792207792205 0.014939024390243902 0.020292207792207792
1 0.7533536585365853 0.48538961038961037 0.010670731707317074 0.01176948051948052
1 0.5301829268292683 0.8441558441558441 0.013414634146341463 0.016639610389610388
1 0.35335365853658535 0.16680194805194806 0.010670731707317074 0.017045454545454544
1 0.28353658536585363 0.5178571428571429 0.017378048780487806 0.025974025974025976
1 0.5466463414634146 0.9866071428571429 0.01097560975609756 0.017857142857142856
1 0.6207317073170732 0.6331168831168831 0.010365853658536586 0.0174512987012987
1 0.2472560975609756 0.2674512987012987 0.010365853658536586 0.015016233766233766
1 0.7390243902439024 0.2122564935064935 0.0125 0.017045454545454544
1 0.7051829268292683 0.9715909090909091 0.010670731707317074 0.010957792207792208
1 0.22134146341463415 0.400974025974026 0.009451219512195122 0.016233766233766232
1 0.11768292682926829 0.2824675324675325 0.0125 0.012987012987012988
1 0.036585365853658534 0.570211038961039 0.014329268292682927 0.022321428571428572
1 0.7990853658536585 0.34212662337662336 0.0125 0.017045454545454544
1 0.7817073170731708 0.8863636363636364 0.01524390243902439 0.016233766233766232
1 0.18201219512195121 0.4277597402597403 0.011280487804878048 0.014204545454545454
1 0.374390243902439 0.27516233766233766 0.010670731707317074 0.012175324675324676
1 0.13597560975609757 0.794237012987013 0.018292682926829267 0.028003246753246752
1 0.5082317073170731 0.950487012987013 0.012195121951219513 0.017045454545454544
1 0.16189024390243903 0.42329545454545453 0.011280487804878048 0.014204545454545454
1 0.35335365853658535 0.045048701298701296 0.0125 0.01461038961038961
1 0.47835365853658535 0.5689935064935064 0.0125 0.020292207792207792
1 0.29298780487804876 0.6079545454545454 0.01402439024390244 0.022321428571428572
1 0.45945121951219514 0.8023538961038961 0.017378048780487806 0.023133116883116884
1 0.31128048780487805 0.6392045454545454 0.018902439024390243 0.024350649350649352
1 0.33170731707317075 0.2268668831168831 0.018597560975609755 0.026379870129870128
1 0.5832317073170732 0.19683441558441558 0.014634146341463415 0.022321428571428572
1 0.3198170731707317 0.9724025974025974 0.0125 0.0174512987012987
1 0.9820121951219513 0.4630681818181818 0.01097560975609756 0.012581168831168832
1 0.9390243902439024 0.0698051948051948 0.013414634146341463 0.0174512987012987
1 0.16890243902439026 0.2159090909090909 0.00975609756097561 0.013392857142857142
1 0.47042682926829266 0.5016233766233766 0.017378048780487806 0.02556818181818182
1 0.2582317073170732 0.4695616883116883 0.010365853658536586 0.014204545454545454
1 0.4454268292682927 0.9074675324675324 0.010060975609756098 0.016233766233766232
1 0.024390243902439025 0.08563311688311688 0.009451219512195122 0.010146103896103896
1 0.9835365853658536 0.5056818181818182 0.013109756097560975 0.018262987012987012
1 0.8966463414634146 0.9862012987012987 0.014329268292682927 0.016233766233766232
1 0.275609756097561 0.2637987012987013 0.015853658536585366 0.022321428571428572
1 0.3695121951219512 0.1765422077922078 0.012804878048780487 0.013798701298701298
1 0.8759146341463414 0.09375 0.014329268292682927 0.018262987012987012
1 0.8384146341463414 0.7329545454545454 0.013719512195121951 0.018668831168831168
1 0.8865853658536585 0.10064935064935066 0.013109756097560975 0.016639610389610388
1 0.07134146341463414 0.5714285714285714 0.011890243902439025 0.012581168831168832
1 0.8695121951219512 0.8494318181818182 0.014329268292682927 0.020698051948051948
1 0.2045731707317073 0.512987012987013 0.008841463414634146 0.010957792207792208
1 0.7332317073170732 0.9642857142857143 0.016463414634146342 0.021915584415584416
1 0.6798780487804879 0.12012987012987013 0.014939024390243902 0.018668831168831168
1 0.4765243902439024 0.6570616883116883 0.00975609756097561 0.010551948051948052
1 0.325609756097561 0.8806818181818182 0.009451219512195122 0.01461038961038961
