0 0.5768292682926829 0.5146103896103896 0.016463414634146342 0.01948051948051948
0 0.9585365853658536 0.47037337662337664 0.011890243902439025 0.01176948051948052
0 0.4036585365853659 0.6530032467532467 0.011280487804878048 0.016639610389610388
0 0.651829268292683 0.5137987012987013 0.013719512195121951 0.015827922077922076
0 0.9838414634146342 0.21956168831168832 0.011585365853658536 0.017045454545454544
0 0.03719512195121951 0.3080357142857143 0.013109756097560975 0.013798701298701298
0 0.5628048780487804 0.6473214285714286 0.011585365853658536 0.0174512987012987
0 0.5835365853658536 0.4253246753246753 0.011890243902439025 0.018668831168831168
0 0.19725609756097562 0.5941558441558441 0.013109756097560975 0.020292207792207792
0 0.05121951219512195 0.257711038961039 0.013109756097560975 0.015422077922077922
0 0.31920731707317074 0.3782467532467532 0.0125 0.018262987012987012
0 0.9347560975609757 0.08198051948051949 0.013414634146341463 0.01948051948051948
0 0.8426829268292683 0.7228084415584416 0.00975609756097561 0.016233766233766232
0 0.500609756097561 0.716314935064935 0.01402439024390244 0.018668831168831168
0 0.5 0.08603896103896104 0.010060975609756098 0.010146103896103896
0 0.7496951219512196 0.12743506493506493 0.01676829268292683 0.023944805194805196
0 0.7795731707317073 0.36160714285714285 0.008231707317073171 0.007305194805194805
0 0.11920731707317073 0.5933441558441559 0.010670731707317074 0.0174512987012987
0 0.17103658536585367 0.26542207792207795 0.015853658536585366 0.018262987012987012
0 0.4445121951219512 0.4695616883116883 0.016463414634146342 0.020292207792207792
0 0.06646341463414634 0.4099025974025974 0.011280487804878048 0.016233766233766232
0 0.027134146341463414 0.596185064935065 0.012804878048780487 0.020698051948051948
0 0.2975609756097561 0.3319805194805195 0.012804878048780487 0.0174512987012987
0 0.7878048780487805 0.48214285714285715 0.011890243902439025 0.017857142857142856
0 0.3359756097560976 0.5499188311688312 0.013719512195121951 0.019886363636363636
0 0.9810975609756097 0.981737012987013 0.011280487804878048 0.016639610389610388
0 0.0125 0.5316558441558441 0.00853658536585366 0.012175324675324676
0 0.6304878048780488 0.5823863636363636 0.011585365853658536 0.012581168831168832
0 0.9085365853658537 0.523538961038961 0.01097560975609756 0.0174512987012987
0 0.9435975609756098 0.6619318181818182 0.012804878048780487 0.018262987012987012
0 0.15853658536585366 0.8088474025974026 0.00975609756097561 0.015827922077922076
0 0.6780487804878049 0.7215909090909091 0.013719512195121951 0.017045454545454544
0 0.44115853658536586 0.7808441558441559 0.016158536585365854 0.025162337662337664
0 0.8792682926829268 0.29586038961038963 0.012195121951219513 0.015016233766233766
0 0.07804878048780488 0.43262987012987014 0.011585365853658536 0.0174512987012987
0 0.3722560975609756 0.23741883116883117 0.013719512195121951 0.021915584415584416
0 0.6173780487804879 0.8883928571428571 0.009146341463414634 0.011363636363636364
0 0.23109756097560977 0.5296266233766234 0.010060975609756098 0.014204545454545454
0 0.35823170731707316 0.9995941558441559 0.011890243902439025 0.017045454545454544
0 0.6652439024390244 0.6489448051948052 0.014939024390243902 0.016639610389610388
0 0.48871951219512194 0.4512987012987013 0.015548780487804878 0.019886363636363636
0 0.15579268292682927 0.16599025974025974 0.010060975609756098 0.015016233766233766
0 0.6076219512195122 0.3469967532467532 0.010365853658536586 0.012581168831168832
0 0.9185975609756097 0.8928571428571429 0.0125 0.020292207792207792
0 0.2496951219512195 0.8668831168831169 0.008841463414634146 0.012175324675324676
0 0.43932926829268293 0.3612012987012987 0.015548780487804878 0.0174512987012987
0 0.775 0.6530032467532467 0.010670731707317074 0.016233766233766232
0 0.7829268292682927 0.9768668831168831 0.01402439024390244 0.017045454545454544
0 0.8881097560975609 0.5060876623376623 0.01402439024390244 0.021915584415584416
0 0.6716463414634146 0.04991883116883117 0.011280487804878048 0.018668831168831168
0 0.45670731707317075 0.26704545454545453 0.013414634146341463 0.017045454545454544
0 0.6878048780487804 0.33482142857142855 0.013719512195121951 0.01461038961038961
0 0.036585365853658534 0.21875 0.01676829268292683 0.019074675324675324
0 0.7475609756097561 0.4074675324675325 0.014634146341463415 0.018262987012987012
0 0.6021341463414634 0.4025974025974026 0.010670731707317074 0.012987012987012988
0 0.5710365853658537 0.14732142857142858 0.011585365853658536 0.018668831168831168
0 0.33414634146341465 0.05357142857142857 0.011280487804878048 0.012987012987012988
0 0.05213414634146341 0.5142045454545454 0.011890243902439025 0.014204545454545454
0 0.6746951219512195 0.17694805194805194 0.010670731707317074 0.016639610389610388
0 0.10670731707317073 0.9196428571428571 0.008841463414634146 0.012987012987012988
0 0.9201219512195122 0.4383116883116883 0.009451219512195122 0.012581168831168832
0 0.13597560975609757 0.9866071428571429 0.013719512195121951 0.017045454545454544
0 0.2652439024390244 0.43709415584415584 0.011585365853658536 0.01176948051948052
0 0.05030487804878049 0.8534902597402597 0.012804878048780487 0.015016233766233766
0 0.47530487804878047 0.1578733766233766 0.010365853658536586 0.016639610389610388
0 0.25640243902439025 0.9602272727272727 0.014634146341463415 0.01948051948051948
0 0.2600609756097561 0.5121753246753247 0.012804878048780487 0.018668831168831168
0 0.4582317073170732 0.47280844155844154 0.01402439024390244 0.017045454545454544
0 0.4634146341463415 0.5296266233766234 0.011280487804878048 0.016233766233766232
0 0.760060975609756 0.8823051948051948 0.012804878048780487 0.016639610389610388
0 0.5582317073170732 0.46469155844155846 0.007621951219512195 0.012175324675324676
0 0.07926829268292683 0.45819805194805197 0.014329268292682927 0.019886363636363636
0 0.3054878048780488 0.14285714285714285 0.01920731707317073 0.021915584415584416
0 0.9539634146341464 0.2268668831168831 0.01402439024390244 0.018668831168831168
0 0.5347560975609756 0.16112012987012986 0.010060975609756098 0.016233766233766232
0 0.7277439024390244 0.24147727272727273 0.011280487804878048 0.012987012987012988
0 0.948780487804878 0.953327922077922 0.009146341463414634 0.015016233766233766
0 0.30914634146341463 0.5 0.0125 0.012987012987012988
0 0.5957317073170731 0.04991883116883117 0.012804878048780487 0.014204545454545454
0 0.760670731707317 0.525974025974026 0.014939024390243902 0.017045454545454544
0 0.8280487804878048 0.5300324675324676 0.009451219512195122 0.012581168831168832
0 0.7225609756097561 0.29464285714285715 0.00853658536585366 0.012987012987012988
0 0.2375 0.3409090909090909 0.013414634146341463 0.013798701298701298
0 0.39634146341463417 0.2637987012987013 0.015548780487804878 0.02150974025974026
0 0.8320121951219512 0.48417207792207795 0.01097560975609756 0.017857142857142856
1 0.1469512195121951 0.5836038961038961 0.016158536585365854 0.01948051948051948
1 0.31615853658536586 0.9561688311688312 0.012195121951219513 0.018668831168831168
1 0.1420731707317073 0.13392857142857142 0.009451219512195122 0.015827922077922076
1 0.7280487804878049 0.028409090909090908 0.0125 0.012987012987012988
1 0.48109756097560974 0.9801136363636364 0.011280487804878048 0.017857142857142856
1 0.8795731707317073 0.5978084415584416 0.013109756097560975 0.015827922077922076
1 0.01707317073170732 0.7613636363636364 0.012804878048780487 0.015827922077922076
1 0.6295731707317073 0.3969155844155844 0.01097560975609756 0.016639610389610388
1 0.12865853658536586 0.6651785714285714 0.01402439024390244 0.017857142857142856
1 0.11829268292682926 0.9703733766233766 0.009451219512195122 0.012175324675324676
1 0.5027439024390243 0.5434253246753247 0.01097560975609756 0.012987012987012988
1 0.025 0.8892045454545454 0.013109756097560975 0.020292207792207792
1 0.9393292682926829 0.24107142857142858 0.012195121951219513 0.015827922077922076
1 0.4929878048780488 0.5231331168831169 0.011585365853658536 0.012175324675324676
1 0.42835365853658536 0.6903409090909091 0.01676829268292683 0.023944805194805196
1 0.9344512195121951 0.7633928571428571 0.011890243902439025 0.012175324675324676
1 0.9246951219512195 0.6140422077922078 0.013719512195121951 0.01461038961038961
1 0.10213414634146341 0.5527597402597403 0.010365853658536586 0.015827922077922076
1 0.8265243902439025 0.5949675324675324 0.013719512195121951 0.019886363636363636
1 0.2628048780487805 0.6858766233766234 0.0125 0.018668831168831168
1 0.6582317073170731 0.03855519480519481 0.009451219512195122 0.012175324675324676
1 0.02530487804878049 0.9837662337662337 0.0125 0.015422077922077922
1 0.8399390243902439 0.10146103896103896 0.009146341463414634 0.012987012987012988
1 0.4274390243902439 0.911525974025974 0.01402439024390244 0.015422077922077922
1 0.263109756097561 0.9809253246753247 0.013109756097560975 0.020292207792207792
1 0.6932926829268292 0.07913961038961038 0.01097560975609756 0.017857142857142856
1 0.49664634146341463 0.5941558441558441 0.008231707317073171 0.01176948051948052
1 0.802439024390244 0.9780844155844156 0.010670731707317074 0.014204545454545454
1 0.38932926829268294 0.5864448051948052 0.015853658536585366 0.02150974025974026
1 0.6704268292682927 0.20089285714285715 0.013414634146341463 0.019886363636363636
1 0.7844512195121951 0.41761363636363635 0.010670731707317074 0.012581168831168832
1 0.08567073170731708 0.393262987012987 0.01676829268292683 0.02556818181818182
1 0.12073170731707317 0.4594155844155844 0.02103658536585366 0.030032467532467532
1 0.3259146341463415 0.9030032467532467 0.012195121951219513 0.012175324675324676
1 0.20640243902439023 0.882711038961039 0.018597560975609755 0.02556818181818182
1 0.7146341463414634 0.35267857142857145 0.013109756097560975 0.01948051948051948
1 0.5573170731707318 0.3847402597402597 0.014634146341463415 0.019074675324675324
1 0.9222560975609756 0.15056818181818182 0.0125 0.013798701298701298
1 0.6539634146341463 0.7179383116883117 0.00853658536585366 0.012175324675324676
1 0.8920731707317073 0.26258116883116883 0.014634146341463415 0.022321428571428572
1 0.02926829268292683 0.4184253246753247 0.017378048780487806 0.023944805194805196
1 0.5036585365853659 0.78125 0.013414634146341463 0.018262987012987012
1 0.013109756097560975 0.025974025974025976 0.00975609756097561 0.015827922077922076
1 0.7246951219512195 0.3685064935064935 0.010365853658536586 0.015016233766233766
1 0.06981707317073171 0.18506493506493507 0.012195121951219513 0.017857142857142856
1 0.25335365853658537 0.06412337662337662 0.013719512195121951 0.015422077922077922
1 0.9390243902439024 0.15219155844155843 0.016463414634146342 0.017857142857142856
1 0.32621951219512196 0.40219155844155846 0.012195121951219513 0.015422077922077922
1 0.8472560975609756 0.04220779220779221 0.009146341463414634 0.015422077922077922
1 0.3003048780487805 0.46387987012987014 0.01676829268292683 0.022321428571428572
1 0.8920731707317073 0.3218344155844156 0.014939024390243902 0.022727272727272728
1 0.23567073170731706 0.019886363636363636 0.011585365853658536 0.013798701298701298
1 0.6655487804878049 0.3445616883116883 0.012195121951219513 0.015016233766233766
1 0.17591463414634145 0.7236201298701299 0.01951219512195122 0.023944805194805196
1 0.6673780487804878 0.4788961038961039 0.012804878048780487 0.020292207792207792
1 0.9603658536585366 0.15178571428571427 0.010060975609756098 0.010146103896103896
1 0.876219512195122 0.16477272727272727 0.016158536585365854 0.02353896103896104
1 0.28536585365853656 0.2593344155844156 0.011890243902439025 0.012987012987012988
1 0.2198170731707317 0.5909090909090909 0.011890243902439025 0.018262987012987012
1 0.4530487804878049 0.9788961038961039 0.013414634146341463 0.020698051948051948
1 0.7701219512195122 0.7122564935064936 0.012195121951219513 0.013392857142857142
1 0.8512195121951219 0.24269480519480519 0.012804878048780487 0.015016233766233766
1 0.7692073170731707 0.11728896103896104 0.013414634146341463 0.020698051948051948
1 0.22195121951219512 0.6814123376623377 0.0125 0.015422077922077922
1 0.7875 0.29017857142857145 0.0125 0.016639610389610388
1 0.44908536585365855 0.9387175324675324 0.0125 0.015422077922077922
1 0.9734756097560976 0.7382305194805194 0.009451219512195122 0.015827922077922076
1 0.06920731707317074 0.380275974025974 0.012195121951219513 0.015016233766233766
1 0.2628048780487805 0.393262987012987 0.017378048780487806 0.026379870129870128
1 0.6795731707317073 0.3944805194805195 0.018902439024390243 0.022727272727272728
1 0.36067073170731706 0.6396103896103896 0.01097560975609756 0.016639610389610388
1 0.9378048780487804 0.5661525974025974 0.013719512195121951 0.01948051948051948
1 0.7228658536585366 0.424512987012987 0.014329268292682927 0.015016233766233766
1 0.5774390243902439 0.6818181818181818 0.012195121951219513 0.014204545454545454
1 0.10884146341463415 0.13636363636363635 0.013109756097560975 0.015016233766233766
1 0.33475609756097563 0.6383928571428571 0.011890243902439025 0.015422077922077922
1 0.7085365853658536 0.05438311688311688 0.012804878048780487 0.015827922077922076
1 0.19359756097560976 0.6193181818181818 0.015853658536585366 0.021103896103896104
1 0.1676829268292683 0.05438311688311688 0.014634146341463415 0.016233766233766232
1 0.723170731707317 0.15381493506493507 0.0125 0.013392857142857142
1 0.8536585365853658 0.9667207792207793 0.013109756097560975 0.01948051948051948
1 0.24146341463414633 0.22118506493506493 0.013414634146341463 0.018262987012987012
1 0.739939024390244 0.2637987012987013 0.008841463414634146 0.012175324675324676
1 0.1679878048780488 0.3652597402597403 0.011585365853658536 0.018262987012987012
1 0.5155487804878048 0.26542207792207795 0.016158536585365854 0.018262987012987012
1 0.6838414634146341 0.5852272727272727 0.012804878048780487 0.020698051948051948
1 0.17804878048780487 0.5328733766233766 0.010060975609756098 0.010146103896103896
1 0.9548780487804878 0.4496753246753247 0.010365853658536586 0.01176948051948052
1 0.45426829268292684 0.35511363636363635 0.01097560975609756 0.018262987012987012
1 0.9939024390243902 0.7881493506493507 0.007926829268292683 0.00974025974025974
1 0.7935975609756097 0.7313311688311688 0.011585365853658536 0.018668831168831168
1 0.8594512195121952 0.6737012987012987 0.011585365853658536 0.016233766233766232
