0 0.15457317073170732 0.4030032467532468 0.010365853658536586 0.013798701298701298
0 0.7759146341463414 0.08847402597402597 0.015853658536585366 0.02150974025974026
0 0.8652439024390244 0.03855519480519481 0.010670731707317074 0.015422077922077922
0 0.7899390243902439 0.7593344155844156 0.013414634146341463 0.01461038961038961
0 0.7326219512195122 0.9496753246753247 0.008231707317073171 0.008522727272727272
0 0.08536585365853659 0.9484577922077922 0.013109756097560975 0.015016233766233766
0 0.03932926829268293 0.7435064935064936 0.011890243902439025 0.01461038961038961
0 0.4896341463414634 0.9728084415584416 0.013719512195121951 0.01948051948051948
0 0.3676829268292683 0.2974837662337662 0.015548780487804878 0.016639610389610388
0 0.8167682926829268 0.8108766233766234 0.01402439024390244 0.021103896103896104
0 0.5454268292682927 0.3547077922077922 0.011890243902439025 0.018262987012987012
0 0.11158536585365854 0.3007305194805195 0.0125 0.013798701298701298
0 0.7210365853658537 0.3327922077922078 0.01402439024390244 0.015422077922077922
0 0.3307926829268293 0.08157467532467533 0.018292682926829267 0.023133116883116884
0 0.4722560975609756 0.17532467532467533 0.00853658536585366 0.014204545454545454
0 0.18628048780487805 0.24310064935064934 0.012804878048780487 0.014204545454545454
0 0.9243902439024391 0.37743506493506496 0.015548780487804878 0.02150974025974026
0 0.9396341463414634 0.4099025974025974 0.01402439024390244 0.015827922077922076
0 0.027134146341463414 0.9586038961038961 0.014634146341463415 0.022727272727272728
0 0.6801829268292683 0.9021915584415584 0.012195121951219513 0.019074675324675324
0 0.8189024390243902 0.12215909090909091 0.014634146341463415 0.017045454545454544
0 0.9859756097560975 0.17694805194805194 0.009146341463414634 0.01176948051948052
0 0.7795731707317073 0.3482142857142857 0.013414634146341463 0.016233766233766232
0 0.988109756097561 0.056818181818181816 0.015853658536585366 0.017045454545454544
0 0.8341463414634146 0.9655032467532467 0.015548780487804878 0.023133116883116884
0 0.5588414634146341 0.9196428571428571 0.012195121951219513 0.016639610389610388
0 0.03597560975609756 0.6262175324675324 0.011280487804878048 0.015016233766233766
0 0.08841463414634146 0.40787337662337664 0.011585365853658536 0.015827922077922076
0 0.4826219512195122 0.40219155844155846 0.0125 0.014204545454545454
0 0.824390243902439 0.13758116883116883 0.010365853658536586 0.012175324675324676
0 0.338109756097561 0.8583603896103896 0.012195121951219513 0.013392857142857142
0 0.06554878048780488 0.2159090909090909 0.013414634146341463 0.013798701298701298
0 0.3207317073170732 0.6513798701298701 0.014939024390243902 0.021103896103896104
0 0.017378048780487806 0.38961038961038963 0.009146341463414634 0.015827922077922076
0 0.6807926829268293 0.6781655844155844 0.01524390243902439 0.020698051948051948
0 0.6914634146341463 0.5413961038961039 0.00975609756097561 0.013798701298701298
0 0.6051829268292683 0.2463474025974026 0.015548780487804878 0.01948051948051948
0 0.6838414634146341 0.7090097402597403 0.013414634146341463 0.019886363636363636
0 0.9173780487804878 0.4476461038961039 0.014939024390243902 0.020698051948051948
0 0.2225609756097561 0.09009740259740259 0.011280487804878048 0.018668831168831168
0 0.3878048780487805 0.7329545454545454 0.016463414634146342 0.019886363636363636
0 0.6740853658536585 0.43790584415584416 0.010365853658536586 0.011363636363636364
0 0.08384146341463415 0.6181006493506493 0.011280487804878048 0.017857142857142856
0 0.9685975609756098 0.6603084415584416 0.0125 0.01461038961038961
0 0.28323170731707314 0.22402597402597402 0.013109756097560975 0.013798701298701298
0 0.7152439024390244 0.18506493506493507 0.01768292682926829 0.025162337662337664
1 0.6210365853658537 0.3210227272727273 0.013719512195121951 0.01461038961038961
1 0.014329268292682927 0.9732142857142857 0.011280487804878048 0.01176948051948052
1 0.8939024390243903 0.35714285714285715 0.013109756097560975 0.019886363636363636
1 0.2277439024390244 0.25 0.011890243902439025 0.01461038961038961
1 0.9963414634146341 0.7017045454545454 0.014329268292682927 0.016639610389610388
1 0.3378048780487805 0.734172077922078 0.011890243902439025 0.017045454545454544
1 0.2634146341463415 0.024756493506493508 0.0125 0.020292207792207792
1 0.06585365853658537 0.33766233766233766 0.01097560975609756 0.015016233766233766
1 0.2524390243902439 0.48538961038961037 0.013109756097560975 0.013392857142857142
1 0.8515243902439025 0.09862012987012987 0.007926829268292683 0.010551948051948052
1 0.6664634146341464 0.7800324675324676 0.016158536585365854 0.022321428571428572
1 0.4530487804878049 0.40137987012987014 0.011890243902439025 0.019074675324675324
1 0.08414634146341464 0.6842532467532467 0.014939024390243902 0.016233766233766232
1 0.7570121951219512 0.33319805194805197 0.010670731707317074 0.015016233766233766
1 0.8015243902439024 0.6351461038961039 0.007926829268292683 0.006899350649350649
1 0.263109756097561 0.45089285714285715 0.022560975609756097 0.028003246753246752
1 0.9582317073170732 0.13636363636363635 0.010060975609756098 0.010146103896103896
1 0.649390243902439 0.7897727272727273 0.01097560975609756 0.011363636363636364
1 0.23506097560975608 0.9184253246753247 0.011890243902439025 0.018668831168831168
1 0.475 0.8080357142857143 0.011890243902439025 0.01948051948051948
1 0.9942073170731708 0.3112824675324675 0.010365853658536586 0.012175324675324676
1 0.10975609756097561 0.5198863636363636 0.012804878048780487 0.014204545454545454
1 0.5710365853658537 0.32142857142857145 0.011890243902439025 0.014204545454545454
1 0.6710365853658536 0.41030844155844154 0.009451219512195122 0.00974025974025974
1 0.12073170731707317 0.3092532467532468 0.013109756097560975 0.021103896103896104
1 0.23506097560975608 0.5929383116883117 0.0125 0.016233766233766232
1 0.6557926829268292 0.2593344155844156 0.010670731707317074 0.015016233766233766
1 0.47347560975609754 0.08157467532467533 0.01402439024390244 0.01948051948051948
1 0.33719512195121953 0.9135551948051948 0.009451219512195122 0.009334415584415584
1 0.1871951219512195 0.7674512987012987 0.010060975609756098 0.012987012987012988
1 0.7707317073170732 0.7784090909090909 0.0125 0.020292207792207792
1 0.7996951219512195 0.6647727272727273 0.010365853658536586 0.010957792207792208
1 0.5792682926829268 0.028003246753246752 0.01097560975609756 0.015827922077922076
1 0.35121951219512193 0.8327922077922078 0.017378048780487806 0.023133116883116884
1 0.9981707317073171 0.8717532467532467 0.013719512195121951 0.015827922077922076
1 0.7176829268292683 0.5535714285714286 0.01676829268292683 0.025974025974025976
1 0.09664634146341464 0.32142857142857145 0.014634146341463415 0.016639610389610388
1 0.5481707317073171 0.6436688311688312 0.011890243902439025 0.012581168831168832
1 0.8960365853658536 0.8474025974025974 0.010365853658536586 0.015422077922077922
1 0.09847560975609757 0.5499188311688312 0.012804878048780487 0.01461038961038961
1 0.3591463414634146 0.18344155844155843 0.011890243902439025 0.01948051948051948
1 0.3591463414634146 0.9387175324675324 0.010060975609756098 0.015827922077922076
1 0.936890243902439 0.7650162337662337 0.014939024390243902 0.021103896103896104
1 0.9146341463414634 0.5324675324675324 0.013109756097560975 0.013798701298701298
1 0.27987804878048783 0.3599837662337662 0.00975609756097561 0.010551948051948052
1 0.8972560975609756 0.2702922077922078 0.013719512195121951 0.016639610389610388
1 0.36859756097560975 0.44155844155844154 0.010365853658536586 0.015827922077922076
1 0.7088414634146342 0.7857142857142857 0.014329268292682927 0.015016233766233766
1 0.6673780487804878 0.3405032467532468 0.011585365853658536 0.012581168831168832
1 0.2658536585365854 0.7755681818181818 0.015548780487804878 0.019074675324675324
1 0.8783536585365853 0.12621753246753248 0.01402439024390244 0.021915584415584416
1 0.7841463414634147 0.8733766233766234 0.009451219512195122 0.009334415584415584
1 0.8371951219512195 0.09821428571428571 0.01402439024390244 0.015422077922077922
1 0.4768292682926829 0.10795454545454546 0.012804878048780487 0.01461038961038961
1 0.05975609756097561 0.6976461038961039 0.008841463414634146 0.015016233766233766
1 0.8015243902439024 0.17613636363636365 0.01402439024390244 0.020698051948051948
1 0.5774390243902439 0.24959415584415584 0.013109756097560975 0.019074675324675324
1 0.2070121951219512 0.3449675324675325 0.010670731707317074 0.016233766233766232
1 0.32957317073170733 0.6688311688311688 0.012804878048780487 0.020292207792207792
1 0.43932926829268293 0.036931818181818184 0.013719512195121951 0.020698051948051948
1 0.6579268292682927 0.48538961038961037 0.01707317073170732 0.022321428571428572
1 0.12439024390243902 0.4732142857142857 0.01402439024390244 0.018668831168831168
1 0.18963414634146342 0.15949675324675325 0.010670731707317074 0.012987012987012988
1 0.21097560975609755 0.7386363636363636 0.014634146341463415 0.023133116883116884
1 0.6048780487804878 0.5921266233766234 0.012804878048780487 0.0174512987012987
1 0.18384146341463414 0.5004058441558441 0.011585365853658536 0.016233766233766232
1 0.04237804878048781 0.0588474025974026 0.013719512195121951 0.01948051948051948
1 0.42378048780487804 0.29261363636363635 0.013109756097560975 0.021103896103896104
1 0.7987804878048781 0.9671266233766234 0.009451219512195122 0.010957792207792208
1 0.5466463414634146 0.731737012987013 0.013719512195121951 0.021915584415584416
1 0.7039634146341464 0.05113636363636364 0.00975609756097561 0.01461038961038961
1 0.9759146341463415 0.8080357142857143 0.02195121951219512 0.03165584415584415
1 0.8295731707317073 0.26339285714285715 0.011890243902439025 0.01461038961038961
1 0.23810975609756097 0.09618506493506493 0.01676829268292683 0.02353896103896104
1 0.6283536585365853 0.5397727272727273 0.012195121951219513 0.01948051948051948
1 0.7789634146341463 0.6919642857142857 0.015853658536585366 0.02353896103896104
1 0.6536585365853659 0.40868506493506496 0.011280487804878048 0.018668831168831168
1 0.7637195121951219 0.7045454545454546 0.010670731707317074 0.015422077922077922
1 0.7564024390243902 0.9387175324675324 0.0125 0.015827922077922076
1 0.5850609756097561 0.5357142857142857 0.00975609756097561 0.01461038961038961
1 0.051829268292682924 0.6663961038961039 0.01097560975609756 0.017045454545454544
1 0.6420731707317073 0.16477272727272727 0.011585365853658536 0.012175324675324676
1 0.12926829268292683 0.16964285714285715 0.011585365853658536 0.014204545454545454
1 0.901829268292683 0.3392857142857143 0.007926829268292683 0.00974025974025974
1 0.02774390243902439 0.35917207792207795 0.0125 0.0174512987012987
