0 0.600609756097561 0.976461038961039 0.014329268292682927 0.019074675324675324
0 0.19390243902439025 0.577922077922078 0.010365853658536586 0.013392857142857142
0 0.2807926829268293 0.5957792207792207 0.013414634146341463 0.016639610389610388
0 0.8259146341463415 0.39204545454545453 0.01768292682926829 0.020292207792207792
0 0.49878048780487805 0.8818993506493507 0.011280487804878048 0.017045454545454544
0 0.056707317073170734 0.45535714285714285 0.015548780487804878 0.020292207792207792
0 0.6542682926829269 0.5332792207792207 0.014939024390243902 0.022727272727272728
0 0.5908536585365853 0.8125 0.013109756097560975 0.020292207792207792
0 0.8189024390243902 0.9411525974025974 0.01524390243902439 0.019886363636363636
0 0.40792682926829266 0.6879058441558441 0.011280487804878048 0.010957792207792208
0 0.4481707317073171 0.6741071428571429 0.013414634146341463 0.016233766233766232
0 0.6917682926829268 0.9728084415584416 0.010670731707317074 0.01461038961038961
0 0.05609756097560976 0.16112012987012986 0.011890243902439025 0.0174512987012987
0 0.16371951219512196 0.575487012987013 0.0125 0.016639610389610388
0 0.20853658536585365 0.21753246753246752 0.011890243902439025 0.013392857142857142
0 0.13414634146341464 0.16314935064935066 0.011890243902439025 0.018262987012987012
0 0.3591463414634146 0.6635551948051948 0.010670731707317074 0.013798701298701298
0 0.47530487804878047 0.7597402597402597 0.010060975609756098 0.015016233766233766
0 0.2734756097560976 0.43344155844155846 0.011585365853658536 0.015016233766233766
0 0.5838414634146342 0.1241883116883117 0.007317073170731708 0.012987012987012988
0 0.29573170731707316 0.8920454545454546 0.01402439024390244 0.019074675324675324
0 0.7091463414634146 0.45211038961038963 0.008841463414634146 0.01176948051948052
0 0.35060975609756095 0.4902597402597403 0.010365853658536586 0.012175324675324676
0 0.15609756097560976 0.19886363636363635 0.013719512195121951 0.021103896103896104
0 0.4509146341463415 0.34334415584415584 0.0125 0.017045454545454544
0 0.04359756097560975 0.8400974025974026 0.011585365853658536 0.01461038961038961
0 0.6728658536585366 0.8084415584415584 0.011280487804878048 0.0174512987012987
0 0.5378048780487805 0.854301948051948 0.011890243902439025 0.016639610389610388
0 0.9570121951219512 0.10592532467532467 0.011890243902439025 0.019074675324675324
0 0.3795731707317073 0.4602272727272727 0.0125 0.015422077922077922
0 0.9320121951219512 0.9383116883116883 0.010060975609756098 0.014204545454545454
0 0.3515243902439024 0.1793831168831169 0.017378048780487806 0.019074675324675324
0 0.14085365853658535 0.023944805194805196 0.015853658536585366 0.018668831168831168
0 0.6021341463414634 0.5771103896103896 0.008841463414634146 0.015016233766233766
0 0.4146341463414634 0.24431818181818182 0.00853658536585366 0.010551948051948052
0 0.5826219512195122 0.536525974025974 0.01402439024390244 0.01948051948051948
0 0.42347560975609755 0.9882305194805194 0.010365853658536586 0.014204545454545454
0 0.613109756097561 0.4310064935064935 0.013414634146341463 0.019074675324675324
0 0.08353658536585366 0.796672077922078 0.01951219512195122 0.024350649350649352
0 0.6564024390243902 0.16842532467532467 0.00975609756097561 0.014204545454545454
0 0.5533536585365854 0.38555194805194803 0.013414634146341463 0.019074675324675324
0 0.5371951219512195 0.492288961038961 0.01097560975609756 0.017857142857142856
0 0.9429878048780488 0.6473214285714286 0.01402439024390244 0.021915584415584416
0 0.8679878048780488 0.3189935064935065 0.010060975609756098 0.012581168831168832
0 0.15853658536585366 0.8737824675324676 0.011585365853658536 0.011363636363636364
0 0.8929878048780487 0.21996753246753248 0.013109756097560975 0.015827922077922076
0 0.3951219512195122 0.060470779220779224 0.010060975609756098 0.016639610389610388
0 0.2451219512195122 0.5170454545454546 0.012804878048780487 0.015827922077922076
0 0.7582317073170731 0.7138798701298701 0.008841463414634146 0.01176948051948052
0 0.9371951219512196 0.3912337662337662 0.009146341463414634 0.01461038961038961
0 0.5801829268292683 0.19237012987012986 0.015548780487804878 0.019074675324675324
0 0.6365853658536585 0.5953733766233766 0.013719512195121951 0.016639610389610388
0 0.7503048780487804 0.7581168831168831 0.013109756097560975 0.015016233766233766
0 0.5378048780487805 0.7037337662337663 0.01402439024390244 0.019074675324675324
0 0.8320121951219512 0.9971590909090909 0.011280487804878048 0.014204545454545454
0 0.6847560975609757 0.7159090909090909 0.01676829268292683 0.021915584415584416
0 0.8621951219512195 0.797077922077922 0.009451219512195122 0.010146103896103896
0 0.7362804878048781 0.12824675324675325 0.012195121951219513 0.012987012987012988
0 0.3951219512195122 0.8770292207792207 0.0125 0.018668831168831168
0 0.31646341463414634 0.8226461038961039 0.00975609756097561 0.00974025974025974
0 0.18048780487804877 0.32508116883116883 0.010365853658536586 0.00974025974025974
0 0.361890243902439 0.6323051948051948 0.014939024390243902 0.016639610389610388
0 0.6021341463414634 0.7544642857142857 0.0125 0.013798701298701298
0 0.3332317073170732 0.08238636363636363 0.008231707317073171 0.010551948051948052
0 0.6914634146341463 0.9991883116883117 0.013109756097560975 0.017857142857142856
0 0.8478658536585366 0.6964285714285714 0.018597560975609755 0.026379870129870128
0 0.3073170731707317 0.255275974025974 0.01097560975609756 0.011363636363636364
0 0.05518292682926829 0.6761363636363636 0.009146341463414634 0.008116883116883116
0 0.30640243902439024 0.6367694805194806 0.013414634146341463 0.015827922077922076
0 0.263109756097561 0.9987824675324676 0.014634146341463415 0.016639610389610388
0 0.10518292682926829 0.4805194805194805 0.019817073170731708 0.028814935064935064
1 0.1926829268292683 0.3693181818181818 0.01402439024390244 0.017857142857142856
1 0.8378048780487805 0.84375 0.020731707317073172 0.02719155844155844
1 0.07896341463414634 0.7329545454545454 0.013414634146341463 0.021103896103896104
1 0.26371951219512196 0.2532467532467532 0.01097560975609756 0.01461038961038961
1 0.7463414634146341 0.39935064935064934 0.010365853658536586 0.011363636363636364
1 0.6722560975609756 0.10714285714285714 0.013109756097560975 0.017045454545454544
1 0.1326219512195122 0.49310064935064934 0.012804878048780487 0.015827922077922076
1 0.3576219512195122 0.21753246753246752 0.012804878048780487 0.017857142857142856
1 0.7067073170731707 0.03409090909090909 0.011585365853658536 0.013798701298701298
1 0.7213414634146341 0.22118506493506493 0.009451219512195122 0.012175324675324676
1 0.5387195121951219 0.2305194805194805 0.013109756097560975 0.021103896103896104
1 0.5814024390243903 0.34780844155844154 0.014329268292682927 0.018262987012987012
1 0.989939024390244 0.5215097402597403 0.014329268292682927 0.015422077922077922
1 0.3673780487804878 0.7443181818181818 0.016158536585365854 0.019074675324675324
1 0.9926829268292683 0.49310064935064934 0.01524390243902439 0.020698051948051948
1 0.16951219512195123 0.4460227272727273 0.013414634146341463 0.01948051948051948
1 0.46432926829268295 0.44358766233766234 0.011890243902439025 0.012175324675324676
1 0.10701219512195122 0.45616883116883117 0.015853658536585366 0.017857142857142856
1 0.24878048780487805 0.5669642857142857 0.016158536585365854 0.021103896103896104
1 0.5085365853658537 0.5247564935064936 0.011280487804878048 0.01461038961038961
1 0.023170731707317073 0.7901785714285714 0.008841463414634146 0.010957792207792208
1 0.3 0.2333603896103896 0.00975609756097561 0.008928571428571428
1 0.014329268292682927 0.921672077922078 0.009146341463414634 0.008522727272727272
1 0.10213414634146341 0.7219967532467533 0.011585365853658536 0.012581168831168832
1 0.013719512195121951 0.27313311688311687 0.010365853658536586 0.013392857142857142
1 0.5286585365853659 0.463474025974026 0.012195121951219513 0.01461038961038961
1 0.7707317073170732 0.7382305194805194 0.012804878048780487 0.015827922077922076
1 0.5545731707317073 0.3469967532467532 0.020426829268292684 0.02922077922077922
1 0.5484756097560975 0.2715097402597403 0.01524390243902439 0.01948051948051948
1 0.5740853658536585 0.7694805194805194 0.013719512195121951 0.019074675324675324
1 0.6786585365853659 0.5004058441558441 0.015548780487804878 0.023133116883116884
1 0.4853658536585366 0.7191558441558441 0.014329268292682927 0.022727272727272728
1 0.9673780487804878 0.5576298701298701 0.011890243902439025 0.01948051948051948
1 0.7966463414634146 0.09577922077922078 0.016463414634146342 0.017857142857142856
1 0.9323170731707318 0.547077922077922 0.00975609756097561 0.012175324675324676
1 0.2890243902439024 0.3575487012987013 0.008231707317073171 0.008522727272727272
1 0.23567073170731706 0.3445616883116883 0.016158536585365854 0.020292207792207792
1 0.15396341463414634 0.4971590909090909 0.011585365853658536 0.013798701298701298
1 0.2423780487804878 0.20616883116883117 0.011890243902439025 0.015422077922077922
1 0.9539634146341464 0.7893668831168831 0.01707317073170732 0.018668831168831168
1 0.4268292682926829 0.22402597402597402 0.015548780487804878 0.018668831168831168
1 0.3018292682926829 0.6148538961038961 0.013414634146341463 0.0174512987012987
1 0.7524390243902439 0.25487012987012986 0.00975609756097561 0.01461038961038961
1 0.7792682926829269 0.9959415584415584 0.008841463414634146 0.015422077922077922
1 0.8329268292682926 0.9659090909090909 0.012195121951219513 0.019886363636363636
1 0.3878048780487805 0.6465097402597403 0.012804878048780487 0.013392857142857142
1 0.599390243902439 0.07670454545454546 0.016158536585365854 0.019074675324675324
1 0.40792682926829266 0.8218344155844156 0.00975609756097561 0.01461038961038961
1 0.0801829268292683 0.19521103896103897 0.010060975609756098 0.010957792207792208
1 0.17317073170731706 0.2800324675324675 0.009451219512195122 0.015016233766233766
1 0.8109756097560976 0.3315746753246753 0.012804878048780487 0.019074675324675324
1 0.7524390243902439 0.41030844155844154 0.011585365853658536 0.018668831168831168
1 0.374390243902439 0.9354707792207793 0.012195121951219513 0.012175324675324676
1 0.45945121951219514 0.7938311688311688 0.015548780487804878 0.017857142857142856
1 0.2753048780487805 0.757711038961039 0.012195121951219513 0.014204545454545454
1 0.6908536585365853 0.65625 0.0125 0.01948051948051948
1 0.6551829268292683 0.663961038961039 0.01097560975609756 0.013798701298701298
1 0.9085365853658537 0.5625 0.013719512195121951 0.015016233766233766
1 0.9792682926829268 0.6939935064935064 0.013719512195121951 0.021915584415584416
1 0.43628048780487805 0.6306818181818182 0.016158536585365854 0.021915584415584416
1 0.8530487804878049 0.546672077922078 0.015548780487804878 0.0174512987012987
1 0.19847560975609757 0.588474025974026 0.012195121951219513 0.01461038961038961
1 0.7698170731707317 0.9756493506493507 0.018292682926829267 0.022321428571428572
1 0.6280487804878049 0.7349837662337663 0.01676829268292683 0.023944805194805196
1 0.9606707317073171 0.9391233766233766 0.011585365853658536 0.014204545454545454
1 0.8088414634146341 0.4342532467532468 0.014634146341463415 0.01948051948051948
1 0.3384146341463415 0.03896103896103896 0.010365853658536586 0.016233766233766232
1 0.12195121951219512 0.9099025974025974 0.012195121951219513 0.015827922077922076
1 0.25945121951219513 0.18344155844155843 0.010060975609756098 0.01461038961038961
1 0.4716463414634146 0.32142857142857145 0.012195121951219513 0.019886363636363636
1 0.8673780487804879 0.663961038961039 0.014939024390243902 0.021103896103896104
1 0.7829268292682927 0.4902597402597403 0.01097560975609756 0.01176948051948052
1 0.15670731707317073 0.7564935064935064 0.00975609756097561 0.00974025974025974
1 0.7646341463414634 0.6298701298701299 0.010060975609756098 0.016639610389610388
1 0.7887195121951219 0.921672077922078 0.01097560975609756 0.01461038961038961
1 0.15457317073170732 0.9744318181818182 0.0125 0.013392857142857142
1 0.45426829268292684 0.7439123376623377 0.010365853658536586 0.012987012987012988
1 0.7445121951219512 0.33969155844155846 0.021646341463414633 0.02922077922077922
1 0.2621951219512195 0.8311688311688312 0.016158536585365854 0.021103896103896104
1 0.8423780487804878 0.7686688311688312 0.010670731707317074 0.0174512987012987
1 0.21036585365853658 0.7159090909090909 0.00853658536585366 0.01176948051948052
1 0.5646341463414634 0.7252435064935064 0.010670731707317074 0.012175324675324676
1 0.16676829268292684 0.7601461038961039 0.009451219512195122 0.01461038961038961
1 0.7670731707317073 0.7800324675324676 0.008231707317073171 0.007711038961038961
1 0.9204268292682927 0.35430194805194803 0.011280487804878048 0.018262987012987012
1 0.23323170731707318 0.18019480519480519 0.012804878048780487 0.012987012987012988
1 0.1649390243902439 0.6185064935064936 0.011280487804878048 0.017857142857142856
1 0.788109756097561 0.3133116883116883 0.011890243902439025 0.013392857142857142
