0 0.7006097560975609 0.6181006493506493 0.012195121951219513 0.012581168831168832
0 0.15792682926829268 0.14650974025974026 0.013414634146341463 0.019886363636363636
0 0.3899390243902439 0.2122564935064935 0.013109756097560975 0.01948051948051948
0 0.8295731707317073 0.663961038961039 0.010365853658536586 0.014204545454545454
0 0.1679878048780488 0.9370941558441559 0.01768292682926829 0.021103896103896104
0 0.1152439024390244 0.8104707792207793 0.014634146341463415 0.019074675324675324
0 0.7432926829268293 0.21915584415584416 0.010365853658536586 0.012581168831168832
0 0.7310975609756097 0.8887987012987013 0.009451219512195122 0.00974025974025974
0 0.04908536585365854 0.737012987012987 0.010365853658536586 0.011363636363636364
0 0.9795731707317074 0.056006493506493504 0.015548780487804878 0.019074675324675324
0 0.11615853658536586 0.05397727272727273 0.012195121951219513 0.015827922077922076
0 0.021341463414634148 0.801948051948052 0.009451219512195122 0.012987012987012988
0 0.6515243902439024 0.8559253246753247 0.010060975609756098 0.010551948051948052
0 0.598170731707317 0.33887987012987014 0.0125 0.016639610389610388
0 0.34207317073170734 0.6168831168831169 0.011585365853658536 0.016639610389610388
0 0.36859756097560975 0.5499188311688312 0.01097560975609756 0.017857142857142856
0 0.22408536585365854 0.5665584415584416 0.011585365853658536 0.011363636363636364
0 0.4091463414634146 0.955762987012987 0.014939024390243902 0.021915584415584416
0 0.09573170731707317 0.8445616883116883 0.013719512195121951 0.016233766233766232
0 0.8557926829268293 0.07913961038961038 0.008841463414634146 0.008116883116883116
0 0.2344512195121951 0.4180194805194805 0.01707317073170732 0.026379870129870128
0 0.6801829268292683 0.9119318181818182 0.01402439024390244 0.015422077922077922
0 0.9506097560975609 0.71875 0.011280487804878048 0.015422077922077922
0 0.9676829268292683 0.3652597402597403 0.0125 0.015422077922077922
0 0.6557926829268292 0.9626623376623377 0.01768292682926829 0.019886363636363636
0 0.6932926829268292 0.5864448051948052 0.010670731707317074 0.014204545454545454
0 0.7182926829268292 0.6635551948051948 0.0125 0.0174512987012987
0 0.40213414634146344 0.16680194805194806 0.010670731707317074 0.011363636363636364
0 0.47560975609756095 0.1737012987012987 0.01402439024390244 0.01948051948051948
0 0.8222560975609756 0.14569805194805194 0.013414634146341463 0.0174512987012987
0 0.7679878048780487 0.8814935064935064 0.01524390243902439 0.021103896103896104
0 0.4509146341463415 0.6436688311688312 0.010060975609756098 0.016639610389610388
0 0.8314024390243903 0.4042207792207792 0.015548780487804878 0.021103896103896104
0 0.1679878048780488 0.4155844155844156 0.012195121951219513 0.014204545454545454
0 0.6048780487804878 0.4630681818181818 0.013719512195121951 0.0174512987012987
0 0.12865853658536586 0.8007305194805194 0.016158536585365854 0.020698051948051948
0 0.8411585365853659 0.14772727272727273 0.014939024390243902 0.017045454545454544
0 0.7530487804878049 0.6371753246753247 0.014329268292682927 0.02150974025974026
0 0.5567073170731708 0.6700487012987013 0.01402439024390244 0.019074675324675324
0 0.975 0.17329545454545456 0.015548780487804878 0.016639610389610388
0 0.08292682926829269 0.9411525974025974 0.01920731707317073 0.025162337662337664
0 0.37317073170731707 0.4622564935064935 0.014329268292682927 0.021915584415584416
0 0.4823170731707317 0.48538961038961037 0.011280487804878048 0.011363636363636364
0 0.7939024390243903 0.1497564935064935 0.010060975609756098 0.010957792207792208
0 0.6856707317073171 0.10227272727272728 0.014329268292682927 0.022321428571428572
0 0.07865853658536585 0.7723214285714286 0.01524390243902439 0.02353896103896104
0 0.572560975609756 0.5008116883116883 0.015548780487804878 0.023133116883116884
0 0.3679878048780488 0.9829545454545454 0.01097560975609756 0.015016233766233766
0 0.36067073170731706 0.2650162337662338 0.015853658536585366 0.024756493506493508
0 0.1274390243902439 0.44642857142857145 0.010670731707317074 0.016639610389610388
0 0.9335365853658537 0.5535714285714286 0.01524390243902439 0.023133116883116884
0 0.9384146341463414 0.6022727272727273 0.01097560975609756 0.01176948051948052
0 0.5158536585365854 0.5604707792207793 0.013719512195121951 0.017857142857142856
0 0.9417682926829268 0.6554383116883117 0.01524390243902439 0.020292207792207792
0 0.7777439024390244 0.775974025974026 0.00853658536585366 0.008116883116883116
0 0.9820121951219513 0.6513798701298701 0.009451219512195122 0.01461038961038961
0 0.30396341463414633 0.6392045454545454 0.011890243902439025 0.015016233766233766
0 0.5396341463414634 0.1444805194805195 0.01402439024390244 0.022321428571428572
0 0.5 0.7840909090909091 0.012804878048780487 0.014204545454545454
0 0.21158536585365853 0.3088474025974026 0.009146341463414634 0.012175324675324676
0 0.058231707317073174 0.12459415584415584 0.015853658536585366 0.022321428571428572
0 0.3094512195121951 0.10673701298701299 0.010060975609756098 0.015422077922077922
0 0.14542682926829267 0.9464285714285714 0.01097560975609756 0.010957792207792208
0 0.8 0.45413961038961037 0.013414634146341463 0.018668831168831168
0 0.9216463414634146 0.22727272727272727 0.013414634146341463 0.013798701298701298
0 0.9597560975609756 0.698051948051948 0.010365853658536586 0.012987012987012988
0 0.8548780487804878 0.11160714285714286 0.011890243902439025 0.013798701298701298
0 0.348780487804878 0.7439123376623377 0.016158536585365854 0.018262987012987012
0 0.3042682926829268 0.547077922077922 0.011585365853658536 0.012987012987012988
0 0.2606707317073171 0.2325487012987013 0.00975609756097561 0.012987012987012988
0 0.35365853658536583 0.520698051948052 0.012804878048780487 0.016233766233766232
0 0.3094512195121951 0.18019480519480519 0.008841463414634146 0.012987012987012988
0 0.21310975609756097 0.04991883116883117 0.013719512195121951 0.021915584415584416
0 0.9533536585365854 0.02353896103896104 0.0125 0.013392857142857142
0 0.926829268292683 0.7431006493506493 0.013109756097560975 0.015016233766233766
0 0.8945121951219512 0.7954545454545454 0.01097560975609756 0.01461038961038961
0 0.2545731707317073 0.8745941558441559 0.011280487804878048 0.018668831168831168
0 0.3301829268292683 0.9468344155844156 0.010060975609756098 0.014204545454545454
0 0.07134146341463414 0.8883928571428571 0.018597560975609755 0.025974025974025976
0 0.07347560975609756 0.6148538961038961 0.01097560975609756 0.013798701298701298
0 0.7817073170731708 0.3088474025974026 0.013109756097560975 0.020292207792207792
0 0.12835365853658537 0.3336038961038961 0.013109756097560975 0.015422077922077922
0 0.3429878048780488 0.22767857142857142 0.0125 0.0174512987012987
0 0.6783536585365854 0.2418831168831169 0.008841463414634146 0.015016233766233766
1 0.1679878048780488 0.2974837662337662 0.01798780487804878 0.022321428571428572
1 0.7579268292682927 0.24472402597402598 0.00975609756097561 0.012175324675324676
1 0.9920731707317073 0.1148538961038961 0.010670731707317074 0.012175324675324676
1 0.9875 0.18303571428571427 0.00975609756097561 0.015422077922077922
1 0.7466463414634147 0.3392857142857143 0.010670731707317074 0.013392857142857142
1 0.7115853658536585 0.7126623376623377 0.012804878048780487 0.016233766233766232
1 0.9728658536585366 0.5710227272727273 0.011280487804878048 0.015016233766233766
1 0.8091463414634147 0.8916396103896104 0.01402439024390244 0.02150974025974026
1 0.6152439024390244 0.03409090909090909 0.012804878048780487 0.017857142857142856
1 0.7463414634146341 0.05397727272727273 0.010670731707317074 0.016639610389610388
1 0.9173780487804878 0.6513798701298701 0.010670731707317074 0.016233766233766232
1 0.5832317073170732 0.7698863636363636 0.016158536585365854 0.021915584415584416
1 0.26951219512195124 0.8713474025974026 0.009451219512195122 0.011363636363636364
1 0.725 0.3153409090909091 0.01097560975609756 0.016639610389610388
1 0.6600609756097561 0.2544642857142857 0.011890243902439025 0.012581168831168832
1 0.4173780487804878 0.5815746753246753 0.011585365853658536 0.016233766233766232
1 0.6295731707317073 0.6842532467532467 0.01402439024390244 0.02150974025974026
1 0.07774390243902439 0.32792207792207795 0.016158536585365854 0.0174512987012987
1 0.5109756097560976 0.013392857142857142 0.009146341463414634 0.008116883116883116
1 0.014329268292682927 0.12012987012987013 0.01097560975609756 0.010551948051948052
1 0.6524390243902439 0.028409090909090908 0.017378048780487806 0.02150974025974026
1 0.6417682926829268 0.0625 0.012195121951219513 0.012581168831168832
1 0.8786585365853659 0.5645292207792207 0.0125 0.01461038961038961
1 0.14359756097560974 0.8599837662337663 0.00975609756097561 0.010146103896103896
1 0.6414634146341464 0.325487012987013 0.014329268292682927 0.022727272727272728
1 0.9024390243902439 0.3713474025974026 0.014634146341463415 0.017045454545454544
1 0.6655487804878049 0.3157467532467532 0.01402439024390244 0.019886363636363636
1 0.24695121951219512 0.45982142857142855 0.009451219512195122 0.009334415584415584
1 0.7182926829268292 0.048701298701298704 0.014634146341463415 0.016639610389610388
1 0.7646341463414634 0.08157467532467533 0.00975609756097561 0.015016233766233766
1 0.749390243902439 0.2767857142857143 0.011280487804878048 0.016639610389610388
