0 0.5329268292682927 0.1185064935064935 0.00975609756097561 0.012175324675324676
0 0.5804878048780487 0.9728084415584416 0.010365853658536586 0.010957792207792208
0 0.3100609756097561 0.7150974025974026 0.013109756097560975 0.013798701298701298
0 0.2451219512195122 0.7069805194805194 0.013414634146341463 0.016233766233766232
0 0.5295731707317073 0.5539772727272727 0.012195121951219513 0.017045454545454544
0 0.7176829268292683 0.38920454545454547 0.013719512195121951 0.021915584415584416
0 0.6871951219512196 0.8587662337662337 0.0125 0.012581168831168832
0 0.8079268292682927 0.5584415584415584 0.015853658536585366 0.023944805194805196
0 0.6076219512195122 0.5758928571428571 0.012804878048780487 0.020292207792207792
1 0.21097560975609755 0.09902597402597403 0.017378048780487806 0.023944805194805196
1 0.07164634146341463 0.862012987012987 0.014329268292682927 0.022321428571428572
1 0.31920731707317074 0.15665584415584416 0.012804878048780487 0.016639610389610388
1 0.08628048780487804 0.7418831168831169 0.011280487804878048 0.012175324675324676
1 0.7649390243902439 0.7272727272727273 0.015853658536585366 0.024350649350649352
1 0.2097560975609756 0.6424512987012987 0.010060975609756098 0.010146103896103896
1 0.1521341463414634 0.7021103896103896 0.00975609756097561 0.012175324675324676
1 0.2344512195121951 0.7252435064935064 0.010365853658536586 0.012175324675324676
1 0.9591463414634146 0.028003246753246752 0.011890243902439025 0.017857142857142856
1 0.7140243902439024 0.16314935064935066 0.013414634146341463 0.020698051948051948
1 0.9670731707317073 0.6396103896103896 0.01524390243902439 0.017045454545454544
1 0.2820121951219512 0.6895292207792207 0.012195121951219513 0.019886363636363636
1 0.3048780487804878 0.13758116883116883 0.011890243902439025 0.012175324675324676
1 0.788109756097561 0.29586038961038963 0.012195121951219513 0.0174512987012987
1 0.35365853658536583 0.42167207792207795 0.007926829268292683 0.010551948051948052
1 0.21707317073170732 0.22930194805194806 0.011280487804878048 0.015827922077922076
1 0.41554878048780486 0.8875811688311688 0.011280487804878048 0.014204545454545454
1 0.5905487804878049 0.23376623376623376 0.008841463414634146 0.012987012987012988
1 0.9076219512195122 0.4180194805194805 0.010060975609756098 0.014204545454545454
1 0.875 0.11607142857142858 0.014634146341463415 0.016639610389610388
1 0.425 0.05357142857142857 0.011280487804878048 0.012581168831168832
1 0.2530487804878049 0.8185876623376623 0.012195121951219513 0.014204545454545454
1 0.03536585365853658 0.8193993506493507 0.011890243902439025 0.012175324675324676
1 0.07439024390243902 0.08441558441558442 0.01402439024390244 0.020292207792207792
1 0.8362804878048781 0.9797077922077922 0.01768292682926829 0.025974025974025976
1 0.699390243902439 0.42694805194805197 0.012804878048780487 0.016639610389610388
1 0.8176829268292682 0.10714285714285714 0.01402439024390244 0.0174512987012987
1 0.7807926829268292 0.7564935064935064 0.01768292682926829 0.025162337662337664
1 0.5365853658536586 0.35186688311688313 0.013414634146341463 0.020292207792207792
1 0.4326219512195122 0.5815746753246753 0.00975609756097561 0.015016233766233766
1 0.886280487804878 0.060064935064935064 0.015853658536585366 0.017857142857142856
1 0.33902439024390246 0.05925324675324675 0.00975609756097561 0.016639610389610388
1 0.7823170731707317 0.711038961038961 0.011890243902439025 0.014204545454545454
1 0.05 0.8664772727272727 0.00853658536585366 0.010146103896103896
1 0.5057926829268292 0.205762987012987 0.013719512195121951 0.020698051948051948
1 0.13414634146341464 0.24269480519480519 0.010060975609756098 0.013392857142857142
1 0.04908536585365854 0.11404220779220779 0.011585365853658536 0.018262987012987012
1 0.6600609756097561 0.4987824675324675 0.01524390243902439 0.022727272727272728
1 0.9966463414634147 0.18790584415584416 0.01402439024390244 0.018262987012987012
1 0.411280487804878 0.3189935064935065 0.012195121951219513 0.015422077922077922
1 0.9920731707317073 0.9196428571428571 0.013109756097560975 0.020292207792207792
1 0.5557926829268293 0.03165584415584415 0.01097560975609756 0.017857142857142856
1 0.5317073170731708 0.2792207792207792 0.016463414634146342 0.020698051948051948
1 0.3472560975609756 0.5974025974025974 0.012195121951219513 0.017045454545454544
1 0.5783536585365854 0.024350649350649352 0.011890243902439025 0.016639610389610388
1 0.7695121951219512 0.8222402597402597 0.011585365853658536 0.011363636363636364
1 0.14542682926829267 0.21347402597402598 0.00853658536585366 0.00974025974025974
1 0.1850609756097561 0.056412337662337664 0.0125 0.012581168831168832
1 0.3929878048780488 0.7573051948051948 0.011890243902439025 0.017857142857142856
1 0.27987804878048783 0.994724025974026 0.01402439024390244 0.017045454545454544
1 0.5396341463414634 0.6473214285714286 0.0125 0.015016233766233766
1 0.4951219512195122 0.2288961038961039 0.01920731707317073 0.024350649350649352
1 0.5545731707317073 0.6465097402597403 0.009146341463414634 0.011363636363636364
1 0.6472560975609756 0.9512987012987013 0.010670731707317074 0.012581168831168832
1 0.26615853658536587 0.028003246753246752 0.009451219512195122 0.010957792207792208
1 0.8792682926829268 0.42167207792207795 0.011585365853658536 0.012987012987012988
1 0.6679878048780488 0.08076298701298701 0.0125 0.018262987012987012
1 0.11128048780487805 0.3246753246753247 0.015853658536585366 0.02150974025974026
1 0.7710365853658536 0.08441558441558442 0.014634146341463415 0.019886363636363636
1 0.09329268292682927 0.8465909090909091 0.01402439024390244 0.018262987012987012
1 0.7286585365853658 0.33563311688311687 0.020426829268292684 0.027597402597402596
1 0.48628048780487804 0.1241883116883117 0.00853658536585366 0.007711038961038961
1 0.6295731707317073 0.7284902597402597 0.020121951219512196 0.028003246753246752
1 0.7466463414634147 0.9439935064935064 0.01402439024390244 0.02150974025974026
1 0.5204268292682926 0.38392857142857145 0.010365853658536586 0.013392857142857142
1 0.10609756097560975 0.09050324675324675 0.0125 0.018668831168831168
1 0.5597560975609757 0.9699675324675324 0.01097560975609756 0.015827922077922076
1 0.1475609756097561 0.5454545454545454 0.014939024390243902 0.022321428571428572
1 0.4350609756097561 0.9606331168831169 0.014939024390243902 0.019074675324675324
1 0.5234756097560975 0.21469155844155843 0.01097560975609756 0.01176948051948052
1 0.9173780487804878 0.7982954545454546 0.013719512195121951 0.015016233766233766
1 0.6210365853658537 0.09699675324675325 0.01768292682926829 0.026785714285714284
1 0.8335365853658536 0.5422077922077922 0.010365853658536586 0.013798701298701298
1 0.3405487804878049 0.200487012987013 0.013414634146341463 0.013798701298701298
1 0.6637195121951219 0.8766233766233766 0.014329268292682927 0.018668831168831168
1 0.6240853658536586 0.22321428571428573 0.010365853658536586 0.010551948051948052
1 0.10548780487804878 0.6655844155844156 0.012804878048780487 0.016639610389610388
1 0.4841463414634146 0.5714285714285714 0.011890243902439025 0.01461038961038961
1 0.4576219512195122 0.4963474025974026 0.01524390243902439 0.020292207792207792
1 0.374390243902439 0.5251623376623377 0.014634146341463415 0.018668831168831168
1 0.41067073170731705 0.8068181818181818 0.0125 0.01948051948051948
1 0.4051829268292683 0.3344155844155844 0.011890243902439025 0.018668831168831168
1 0.20762195121951219 0.9472402597402597 0.011890243902439025 0.018668831168831168
1 0.510060975609756 0.2909902597402597 0.016158536585365854 0.022321428571428572
1 0.054878048780487805 0.08482142857142858 0.012804878048780487 0.015827922077922076
