0 0.23353658536585367 0.4224837662337662 0.015853658536585366 0.017045454545454544
0 0.2344512195121951 0.5426136363636364 0.011585365853658536 0.016639610389610388
0 0.4954268292682927 0.6132305194805194 0.00975609756097561 0.010146103896103896
0 0.16707317073170733 0.6505681818181818 0.0125 0.0174512987012987
0 0.20396341463414633 0.979301948051948 0.025914634146341462 0.03165584415584415
0 0.05426829268292683 0.9204545454545454 0.011585365853658536 0.01176948051948052
0 0.07042682926829268 0.5340909090909091 0.01402439024390244 0.021103896103896104
0 0.7384146341463415 0.4484577922077922 0.01402439024390244 0.021103896103896104
0 0.38414634146341464 0.6055194805194806 0.0125 0.019886363636363636
0 0.06432926829268293 0.21144480519480519 0.011585365853658536 0.0174512987012987
0 0.11676829268292684 0.65625 0.010670731707317074 0.011363636363636364
0 0.1878048780487805 0.9306006493506493 0.01097560975609756 0.011363636363636364
0 0.28536585365853656 0.6087662337662337 0.015853658536585366 0.018262987012987012
0 0.8804878048780488 0.052353896103896104 0.01920731707317073 0.026785714285714284
0 0.01676829268292683 0.03977272727272727 0.010365853658536586 0.017045454545454544
0 0.05853658536585366 0.4074675324675325 0.013414634146341463 0.0174512987012987
0 0.3332317073170732 0.015827922077922076 0.0125 0.01461038961038961
0 0.49390243902439024 0.9391233766233766 0.0125 0.018668831168831168
0 0.06890243902439025 0.338474025974026 0.00975609756097561 0.01176948051948052
0 0.10701219512195122 0.125 0.016158536585365854 0.0174512987012987
0 0.6515243902439024 0.9464285714285714 0.012195121951219513 0.015016233766233766
0 0.10060975609756098 0.5458603896103896 0.00975609756097561 0.014204545454545454
0 0.6451219512195122 0.3871753246753247 0.011585365853658536 0.018262987012987012
0 0.4496951219512195 0.1984577922077922 0.016158536585365854 0.022321428571428572
0 0.8475609756097561 0.45008116883116883 0.01524390243902439 0.020292207792207792
0 0.5515243902439024 0.10430194805194805 0.011280487804878048 0.011363636363636364
0 0.46463414634146344 0.4715909090909091 0.01402439024390244 0.0174512987012987
0 0.7707317073170732 0.8198051948051948 0.018902439024390243 0.028003246753246752
0 0.7698170731707317 0.23660714285714285 0.009146341463414634 0.013392857142857142
0 0.998780487804878 0.9013798701298701 0.010060975609756098 0.015422077922077922
0 0.0850609756097561 0.45211038961038963 0.014329268292682927 0.021103896103896104
0 0.4225609756097561 0.6915584415584416 0.01524390243902439 0.018668831168831168
0 0.7484756097560976 0.2637987012987013 0.00975609756097561 0.011363636363636364
0 0.5405487804878049 0.8068181818181818 0.015548780487804878 0.023944805194805196
0 0.9966463414634147 0.369724025974026 0.014329268292682927 0.015016233766233766
0 0.5039634146341463 0.03977272727272727 0.013719512195121951 0.018668831168831168
0 0.4140243902439024 0.9569805194805194 0.00975609756097561 0.015016233766233766
1 0.12621951219512195 0.9878246753246753 0.01768292682926829 0.020292207792207792
1 0.5911585365853659 0.6517857142857143 0.010670731707317074 0.010146103896103896
1 0.4170731707317073 0.15827922077922077 0.011890243902439025 0.013392857142857142
1 0.3564024390243902 0.3835227272727273 0.014329268292682927 0.017857142857142856
1 0.015548780487804878 0.828327922077922 0.010365853658536586 0.01461038961038961
1 0.3042682926829268 0.4448051948051948 0.01402439024390244 0.016233766233766232
1 0.697560975609756 0.5361201298701299 0.00853658536585366 0.010957792207792208
1 0.7878048780487805 0.28368506493506496 0.008231707317073171 0.012987012987012988
1 0.8786585365853659 0.5840097402597403 0.009146341463414634 0.015827922077922076
1 0.9195121951219513 0.22362012987012986 0.009451219512195122 0.01461038961038961
1 0.8786585365853659 0.24147727272727273 0.012804878048780487 0.016233766233766232
1 0.12103658536585366 0.7017045454545454 0.010670731707317074 0.016233766233766232
1 0.04176829268292683 0.570211038961039 0.014634146341463415 0.020292207792207792
1 0.5719512195121951 0.1875 0.00975609756097561 0.008928571428571428
1 0.2996951219512195 0.13068181818181818 0.009451219512195122 0.013798701298701298
1 0.11676829268292684 0.9119318181818182 0.014939024390243902 0.021915584415584416
1 0.7103658536585366 0.836038961038961 0.014634146341463415 0.0174512987012987
1 0.8926829268292683 0.6298701298701299 0.01676829268292683 0.02353896103896104
1 0.7957317073170732 0.4090909090909091 0.010060975609756098 0.014204545454545454
1 0.786280487804878 0.6213474025974026 0.009451219512195122 0.013392857142857142
1 0.9064024390243902 0.4882305194805195 0.0125 0.020292207792207792
1 0.7100609756097561 0.21834415584415584 0.00975609756097561 0.016233766233766232
1 0.23628048780487804 0.20535714285714285 0.015548780487804878 0.020698051948051948
1 0.8149390243902439 0.6599025974025974 0.0125 0.015016233766233766
1 0.06585365853658537 0.14772727272727273 0.013414634146341463 0.021103896103896104
1 0.825 0.45211038961038963 0.00975609756097561 0.010146103896103896
1 0.9234756097560975 0.3104707792207792 0.011585365853658536 0.016639610389610388
1 0.1152439024390244 0.17410714285714285 0.010060975609756098 0.014204545454545454
1 0.16158536585365854 0.028409090909090908 0.011890243902439025 0.012175324675324676
1 0.1954268292682927 0.6107954545454546 0.010365853658536586 0.012987012987012988
1 0.016158536585365854 0.8421266233766234 0.012195121951219513 0.014204545454545454
1 0.964329268292683 0.04301948051948052 0.015548780487804878 0.023944805194805196
1 0.11676829268292684 0.9577922077922078 0.010060975609756098 0.015827922077922076
1 0.9609756097560975 0.18262987012987014 0.012804878048780487 0.013798701298701298
1 0.13932926829268294 0.8948863636363636 0.014634146341463415 0.023133116883116884
1 0.9603658536585366 0.288961038961039 0.011890243902439025 0.015422077922077922
1 0.39207317073170733 0.6051136363636364 0.011585365853658536 0.012175324675324676
1 0.7030487804878048 0.41030844155844154 0.013719512195121951 0.019886363636363636
1 0.14146341463414633 0.583198051948052 0.011585365853658536 0.013798701298701298
