0 0.7039634146341464 0.6099837662337663 0.0125 0.018262987012987012
0 0.5375 0.9967532467532467 0.01402439024390244 0.017857142857142856
0 0.08536585365853659 0.1708603896103896 0.013719512195121951 0.014204545454545454
0 0.9384146341463414 0.533685064935065 0.010060975609756098 0.016233766233766232
0 0.15304878048780488 0.6578733766233766 0.013109756097560975 0.013798701298701298
0 0.23506097560975608 0.997564935064935 0.0125 0.019886363636363636
0 0.8298780487804878 0.4184253246753247 0.012195121951219513 0.016233766233766232
0 0.4969512195121951 0.2974837662337662 0.0125 0.019074675324675324
0 0.8655487804878049 0.32589285714285715 0.01097560975609756 0.017045454545454544
0 0.10823170731707317 0.12175324675324675 0.01097560975609756 0.012987012987012988
0 0.2875 0.6663961038961039 0.012195121951219513 0.012175324675324676
0 0.3439024390243902 0.22727272727272727 0.010670731707317074 0.011363636363636364
0 0.374390243902439 0.30194805194805197 0.010365853658536586 0.011363636363636364
0 0.8265243902439025 0.02922077922077922 0.01524390243902439 0.017045454545454544
0 0.8987804878048781 0.7796266233766234 0.014329268292682927 0.015016233766233766
0 0.36646341463414633 0.44886363636363635 0.012804878048780487 0.015016233766233766
0 0.051829268292682924 0.6976461038961039 0.014634146341463415 0.022727272727272728
0 0.3310975609756098 0.7021103896103896 0.013109756097560975 0.021103896103896104
0 0.3097560975609756 0.38961038961038963 0.0125 0.016639610389610388
0 0.49085365853658536 0.7305194805194806 0.00975609756097561 0.015016233766233766
0 0.5932926829268292 0.9204545454545454 0.016463414634146342 0.02150974025974026
0 0.20335365853658535 0.018262987012987012 0.01097560975609756 0.012987012987012988
0 0.11128048780487805 0.4318181818181818 0.008841463414634146 0.008116883116883116
0 0.5509146341463415 0.908685064935065 0.011280487804878048 0.01461038961038961
0 0.2945121951219512 0.7280844155844156 0.012804878048780487 0.015827922077922076
0 0.2557926829268293 0.5438311688311688 0.014939024390243902 0.022321428571428572
0 0.8054878048780488 0.6875 0.011890243902439025 0.012987012987012988
0 0.41280487804878047 0.6732954545454546 0.014939024390243902 0.023133116883116884
0 0.9204268292682927 0.24431818181818182 0.010670731707317074 0.017857142857142856
0 0.2274390243902439 0.23741883116883117 0.013109756097560975 0.017045454545454544
0 0.6128048780487805 0.37337662337662336 0.017378048780487806 0.01948051948051948
0 0.5179878048780487 0.8060064935064936 0.011280487804878048 0.013392857142857142
0 0.6841463414634147 0.5681818181818182 0.01097560975609756 0.015422077922077922
0 0.1076219512195122 0.695211038961039 0.012804878048780487 0.015016233766233766
0 0.6560975609756098 0.9403409090909091 0.010060975609756098 0.013798701298701298
0 0.17073170731707318 0.4025974025974026 0.013109756097560975 0.016233766233766232
0 0.8942073170731707 0.864448051948052 0.011585365853658536 0.018668831168831168
0 0.5673780487804878 0.788961038961039 0.011280487804878048 0.017857142857142856
0 0.9301829268292683 0.13392857142857142 0.014634146341463415 0.018262987012987012
0 0.8539634146341464 0.18181818181818182 0.01097560975609756 0.014204545454545454
0 0.8289634146341464 0.9021915584415584 0.009146341463414634 0.00974025974025974
0 0.6707317073170732 0.9772727272727273 0.013109756097560975 0.015016233766233766
0 0.13963414634146343 0.3713474025974026 0.01402439024390244 0.022321428571428572
0 0.8698170731707318 0.3336038961038961 0.0125 0.012581168831168832
0 0.45426829268292684 0.7471590909090909 0.01524390243902439 0.018262987012987012
0 0.2149390243902439 0.8051948051948052 0.016463414634146342 0.021103896103896104
0 0.8189024390243902 0.512987012987013 0.014634146341463415 0.023133116883116884
1 0.6140243902439024 0.877435064935065 0.010670731707317074 0.011363636363636364
1 0.5734756097560976 0.463474025974026 0.013109756097560975 0.014204545454545454
1 0.4771341463414634 0.2215909090909091 0.00853658536585366 0.01461038961038961
1 0.22469512195121952 0.1148538961038961 0.012195121951219513 0.01948051948051948
1 0.974390243902439 0.1939935064935065 0.013719512195121951 0.015016233766233766
1 0.8033536585365854 0.08887987012987013 0.0125 0.017857142857142856
1 0.8801829268292682 0.12012987012987013 0.007926829268292683 0.00974025974025974
1 0.24176829268292682 0.8295454545454546 0.01402439024390244 0.019886363636363636
1 0.7362804878048781 0.2702922077922078 0.012195121951219513 0.014204545454545454
1 0.07103658536585365 0.8859577922077922 0.011585365853658536 0.016233766233766232
1 0.6317073170731707 0.23579545454545456 0.013109756097560975 0.019074675324675324
1 0.3628048780487805 0.6270292207792207 0.01951219512195122 0.029626623376623376
1 0.23506097560975608 0.6038961038961039 0.010060975609756098 0.014204545454545454
1 0.8576219512195122 0.6440746753246753 0.011890243902439025 0.015016233766233766
1 0.947560975609756 0.3587662337662338 0.010670731707317074 0.016233766233766232
1 0.13871951219512196 0.8226461038961039 0.011890243902439025 0.016233766233766232
1 0.17835365853658536 0.12175324675324675 0.013414634146341463 0.02150974025974026
1 0.9158536585365854 0.46063311688311687 0.0125 0.015827922077922076
1 0.14786585365853658 0.6830357142857143 0.007926829268292683 0.010146103896103896
1 0.863109756097561 0.8518668831168831 0.012195121951219513 0.0174512987012987
1 0.5978658536585366 0.8721590909090909 0.012804878048780487 0.016639610389610388
1 0.8679878048780488 0.43060064935064934 0.00975609756097561 0.00974025974025974
1 0.9634146341463414 0.7382305194805194 0.010365853658536586 0.016639610389610388
1 0.07195121951219512 0.3275162337662338 0.011280487804878048 0.017857142857142856
1 0.6048780487804878 0.17329545454545456 0.0125 0.013798701298701298
1 0.3832317073170732 0.882711038961039 0.011280487804878048 0.017857142857142856
1 0.8356707317073171 0.6201298701298701 0.016463414634146342 0.025162337662337664
