0 0.388109756097561 0.9155844155844156 0.010365853658536586 0.014204545454545454
0 0.7625 0.24228896103896103 0.00975609756097561 0.012581168831168832
0 0.022865853658536585 0.7090097402597403 0.014329268292682927 0.019074675324675324
0 0.22347560975609757 0.2556818181818182 0.012195121951219513 0.013392857142857142
0 0.28780487804878047 0.7987012987012987 0.010670731707317074 0.010551948051948052
0 0.44603658536585367 0.695211038961039 0.01524390243902439 0.021915584415584416
0 0.4942073170731707 0.38758116883116883 0.013109756097560975 0.01948051948051948
0 0.45426829268292684 0.7885551948051948 0.014939024390243902 0.02353896103896104
0 0.6591463414634147 0.5799512987012987 0.013414634146341463 0.015016233766233766
0 0.1003048780487805 0.6343344155844156 0.012804878048780487 0.020698051948051948
0 0.16371951219512196 0.9967532467532467 0.011890243902439025 0.01948051948051948
0 0.5948170731707317 0.09496753246753246 0.011280487804878048 0.016639610389610388
0 0.4658536585365854 0.39935064935064934 0.01097560975609756 0.01176948051948052
0 0.24664634146341463 0.28165584415584416 0.010670731707317074 0.012581168831168832
0 0.8182926829268292 0.2268668831168831 0.008841463414634146 0.007711038961038961
0 0.5057926829268292 0.5117694805194806 0.010060975609756098 0.010551948051948052
0 0.09847560975609757 0.5880681818181818 0.010365853658536586 0.0174512987012987
0 0.6378048780487805 0.3778409090909091 0.016463414634146342 0.021103896103896104
0 0.09664634146341464 0.6030844155844156 0.010060975609756098 0.012175324675324676
0 0.9496951219512195 0.5641233766233766 0.011890243902439025 0.017857142857142856
0 0.801219512195122 0.7962662337662337 0.00975609756097561 0.010551948051948052
0 0.6070121951219513 0.320211038961039 0.01402439024390244 0.022321428571428572
0 0.7036585365853658 0.5531655844155844 0.014634146341463415 0.015422077922077922
0 0.713109756097561 0.12378246753246754 0.013109756097560975 0.020698051948051948
0 0.4725609756097561 0.48660714285714285 0.0125 0.01948051948051948
0 0.33445121951219514 0.4025974025974026 0.011280487804878048 0.014204545454545454
0 0.2201219512195122 0.5357142857142857 0.014329268292682927 0.019074675324675324
0 0.9798780487804878 0.6473214285714286 0.012804878048780487 0.017857142857142856
0 0.6503048780487805 0.7191558441558441 0.014329268292682927 0.017045454545454544
0 0.39634146341463417 0.820211038961039 0.00975609756097561 0.01461038961038961
0 0.3795731707317073 0.4805194805194805 0.009451219512195122 0.012987012987012988
0 0.06341463414634146 0.5381493506493507 0.011890243902439025 0.012581168831168832
0 0.49359756097560975 0.08887987012987013 0.012804878048780487 0.017857142857142856
0 0.9332317073170732 0.9898538961038961 0.009451219512195122 0.010957792207792208
0 0.675609756097561 0.6424512987012987 0.01707317073170732 0.024350649350649352
0 0.27926829268292686 0.3887987012987013 0.013414634146341463 0.01461038961038961
0 0.4554878048780488 0.24431818181818182 0.014329268292682927 0.016639610389610388
0 0.4051829268292683 0.4878246753246753 0.014939024390243902 0.021915584415584416
0 0.8490853658536586 0.8327922077922078 0.011585365853658536 0.01461038961038961
0 0.5960365853658537 0.9030032467532467 0.01097560975609756 0.01461038961038961
0 0.4301829268292683 0.3713474025974026 0.016158536585365854 0.022321428571428572
0 0.6536585365853659 0.7272727272727273 0.0125 0.015827922077922076
0 0.7713414634146342 0.721185064935065 0.0125 0.017045454545454544
0 0.7417682926829269 0.5101461038961039 0.010670731707317074 0.013798701298701298
0 0.3021341463414634 0.9188311688311688 0.012195121951219513 0.01948051948051948
0 0.7335365853658536 0.6383928571428571 0.011280487804878048 0.013798701298701298
0 0.5207317073170732 0.5795454545454546 0.01097560975609756 0.012581168831168832
0 0.19420731707317074 0.08238636363636363 0.00975609756097561 0.009334415584415584
0 0.13445121951219513 0.05113636363636364 0.015853658536585366 0.02353896103896104
0 0.5414634146341464 0.5511363636363636 0.015853658536585366 0.018668831168831168
0 0.024390243902439025 0.020292207792207792 0.010060975609756098 0.012175324675324676
0 0.6128048780487805 0.14123376623376624 0.011890243902439025 0.016233766233766232
0 0.8384146341463414 0.26704545454545453 0.014329268292682927 0.01948051948051948
0 0.5185975609756097 0.7402597402597403 0.012804878048780487 0.016233766233766232
0 0.33689024390243905 0.19277597402597402 0.012804878048780487 0.016233766233766232
0 0.3984756097560976 0.9545454545454546 0.012804878048780487 0.019074675324675324
0 0.8859756097560976 0.26055194805194803 0.015853658536585366 0.021103896103896104
0 0.8893292682926829 0.18547077922077923 0.010365853658536586 0.016233766233766232
0 0.5652439024390243 0.16193181818181818 0.018597560975609755 0.02150974025974026
0 0.8198170731707317 0.49756493506493504 0.014329268292682927 0.02150974025974026
0 0.7990853658536585 0.507711038961039 0.011585365853658536 0.015422077922077922
1 0.713109756097561 0.24472402597402598 0.011585365853658536 0.018668831168831168
1 0.9570121951219512 0.29545454545454547 0.013109756097560975 0.020698051948051948
1 0.16981707317073172 0.29667207792207795 0.009451219512195122 0.015016233766233766
1 0.9 0.36241883116883117 0.014634146341463415 0.023133116883116884
1 0.723170731707317 0.979301948051948 0.014634146341463415 0.017857142857142856
1 0.36554878048780487 0.3952922077922078 0.012804878048780487 0.01461038961038961
1 0.09817073170731708 0.24512987012987014 0.01676829268292683 0.01948051948051948
1 0.9204268292682927 0.1112012987012987 0.014634146341463415 0.023133116883116884
1 0.473780487804878 0.8668831168831169 0.008841463414634146 0.012581168831168832
1 0.48597560975609755 0.34862012987012986 0.013414634146341463 0.021103896103896104
1 0.7314024390243903 0.8818993506493507 0.010365853658536586 0.010146103896103896
1 0.7646341463414634 0.12702922077922077 0.018292682926829267 0.021103896103896104
1 0.4057926829268293 0.08482142857142858 0.014329268292682927 0.021103896103896104
1 0.760060975609756 0.6866883116883117 0.0125 0.019074675324675324
1 0.42347560975609755 0.6136363636363636 0.01707317073170732 0.019886363636363636
1 0.9725609756097561 0.39204545454545453 0.011585365853658536 0.016639610389610388
1 0.22591463414634147 0.619724025974026 0.01097560975609756 0.016233766233766232
1 0.8457317073170731 0.27719155844155846 0.013109756097560975 0.01461038961038961
1 0.4975609756097561 0.9598214285714286 0.010670731707317074 0.016639610389610388
1 0.3231707317073171 0.7146915584415584 0.010060975609756098 0.013392857142857142
1 0.37926829268292683 0.2674512987012987 0.013414634146341463 0.015827922077922076
1 0.4201219512195122 0.03814935064935065 0.015853658536585366 0.019074675324675324
1 0.561280487804878 0.041396103896103896 0.014634146341463415 0.020292207792207792
1 0.8981707317073171 0.46834415584415584 0.011585365853658536 0.012581168831168832
1 0.28353658536585363 0.5267857142857143 0.00975609756097561 0.010957792207792208
1 0.9432926829268292 0.9979707792207793 0.0125 0.012987012987012988
1 0.1024390243902439 0.682224025974026 0.010060975609756098 0.015422077922077922
1 0.6957317073170731 0.8664772727272727 0.010670731707317074 0.010957792207792208
1 0.7661585365853658 0.32386363636363635 0.011585365853658536 0.019074675324675324
1 0.6536585365853659 0.8238636363636364 0.011585365853658536 0.01461038961038961
1 0.6567073170731708 0.2885551948051948 0.015548780487804878 0.021915584415584416
1 0.02195121951219512 0.9695616883116883 0.012195121951219513 0.012581168831168832
1 0.21280487804878048 0.992288961038961 0.011890243902439025 0.0174512987012987
1 0.21615853658536585 0.34618506493506496 0.011280487804878048 0.011363636363636364
1 0.8286585365853658 0.9025974025974026 0.010670731707317074 0.01176948051948052
1 0.9625 0.5093344155844156 0.011280487804878048 0.015827922077922076
1 0.8347560975609756 0.5864448051948052 0.01097560975609756 0.012987012987012988
1 0.7722560975609756 0.3900162337662338 0.012804878048780487 0.019074675324675324
1 0.8954268292682926 0.4849837662337662 0.008231707317073171 0.007711038961038961
1 0.18292682926829268 0.6002435064935064 0.01524390243902439 0.020698051948051948
1 0.7588414634146341 0.37012987012987014 0.013719512195121951 0.01948051948051948
1 0.6689024390243903 0.11363636363636363 0.013109756097560975 0.018668831168831168
1 0.7286585365853658 0.06412337662337662 0.00975609756097561 0.009334415584415584
1 0.31402439024390244 0.9456168831168831 0.0125 0.019886363636363636
1 0.3332317073170732 0.7617694805194806 0.010670731707317074 0.011363636363636364
1 0.2679878048780488 0.6879058441558441 0.010060975609756098 0.01176948051948052
1 0.44634146341463415 0.5803571428571429 0.01402439024390244 0.02150974025974026
1 0.5591463414634147 0.7564935064935064 0.012804878048780487 0.019074675324675324
1 0.8435975609756098 0.6732954545454546 0.011280487804878048 0.018668831168831168
1 0.4054878048780488 0.18709415584415584 0.010060975609756098 0.012987012987012988
1 0.4164634146341463 0.13392857142857142 0.00975609756097561 0.01176948051948052
1 0.025914634146341462 0.31858766233766234 0.014329268292682927 0.018262987012987012
1 0.5734756097560976 0.9237012987012987 0.010670731707317074 0.011363636363636364
1 0.36341463414634145 0.6789772727272727 0.010365853658536586 0.016233766233766232
1 0.7429878048780488 0.0864448051948052 0.011280487804878048 0.017857142857142856
1 0.9207317073170732 0.05154220779220779 0.014634146341463415 0.020698051948051948
1 0.9054878048780488 0.23660714285714285 0.018292682926829267 0.026379870129870128
1 0.2198170731707317 0.7195616883116883 0.013109756097560975 0.014204545454545454
1 0.03536585365853658 0.16964285714285715 0.011890243902439025 0.018668831168831168
1 0.348780487804878 0.1578733766233766 0.009146341463414634 0.012175324675324676
1 0.7149390243902439 0.3364448051948052 0.010365853658536586 0.0174512987012987
1 0.3207317073170732 0.833198051948052 0.014634146341463415 0.02150974025974026
1 0.44085365853658537 0.8161525974025974 0.014939024390243902 0.020698051948051948
1 0.7344512195121952 0.12540584415584416 0.0125 0.01461038961038961
1 0.3332317073170732 0.7905844155844156 0.012804878048780487 0.0174512987012987
1 0.5310975609756098 0.255275974025974 0.012195121951219513 0.014204545454545454
1 0.8362804878048781 0.3721590909090909 0.013414634146341463 0.01948051948051948
1 0.7676829268292683 0.7828733766233766 0.013414634146341463 0.019886363636363636
1 0.12652439024390244 0.6148538961038961 0.012195121951219513 0.01948051948051948
1 0.8682926829268293 0.28530844155844154 0.010060975609756098 0.013798701298701298
1 0.5298780487804878 0.14285714285714285 0.013719512195121951 0.0174512987012987
1 0.33719512195121953 0.575487012987013 0.01798780487804878 0.019886363636363636
1 0.8609756097560975 0.6753246753246753 0.011890243902439025 0.014204545454545454
1 0.12134146341463414 0.992288961038961 0.014939024390243902 0.019074675324675324
1 0.7478658536585366 0.7236201298701299 0.011890243902439025 0.014204545454545454
1 0.03536585365853658 0.551948051948052 0.011585365853658536 0.016639610389610388
1 0.7725609756097561 0.2418831168831169 0.012804878048780487 0.0174512987012987
1 0.016158536585365854 0.16761363636363635 0.008841463414634146 0.010146103896103896
