0 0.886280487804878 0.7244318181818182 0.008841463414634146 0.012581168831168832
0 0.31371951219512195 0.020698051948051948 0.01524390243902439 0.018262987012987012
0 0.5307926829268292 0.6968344155844156 0.00975609756097561 0.011363636363636364
0 0.698780487804878 0.560064935064935 0.013414634146341463 0.018668831168831168
0 0.6490853658536585 0.43262987012987014 0.01676829268292683 0.02353896103896104
0 0.13475609756097562 0.22646103896103897 0.013109756097560975 0.019074675324675324
0 0.6225609756097561 0.07021103896103896 0.01402439024390244 0.017857142857142856
0 0.30396341463414633 0.39935064935064934 0.010365853658536586 0.015827922077922076
0 0.963719512195122 0.4586038961038961 0.011890243902439025 0.012581168831168832
0 0.8689024390243902 0.7755681818181818 0.019817073170731708 0.024350649350649352
0 0.7966463414634146 0.382711038961039 0.01707317073170732 0.026379870129870128
0 0.10060975609756098 0.7775974025974026 0.010670731707317074 0.010551948051948052
0 0.33658536585365856 0.032873376623376624 0.013719512195121951 0.020292207792207792
0 0.3155487804878049 0.06168831168831169 0.010670731707317074 0.015422077922077922
0 0.7905487804878049 0.12946428571428573 0.012804878048780487 0.015016233766233766
0 0.18109756097560975 0.6777597402597403 0.013719512195121951 0.016639610389610388
0 0.4070121951219512 0.4788961038961039 0.010365853658536586 0.016639610389610388
0 0.37591463414634146 0.9549512987012987 0.01707317073170732 0.022321428571428572
0 0.10335365853658536 0.03977272727272727 0.010060975609756098 0.00974025974025974
0 0.9259146341463415 0.5044642857142857 0.010060975609756098 0.00974025974025974
0 0.411280487804878 0.11688311688311688 0.01097560975609756 0.017857142857142856
0 0.8503048780487805 0.24147727272727273 0.014634146341463415 0.023133116883116884
0 0.7076219512195122 0.8129058441558441 0.01768292682926829 0.024756493506493508
0 0.7439024390243902 0.13555194805194806 0.009146341463414634 0.013392857142857142
0 0.5286585365853659 0.028409090909090908 0.015853658536585366 0.02150974025974026
0 0.0475609756097561 0.14366883116883117 0.010365853658536586 0.017045454545454544
0 0.02774390243902439 0.1810064935064935 0.010365853658536586 0.016639610389610388
0 0.4192073170731707 0.2573051948051948 0.014634146341463415 0.018668831168831168
0 0.9375 0.08400974025974026 0.013719512195121951 0.019886363636363636
0 0.8149390243902439 0.3737824675324675 0.00853658536585366 0.012581168831168832
0 0.12835365853658537 0.34618506493506496 0.010060975609756098 0.016233766233766232
0 0.35 0.7017045454545454 0.011890243902439025 0.0174512987012987
0 0.7228658536585366 0.9671266233766234 0.01524390243902439 0.023944805194805196
0 0.8439024390243902 0.032873376623376624 0.013414634146341463 0.020292207792207792
0 0.9484756097560976 0.7633928571428571 0.012804878048780487 0.017045454545454544
0 0.6795731707317073 0.2650162337662338 0.011280487804878048 0.015016233766233766
0 0.43932926829268293 0.7909902597402597 0.013414634146341463 0.017857142857142856
0 0.7076219512195122 0.9468344155844156 0.011585365853658536 0.012987012987012988
0 0.7987804878048781 0.7646103896103896 0.011585365853658536 0.017857142857142856
1 0.21707317073170732 0.2203733766233766 0.013109756097560975 0.013392857142857142
1 0.35609756097560974 0.8035714285714286 0.013109756097560975 0.013798701298701298
1 0.9466463414634146 0.20819805194805194 0.011585365853658536 0.016639610389610388
1 0.43323170731707317 0.27232142857142855 0.009451219512195122 0.013392857142857142
1 0.5170731707317073 0.9715909090909091 0.011280487804878048 0.016639610389610388
1 0.16219512195121952 0.869724025974026 0.011280487804878048 0.012581168831168832
1 0.05914634146341463 0.30113636363636365 0.010060975609756098 0.016639610389610388
1 0.27134146341463417 0.9172077922077922 0.012804878048780487 0.017045454545454544
1 0.7451219512195122 0.15503246753246752 0.011585365853658536 0.015016233766233766
1 0.10823170731707317 0.8668831168831169 0.011280487804878048 0.015827922077922076
1 0.3051829268292683 0.46875 0.013414634146341463 0.020698051948051948
1 0.3384146341463415 0.1452922077922078 0.016463414634146342 0.023944805194805196
1 0.37164634146341463 0.45089285714285715 0.012804878048780487 0.018262987012987012
1 0.34512195121951217 0.39813311688311687 0.011585365853658536 0.014204545454545454
1 0.6908536585365853 0.43262987012987014 0.01524390243902439 0.020698051948051948
1 0.8365853658536585 0.7146915584415584 0.00975609756097561 0.015827922077922076
1 0.3853658536585366 0.7491883116883117 0.015853658536585366 0.020292207792207792
1 0.45975609756097563 0.2857142857142857 0.012195121951219513 0.019886363636363636
1 0.1798780487804878 0.9821428571428571 0.011585365853658536 0.012987012987012988
1 0.5210365853658536 0.2252435064935065 0.010365853658536586 0.012987012987012988
1 0.6359756097560976 0.9253246753246753 0.013109756097560975 0.021103896103896104
1 0.08963414634146341 0.570211038961039 0.016463414634146342 0.018668831168831168
1 0.9746951219512195 0.6473214285714286 0.014634146341463415 0.021103896103896104
1 0.29085365853658535 0.28165584415584416 0.00975609756097561 0.016233766233766232
1 0.850609756097561 0.9135551948051948 0.013414634146341463 0.016233766233766232
1 0.7054878048780487 0.8246753246753247 0.014939024390243902 0.0174512987012987
1 0.9945121951219512 0.734172077922078 0.012195121951219513 0.019886363636363636
1 0.5606707317073171 0.5020292207792207 0.010365853658536586 0.015016233766233766
1 0.6564024390243902 0.3823051948051948 0.0125 0.017045454545454544
1 0.14268292682926828 0.8206168831168831 0.01402439024390244 0.021103896103896104
1 0.6378048780487805 0.12621753246753248 0.013719512195121951 0.018668831168831168
1 0.9103658536585366 0.036931818181818184 0.008841463414634146 0.00974025974025974
1 0.7039634146341464 0.9857954545454546 0.014329268292682927 0.022321428571428572
1 0.31341463414634146 0.913961038961039 0.011280487804878048 0.012581168831168832
1 0.8875 0.09050324675324675 0.015548780487804878 0.02150974025974026
1 0.19847560975609757 0.17857142857142858 0.01402439024390244 0.016233766233766232
1 0.8939024390243903 0.7053571428571429 0.012804878048780487 0.019074675324675324
1 0.8713414634146341 0.7349837662337663 0.01402439024390244 0.022321428571428572
1 0.8682926829268293 0.46712662337662336 0.012195121951219513 0.018668831168831168
1 0.5756097560975609 0.43993506493506496 0.011280487804878048 0.012987012987012988
1 0.2896341463414634 0.9537337662337663 0.013414634146341463 0.016233766233766232
1 0.5960365853658537 0.979301948051948 0.010060975609756098 0.010551948051948052
1 0.14542682926829267 0.3116883116883117 0.013109756097560975 0.021103896103896104
1 0.18689024390243902 0.32832792207792205 0.011280487804878048 0.012987012987012988
1 0.3679878048780488 0.5974025974025974 0.00975609756097561 0.012175324675324676
1 0.4143292682926829 0.28733766233766234 0.01097560975609756 0.013798701298701298
1 0.33902439024390246 0.3051948051948052 0.009146341463414634 0.00974025974025974
1 0.26432926829268294 0.07548701298701299 0.011280487804878048 0.017045454545454544
1 0.875 0.5823863636363636 0.010365853658536586 0.012175324675324676
1 0.3182926829268293 0.5665584415584416 0.009451219512195122 0.014204545454545454
1 0.39695121951219514 0.796672077922078 0.010670731707317074 0.010957792207792208
1 0.3923780487804878 0.21753246753246752 0.010365853658536586 0.0174512987012987
1 0.2942073170731707 0.5706168831168831 0.014634146341463415 0.019886363636363636
1 0.973170731707317 0.45738636363636365 0.011890243902439025 0.015422077922077922
1 0.6503048780487805 0.08319805194805195 0.01524390243902439 0.016639610389610388
1 0.6039634146341464 0.935064935064935 0.01707317073170732 0.022727272727272728
1 0.9667682926829269 0.09821428571428571 0.011890243902439025 0.015827922077922076
1 0.823780487804878 0.9878246753246753 0.010365853658536586 0.011363636363636364
1 0.7192073170731708 0.8652597402597403 0.009451219512195122 0.016233766233766232
1 0.5509146341463415 0.578327922077922 0.013414634146341463 0.01948051948051948
1 0.675609756097561 0.6846590909090909 0.01097560975609756 0.016233766233766232
1 0.7911585365853658 0.976461038961039 0.014329268292682927 0.022727272727272728
1 0.7161585365853659 0.19602272727272727 0.010365853658536586 0.00974025974025974
1 0.9265243902439024 0.3599837662337662 0.019817073170731708 0.022321428571428572
1 0.5670731707317073 0.42045454545454547 0.010365853658536586 0.010957792207792208
1 0.03170731707317073 0.6525974025974026 0.01402439024390244 0.018668831168831168
1 0.03170731707317073 0.5048701298701299 0.011585365853658536 0.01461038961038961
1 0.3652439024390244 0.3628246753246753 0.008231707317073171 0.013798701298701298
1 0.1329268292682927 0.30438311688311687 0.009451219512195122 0.01176948051948052
1 0.8076219512195122 0.4679383116883117 0.012195121951219513 0.013392857142857142
1 0.5905487804878049 0.5361201298701299 0.014329268292682927 0.021915584415584416
1 0.8457317073170731 0.32589285714285715 0.011585365853658536 0.012175324675324676
1 0.09634146341463415 0.671672077922078 0.01402439024390244 0.019074675324675324
1 0.9597560975609756 0.17857142857142858 0.014634146341463415 0.019886363636363636
1 0.725 0.6071428571428571 0.011890243902439025 0.018262987012987012
1 0.7515243902439024 0.09699675324675325 0.0125 0.015827922077922076
1 0.18871951219512195 0.984172077922078 0.012195121951219513 0.012175324675324676
1 0.20365853658536584 0.9695616883116883 0.012195121951219513 0.01461038961038961
1 0.4628048780487805 0.9521103896103896 0.009146341463414634 0.012987012987012988
1 0.8731707317073171 0.2564935064935065 0.00975609756097561 0.013392857142857142
1 0.561280487804878 0.6132305194805194 0.013719512195121951 0.015422077922077922
1 0.4847560975609756 0.9285714285714286 0.018292682926829267 0.020698051948051948
1 0.6161585365853659 0.3112824675324675 0.009451219512195122 0.012987012987012988
1 0.28871951219512193 0.666801948051948 0.014939024390243902 0.017857142857142856
1 0.7731707317073171 0.288961038961039 0.013719512195121951 0.020292207792207792
1 0.24176829268292682 0.4407467532467532 0.010365853658536586 0.010551948051948052
1 0.015548780487804878 0.5531655844155844 0.010060975609756098 0.010957792207792208
1 0.9920731707317073 0.3409090909090909 0.011585365853658536 0.015827922077922076
1 0.4475609756097561 0.3900162337662338 0.012195121951219513 0.019074675324675324
1 0.26432926829268294 0.13108766233766234 0.013109756097560975 0.013798701298701298
1 0.573780487804878 0.07589285714285714 0.012195121951219513 0.014204545454545454
1 0.4027439024390244 0.3226461038961039 0.011280487804878048 0.015016233766233766
1 0.26371951219512196 0.869724025974026 0.012195121951219513 0.01461038961038961
1 0.5795731707317073 0.921672077922078 0.011585365853658536 0.01176948051948052
1 0.9685975609756098 0.29667207792207795 0.013109756097560975 0.014204545454545454
