0 0.3097560975609756 0.588474025974026 0.01676829268292683 0.02353896103896104
0 0.11859756097560975 0.7069805194805194 0.008841463414634146 0.008928571428571428
0 0.8795731707317073 0.560064935064935 0.01676829268292683 0.022321428571428572
0 0.44115853658536586 0.7873376623376623 0.012804878048780487 0.018262987012987012
0 0.5503048780487805 0.21956168831168832 0.014939024390243902 0.015827922077922076
0 0.7018292682926829 0.8794642857142857 0.0125 0.016639610389610388
0 0.6689024390243903 0.875 0.009146341463414634 0.013392857142857142
0 0.9210365853658536 0.4074675324675325 0.01097560975609756 0.0174512987012987
0 0.9646341463414634 0.2780032467532468 0.009451219512195122 0.012581168831168832
0 0.12195121951219512 0.09212662337662338 0.009451219512195122 0.016233766233766232
0 0.286890243902439 0.6789772727272727 0.010670731707317074 0.012175324675324676
0 0.27195121951219514 0.8835227272727273 0.010670731707317074 0.016639610389610388
0 0.5411585365853658 0.9289772727272727 0.010365853658536586 0.017045454545454544
0 0.08170731707317073 0.4439935064935065 0.011585365853658536 0.013392857142857142
0 0.6823170731707318 0.9760551948051948 0.018292682926829267 0.024350649350649352
0 0.6338414634146341 0.8392857142857143 0.013719512195121951 0.016639610389610388
0 0.06067073170731707 0.17532467532467533 0.015548780487804878 0.021915584415584416
0 0.7935975609756097 0.6972402597402597 0.013109756097560975 0.020292207792207792
0 0.738719512195122 0.16842532467532467 0.011585365853658536 0.017045454545454544
0 0.38414634146341464 0.9829545454545454 0.013719512195121951 0.021915584415584416
0 0.09268292682926829 0.3494318181818182 0.013719512195121951 0.016233766233766232
0 0.05518292682926829 0.5535714285714286 0.009146341463414634 0.00974025974025974
0 0.6109756097560975 0.5186688311688312 0.018597560975609755 0.026785714285714284
0 0.7685975609756097 0.6781655844155844 0.0125 0.012987012987012988
0 0.12408536585365854 0.5556006493506493 0.0125 0.013798701298701298
0 0.5847560975609756 0.9801136363636364 0.0125 0.015422077922077922
0 0.9557926829268293 0.3835227272727273 0.012195121951219513 0.012987012987012988
0 0.3701219512195122 0.10267857142857142 0.011280487804878048 0.013392857142857142
0 0.32682926829268294 0.1956168831168831 0.01676829268292683 0.021103896103896104
0 0.5457317073170732 0.24025974025974026 0.008841463414634146 0.015422077922077922
0 0.6073170731707317 0.627435064935065 0.013719512195121951 0.015422077922077922
0 0.5265243902439024 0.3510551948051948 0.010060975609756098 0.012987012987012988
0 0.725609756097561 0.48538961038961037 0.013109756097560975 0.014204545454545454
0 0.9121951219512195 0.9967532467532467 0.013109756097560975 0.013798701298701298
0 0.1405487804878049 0.18547077922077923 0.014329268292682927 0.018668831168831168
0 0.12286585365853658 0.2739448051948052 0.01524390243902439 0.018668831168831168
0 0.13963414634146343 0.47564935064935066 0.010670731707317074 0.012175324675324676
0 0.5167682926829268 0.5300324675324676 0.010365853658536586 0.014204545454545454
0 0.10914634146341463 0.35917207792207795 0.012804878048780487 0.017857142857142856
0 0.7646341463414634 0.8928571428571429 0.01097560975609756 0.010551948051948052
0 0.41524390243902437 0.06534090909090909 0.012804878048780487 0.018262987012987012
0 0.8551829268292683 0.40625 0.012804878048780487 0.016233766233766232
0 0.13048780487804879 0.37256493506493504 0.016158536585365854 0.022321428571428572
0 0.9253048780487805 0.3364448051948052 0.010060975609756098 0.009334415584415584
0 0.7954268292682927 0.08928571428571429 0.013109756097560975 0.015827922077922076
0 0.38414634146341464 0.2820616883116883 0.01097560975609756 0.015016233766233766
0 0.47774390243902437 0.658685064935065 0.013719512195121951 0.017857142857142856
0 0.988719512195122 0.33319805194805197 0.014329268292682927 0.019074675324675324
0 0.6823170731707318 0.05073051948051948 0.010060975609756098 0.01461038961038961
0 0.6786585365853659 0.20089285714285715 0.010365853658536586 0.015016233766233766
0 0.5314024390243902 0.05560064935064935 0.013719512195121951 0.02150974025974026
0 0.21707317073170732 0.5 0.01097560975609756 0.015827922077922076
0 0.23140243902439026 0.6550324675324676 0.011280487804878048 0.0174512987012987
0 0.7960365853658536 0.27313311688311687 0.013414634146341463 0.019074675324675324
0 0.11463414634146342 0.8498376623376623 0.010670731707317074 0.016233766233766232
0 0.15152439024390243 0.640422077922078 0.010060975609756098 0.011363636363636364
0 0.6551829268292683 0.030844155844155844 0.013414634146341463 0.0174512987012987
0 0.18689024390243902 0.12012987012987013 0.012804878048780487 0.019886363636363636
0 0.7847560975609756 0.5085227272727273 0.0125 0.017857142857142856
0 0.8045731707317073 0.36079545454545453 0.012804878048780487 0.013392857142857142
0 0.15182926829268292 0.5925324675324676 0.015548780487804878 0.02150974025974026
0 0.5640243902439024 0.49959415584415584 0.010060975609756098 0.015422077922077922
1 0.9286585365853659 0.6501623376623377 0.013109756097560975 0.015016233766233766
1 0.1655487804878049 0.4882305194805195 0.014939024390243902 0.023133116883116884
1 0.3948170731707317 0.400974025974026 0.01707317073170732 0.023944805194805196
1 0.3594512195121951 0.8656655844155844 0.011585365853658536 0.015422077922077922
1 0.22347560975609757 0.7491883116883117 0.011890243902439025 0.012581168831168832
1 0.6323170731707317 0.5137987012987013 0.0125 0.017045454545454544
1 0.18353658536585366 0.7138798701298701 0.00853658536585366 0.007711038961038961
1 0.42134146341463413 0.42288961038961037 0.013719512195121951 0.015827922077922076
1 0.26951219512195124 0.3198051948051948 0.009146341463414634 0.012175324675324676
1 0.17103658536585367 0.788961038961039 0.013109756097560975 0.020292207792207792
1 0.18902439024390244 0.2727272727272727 0.013109756097560975 0.01948051948051948
1 0.7576219512195121 0.8498376623376623 0.009451219512195122 0.010551948051948052
1 0.26646341463414636 0.583198051948052 0.015548780487804878 0.016639610389610388
1 0.7527439024390243 0.34618506493506496 0.0125 0.016233766233766232
1 0.4054878048780488 0.801948051948052 0.011890243902439025 0.012581168831168832
1 0.013719512195121951 0.5543831168831169 0.011890243902439025 0.019074675324675324
1 0.6003048780487805 0.9013798701298701 0.016158536585365854 0.023133116883116884
1 0.7960365853658536 0.04991883116883117 0.016463414634146342 0.020698051948051948
1 0.018292682926829267 0.39042207792207795 0.011890243902439025 0.01461038961038961
1 0.1600609756097561 0.7613636363636364 0.013719512195121951 0.021103896103896104
1 0.250609756097561 0.026785714285714284 0.013719512195121951 0.017045454545454544
1 0.2176829268292683 0.42613636363636365 0.011890243902439025 0.01461038961038961
1 0.3777439024390244 0.8080357142857143 0.012195121951219513 0.012175324675324676
1 0.3100609756097561 0.8039772727272727 0.011585365853658536 0.012175324675324676
1 0.4878048780487805 0.5430194805194806 0.010670731707317074 0.01176948051948052
1 0.6548780487804878 0.507711038961039 0.014939024390243902 0.019074675324675324
1 0.09207317073170732 0.6676136363636364 0.014329268292682927 0.02150974025974026
1 0.5871951219512195 0.5945616883116883 0.0125 0.013798701298701298
1 0.5301829268292683 0.5064935064935064 0.010365853658536586 0.016233766233766232
