0 0.8512195121951219 0.3104707792207792 0.011585365853658536 0.011363636363636364
0 0.06646341463414634 0.6505681818181818 0.011585365853658536 0.016639610389610388
0 0.8881097560975609 0.7560876623376623 0.0125 0.015422077922077922
0 0.6859756097560976 0.992288961038961 0.0125 0.018668831168831168
0 0.9204268292682927 0.6968344155844156 0.01097560975609756 0.01176948051948052
0 0.3704268292682927 0.04707792207792208 0.012195121951219513 0.013798701298701298
0 0.6682926829268293 0.2069805194805195 0.00853658536585366 0.010957792207792208
0 0.2820121951219512 0.8007305194805194 0.013414634146341463 0.013798701298701298
0 0.6460365853658536 0.9030032467532467 0.010365853658536586 0.0174512987012987
0 0.7201219512195122 0.2528409090909091 0.010670731707317074 0.015422077922077922
0 0.15091463414634146 0.5405844155844156 0.013109756097560975 0.01948051948051948
1 0.7125 0.859172077922078 0.011890243902439025 0.016233766233766232
1 0.3448170731707317 0.8076298701298701 0.011890243902439025 0.013392857142857142
1 0.021646341463414633 0.24756493506493507 0.015548780487804878 0.0174512987012987
1 0.45457317073170733 0.6826298701298701 0.011585365853658536 0.014204545454545454
1 0.2917682926829268 0.6002435064935064 0.014329268292682927 0.016233766233766232
1 0.26615853658536587 0.025162337662337664 0.008231707317073171 0.011363636363636364
1 0.7664634146341464 0.34618506493506496 0.00975609756097561 0.010551948051948052
1 0.03902439024390244 0.6075487012987013 0.011890243902439025 0.012987012987012988
1 0.32621951219512196 0.9695616883116883 0.015548780487804878 0.023133116883116884
1 0.1024390243902439 0.7329545454545454 0.015853658536585366 0.02353896103896104
1 0.044817073170731705 0.3425324675324675 0.015548780487804878 0.018668831168831168
1 0.11859756097560975 0.42857142857142855 0.009451219512195122 0.016233766233766232
1 0.3856707317073171 0.3965097402597403 0.017378048780487806 0.023133116883116884
1 0.836890243902439 0.645698051948052 0.015548780487804878 0.021915584415584416
1 0.4189024390243902 0.40665584415584416 0.015548780487804878 0.022727272727272728
1 0.4027439024390244 0.24675324675324675 0.01707317073170732 0.022321428571428572
1 0.4298780487804878 0.7905844155844156 0.014939024390243902 0.022321428571428572
1 0.3670731707317073 0.08198051948051949 0.014634146341463415 0.01948051948051948
1 0.8121951219512196 0.3762175324675325 0.012195121951219513 0.013798701298701298
1 0.17134146341463416 0.9655032467532467 0.016158536585365854 0.018262987012987012
1 0.825 0.3729707792207792 0.014329268292682927 0.018668831168831168
1 0.6859756097560976 0.3737824675324675 0.013414634146341463 0.015827922077922076
1 0.30396341463414633 0.26136363636363635 0.014634146341463415 0.016639610389610388
1 0.05548780487804878 0.7832792207792207 0.010365853658536586 0.0174512987012987
1 0.1329268292682927 0.08887987012987013 0.011890243902439025 0.016639610389610388
1 0.22195121951219512 0.5698051948051948 0.014939024390243902 0.017045454545454544
