0 0.04878048780487805 0.31655844155844154 0.014939024390243902 0.020292207792207792
0 0.5350609756097561 0.16193181818181818 0.012804878048780487 0.020292207792207792
0 0.01402439024390244 0.41883116883116883 0.009451219512195122 0.011363636363636364
0 0.5762195121951219 0.10917207792207792 0.013414634146341463 0.01461038961038961
0 0.35792682926829267 0.9127435064935064 0.010060975609756098 0.016639610389610388
0 0.3176829268292683 0.773538961038961 0.0125 0.018262987012987012
0 0.15579268292682927 0.3652597402597403 0.012195121951219513 0.012175324675324676
0 0.6121951219512195 0.24594155844155843 0.012195121951219513 0.014204545454545454
0 0.8280487804878048 0.6643668831168831 0.01097560975609756 0.01461038961038961
0 0.07865853658536585 0.12012987012987013 0.01097560975609756 0.017857142857142856
0 0.1704268292682927 0.648538961038961 0.014329268292682927 0.021103896103896104
0 0.5265243902439024 0.7999188311688312 0.011280487804878048 0.01176948051948052
0 0.15182926829268292 0.021915584415584416 0.013414634146341463 0.016233766233766232
0 0.37164634146341463 0.6663961038961039 0.016463414634146342 0.020292207792207792
0 0.15304878048780488 0.2775974025974026 0.008841463414634146 0.012581168831168832
0 0.1420731707317073 0.4577922077922078 0.010365853658536586 0.017045454545454544
0 0.9801829268292683 0.9967532467532467 0.01402439024390244 0.021915584415584416
0 0.39908536585365856 0.13108766233766234 0.011585365853658536 0.013392857142857142
0 0.7515243902439024 0.12540584415584416 0.011585365853658536 0.018668831168831168
0 0.885670731707317 0.07548701298701299 0.0125 0.015422077922077922
0 0.6170731707317073 0.26582792207792205 0.008231707317073171 0.010146103896103896
0 0.6283536585365853 0.023133116883116884 0.014939024390243902 0.021915584415584416
0 0.4548780487804878 0.7244318181818182 0.011890243902439025 0.01948051948051948
0 0.04908536585365854 0.21428571428571427 0.011585365853658536 0.015422077922077922
0 0.5615853658536586 0.5669642857142857 0.010365853658536586 0.013798701298701298
0 0.47774390243902437 0.23660714285714285 0.01524390243902439 0.018668831168831168
0 0.38871951219512196 0.21469155844155843 0.012804878048780487 0.017857142857142856
0 0.3070121951219512 0.4338474025974026 0.010060975609756098 0.016639610389610388
0 0.886890243902439 0.46875 0.008231707317073171 0.006899350649350649
0 0.9283536585365854 0.7272727272727273 0.01097560975609756 0.015422077922077922
0 0.09603658536585366 0.5275974025974026 0.012195121951219513 0.018668831168831168
0 0.963719512195122 0.7800324675324676 0.014329268292682927 0.016639610389610388
0 0.7588414634146341 0.08482142857142858 0.01920731707317073 0.02922077922077922
0 0.3079268292682927 0.20332792207792208 0.01798780487804878 0.024756493506493508
0 0.034451219512195125 0.04626623376623377 0.013109756097560975 0.0174512987012987
0 0.6829268292682927 0.21672077922077923 0.013719512195121951 0.016233766233766232
0 0.9518292682926829 0.48214285714285715 0.015853658536585366 0.019886363636363636
0 0.9204268292682927 0.022321428571428572 0.011280487804878048 0.017045454545454544
0 0.9701219512195122 0.429788961038961 0.010670731707317074 0.012175324675324676
0 0.9847560975609756 0.796672077922078 0.011585365853658536 0.016639610389610388
0 0.501219512195122 0.3262987012987013 0.013414634146341463 0.019074675324675324
0 0.49054878048780487 0.661525974025974 0.013414634146341463 0.015016233766233766
0 0.036585365853658534 0.737012987012987 0.011585365853658536 0.015422077922077922
0 0.5271341463414634 0.5811688311688312 0.01402439024390244 0.021103896103896104
0 0.3926829268292683 0.6542207792207793 0.013109756097560975 0.0174512987012987
1 0.8731707317073171 0.9460227272727273 0.013109756097560975 0.0174512987012987
1 0.13567073170731708 0.8478084415584416 0.010060975609756098 0.009334415584415584
1 0.20609756097560974 0.804788961038961 0.014939024390243902 0.022321428571428572
1 0.8740853658536586 0.9188311688311688 0.012195121951219513 0.012175324675324676
1 0.10457317073170731 0.1728896103896104 0.016463414634146342 0.018262987012987012
1 0.8314024390243903 0.9358766233766234 0.015548780487804878 0.018668831168831168
1 0.600609756097561 0.026785714285714284 0.01524390243902439 0.020698051948051948
1 0.07530487804878049 0.9545454545454546 0.013719512195121951 0.018262987012987012
1 0.511890243902439 0.8823051948051948 0.0125 0.01461038961038961
1 0.6109756097560975 0.8961038961038961 0.011280487804878048 0.017857142857142856
1 0.44878048780487806 0.029626623376623376 0.009451219512195122 0.009334415584415584
1 0.5021341463414634 0.989448051948052 0.010670731707317074 0.013798701298701298
1 0.3103658536585366 0.5978084415584416 0.010365853658536586 0.011363636363636364
1 0.2399390243902439 0.5430194805194806 0.010670731707317074 0.013798701298701298
1 0.31890243902439025 0.6209415584415584 0.0125 0.020292207792207792
1 0.7890243902439025 0.037743506493506496 0.016158536585365854 0.020698051948051948
1 0.6539634146341463 0.3189935064935065 0.010365853658536586 0.01461038961038961
1 0.4051829268292683 0.4411525974025974 0.013719512195121951 0.0174512987012987
1 0.8527439024390244 0.255275974025974 0.012804878048780487 0.016233766233766232
1 0.4603658536585366 0.9797077922077922 0.01676829268292683 0.02556818181818182
1 0.7155487804878049 0.30844155844155846 0.013719512195121951 0.015422077922077922
1 0.6695121951219513 0.6907467532467533 0.009451219512195122 0.011363636363636364
1 0.0676829268292683 0.716314935064935 0.014939024390243902 0.020292207792207792
1 0.4524390243902439 0.4017857142857143 0.012195121951219513 0.014204545454545454
1 0.17652439024390243 0.5750811688311688 0.011890243902439025 0.012175324675324676
1 0.022560975609756097 0.43344155844155846 0.011585365853658536 0.01176948051948052
1 0.5487804878048781 0.9099025974025974 0.012804878048780487 0.013798701298701298
1 0.5621951219512196 0.048701298701298704 0.013719512195121951 0.021103896103896104
1 0.9185975609756097 0.3887987012987013 0.014329268292682927 0.019886363636363636
1 0.1628048780487805 0.18181818181818182 0.007926829268292683 0.00974025974025974
1 0.04603658536585366 0.9338474025974026 0.009451219512195122 0.009334415584415584
1 0.42804878048780487 0.6542207792207793 0.01798780487804878 0.020698051948051948
1 0.17256097560975608 0.705762987012987 0.015548780487804878 0.019074675324675324
1 0.42835365853658536 0.8023538961038961 0.00975609756097561 0.008928571428571428
