0 0.5740853658536585 0.6087662337662337 0.01402439024390244 0.018262987012987012
0 0.8475609756097561 0.04261363636363636 0.008231707317073171 0.012987012987012988
0 0.5658536585365853 0.48214285714285715 0.0125 0.015016233766233766
0 0.8658536585365854 0.7824675324675324 0.01097560975609756 0.016233766233766232
0 0.2173780487804878 0.25892857142857145 0.014329268292682927 0.018668831168831168
0 0.8060975609756098 0.6233766233766234 0.01676829268292683 0.018262987012987012
0 0.03871951219512195 0.604301948051948 0.013109756097560975 0.019886363636363636
0 0.5143292682926829 0.27962662337662336 0.009451219512195122 0.008522727272727272
0 0.07804878048780488 0.7905844155844156 0.0125 0.020292207792207792
0 0.6932926829268292 0.841314935064935 0.014329268292682927 0.017045454545454544
0 0.3570121951219512 0.637987012987013 0.010060975609756098 0.013798701298701298
0 0.3442073170731707 0.3222402597402597 0.016158536585365854 0.020698051948051948
0 0.42835365853658536 0.25040584415584416 0.01097560975609756 0.017857142857142856
0 0.31158536585365854 0.2849025974025974 0.011585365853658536 0.015422077922077922
0 0.38689024390243903 0.9756493506493507 0.01097560975609756 0.015016233766233766
0 0.6655487804878049 0.17857142857142858 0.012195121951219513 0.019074675324675324
0 0.45365853658536587 0.5580357142857143 0.011280487804878048 0.016233766233766232
0 0.5841463414634146 0.583198051948052 0.0125 0.018668831168831168
0 0.6487804878048781 0.6461038961038961 0.011280487804878048 0.018262987012987012
0 0.8140243902439024 0.7061688311688312 0.013109756097560975 0.020698051948051948
0 0.6292682926829268 0.3762175324675325 0.018902439024390243 0.026785714285714284
0 0.11890243902439024 0.2885551948051948 0.018292682926829267 0.022321428571428572
0 0.6289634146341463 0.5612824675324676 0.014634146341463415 0.023133116883116884
1 0.31890243902439025 0.39204545454545453 0.013414634146341463 0.015016233766233766
1 0.18201219512195121 0.21469155844155843 0.009451219512195122 0.015827922077922076
1 0.7423780487804879 0.43344155844155846 0.01707317073170732 0.022727272727272728
1 0.6405487804878048 0.3762175324675325 0.013109756097560975 0.014204545454545454
1 0.3469512195121951 0.4744318181818182 0.01097560975609756 0.017045454545454544
1 0.4326219512195122 0.38839285714285715 0.01402439024390244 0.017045454545454544
1 0.29359756097560974 0.5503246753246753 0.013109756097560975 0.016233766233766232
1 0.9847560975609756 0.976461038961039 0.012804878048780487 0.017045454545454544
1 0.8176829268292682 0.03612012987012987 0.012195121951219513 0.012581168831168832
1 0.38628048780487806 0.2086038961038961 0.014939024390243902 0.022321428571428572
1 0.5009146341463414 0.6436688311688312 0.013719512195121951 0.021103896103896104
1 0.7018292682926829 0.369724025974026 0.009451219512195122 0.008928571428571428
1 0.510060975609756 0.9545454545454546 0.00975609756097561 0.015827922077922076
1 0.1655487804878049 0.11931818181818182 0.014939024390243902 0.023133116883116884
1 0.8076219512195122 0.653814935064935 0.010670731707317074 0.012987012987012988
1 0.05945121951219512 0.6830357142857143 0.013414634146341463 0.0174512987012987
1 0.5057926829268292 0.2390422077922078 0.010670731707317074 0.017045454545454544
1 0.7414634146341463 0.7203733766233766 0.01707317073170732 0.018668831168831168
1 0.37621951219512195 0.3940746753246753 0.014329268292682927 0.019886363636363636
1 0.5042682926829268 0.1700487012987013 0.011890243902439025 0.012175324675324676
1 0.9039634146341463 0.5856331168831169 0.009146341463414634 0.014204545454545454
1 0.6542682926829269 0.9914772727272727 0.013109756097560975 0.013798701298701298
1 0.25396341463414634 0.734577922077922 0.016158536585365854 0.019886363636363636
1 0.12378048780487805 0.994724025974026 0.01798780487804878 0.027597402597402596
1 0.588109756097561 0.3705357142857143 0.011585365853658536 0.012987012987012988
1 0.6896341463414634 0.16883116883116883 0.015548780487804878 0.016639610389610388
1 0.16707317073170733 0.6132305194805194 0.011585365853658536 0.015016233766233766
1 0.09085365853658536 0.4549512987012987 0.011890243902439025 0.01461038961038961
1 0.8420731707317073 0.6387987012987013 0.009451219512195122 0.010957792207792208
1 0.7676829268292683 0.19683441558441558 0.015853658536585366 0.02353896103896104
1 0.9521341463414634 0.04301948051948052 0.011585365853658536 0.015422077922077922
1 0.4378048780487805 0.057224025974025976 0.014634146341463415 0.017045454545454544
1 0.30304878048780487 0.6424512987012987 0.014634146341463415 0.019074675324675324
1 0.5173780487804878 0.22362012987012986 0.012195121951219513 0.016233766233766232
1 0.6884146341463414 0.8896103896103896 0.0125 0.014204545454545454
1 0.5484756097560975 0.32954545454545453 0.012195121951219513 0.0174512987012987
1 0.1475609756097561 0.7528409090909091 0.018292682926829267 0.024756493506493508
1 0.9896341463414634 0.5710227272727273 0.010060975609756098 0.011363636363636364
1 0.7167682926829269 0.6241883116883117 0.007926829268292683 0.00974025974025974
1 0.11920731707317073 0.8193993506493507 0.015853658536585366 0.020292207792207792
1 0.7533536585365853 0.12743506493506493 0.010670731707317074 0.016233766233766232
1 0.3067073170731707 0.08198051948051949 0.010365853658536586 0.016233766233766232
1 0.8125 0.913961038961039 0.01920731707317073 0.027597402597402596
1 0.3929878048780488 0.08319805194805195 0.01097560975609756 0.017045454545454544
1 0.14176829268292682 0.07386363636363637 0.013719512195121951 0.01461038961038961
1 0.8515243902439025 0.275974025974026 0.01097560975609756 0.015422077922077922
1 0.12317073170731707 0.6254058441558441 0.0125 0.017857142857142856
1 0.6134146341463415 0.5896915584415584 0.0125 0.014204545454545454
1 0.08384146341463415 0.9959415584415584 0.013109756097560975 0.018668831168831168
1 0.3960365853658537 0.13433441558441558 0.00975609756097561 0.01461038961038961
1 0.24176829268292682 0.515827922077922 0.009451219512195122 0.012175324675324676
1 0.2914634146341463 0.12378246753246754 0.008841463414634146 0.008116883116883116
1 0.6039634146341464 0.8952922077922078 0.012804878048780487 0.015422077922077922
1 0.10945121951219512 0.2528409090909091 0.011890243902439025 0.012987012987012988
1 0.9875 0.6424512987012987 0.013109756097560975 0.020698051948051948
1 0.0875 0.0174512987012987 0.012195121951219513 0.017045454545454544
1 0.3146341463414634 0.26258116883116883 0.01097560975609756 0.010551948051948052
1 0.7939024390243903 0.492288961038961 0.009146341463414634 0.015827922077922076
1 0.5573170731707318 0.06534090909090909 0.013109756097560975 0.016233766233766232
1 0.7698170731707317 0.237012987012987 0.014329268292682927 0.015016233766233766
1 0.19298780487804879 0.8603896103896104 0.0125 0.018668831168831168
1 0.7551829268292682 0.7642045454545454 0.01524390243902439 0.019886363636363636
1 0.9304878048780488 0.2041396103896104 0.010670731707317074 0.01176948051948052
1 0.0676829268292683 0.3887987012987013 0.01524390243902439 0.023133116883116884
1 0.19847560975609757 0.5284090909090909 0.01097560975609756 0.016639610389610388
1 0.4798780487804878 0.13920454545454544 0.010060975609756098 0.017045454545454544
1 0.9996951219512196 0.7763798701298701 0.014634146341463415 0.016233766233766232
1 0.3923780487804878 0.4034090909090909 0.008841463414634146 0.013392857142857142
1 0.8295731707317073 0.666801948051948 0.01707317073170732 0.01948051948051948
1 0.2972560975609756 0.7938311688311688 0.00975609756097561 0.015827922077922076
