0 0.7631097560975609 0.5064935064935064 0.011890243902439025 0.013798701298701298
0 0.4246951219512195 0.7881493506493507 0.010365853658536586 0.015016233766233766
0 0.11371951219512196 0.22808441558441558 0.013109756097560975 0.017045454545454544
0 0.713109756097561 0.2930194805194805 0.01524390243902439 0.02353896103896104
0 0.07286585365853658 0.5430194805194806 0.011280487804878048 0.012987012987012988
0 0.1878048780487805 0.27962662337662336 0.011585365853658536 0.017045454545454544
0 0.6856707317073171 0.9586038961038961 0.01097560975609756 0.015016233766233766
0 0.32957317073170733 0.3693181818181818 0.013414634146341463 0.016233766233766232
0 0.5646341463414634 0.7828733766233766 0.018292682926829267 0.027597402597402596
0 0.7280487804878049 0.8064123376623377 0.012804878048780487 0.017045454545454544
0 0.05579268292682927 0.6546266233766234 0.010670731707317074 0.011363636363636364
0 0.1975609756097561 0.22443181818181818 0.01402439024390244 0.015422077922077922
0 0.7314024390243903 0.6891233766233766 0.013109756097560975 0.017045454545454544
0 0.8530487804878049 0.6294642857142857 0.012804878048780487 0.018668831168831168
0 0.4033536585365854 0.7548701298701299 0.00853658536585366 0.00974025974025974
0 0.4875 0.6282467532467533 0.013109756097560975 0.01461038961038961
0 0.7024390243902439 0.0872564935064935 0.008841463414634146 0.009334415584415584
0 0.10609756097560975 0.05397727272727273 0.014634146341463415 0.017857142857142856
0 0.09146341463414634 0.26258116883116883 0.00853658536585366 0.01461038961038961
0 0.10274390243902438 0.7520292207792207 0.011585365853658536 0.015827922077922076
0 0.5814024390243903 0.9776785714285714 0.011585365853658536 0.013798701298701298
0 0.2152439024390244 0.3051948051948052 0.013414634146341463 0.013798701298701298
0 0.9164634146341464 0.1578733766233766 0.009146341463414634 0.012987012987012988
0 0.9442073170731707 0.3112824675324675 0.009451219512195122 0.014204545454545454
0 0.5289634146341463 0.7353896103896104 0.020426829268292684 0.030844155844155844
0 0.5960365853658537 0.294237012987013 0.010060975609756098 0.015016233766233766
0 0.963719512195122 0.375 0.010670731707317074 0.012175324675324676
0 0.6408536585365854 0.10308441558441558 0.014634146341463415 0.021103896103896104
0 0.8314024390243903 0.20535714285714285 0.01768292682926829 0.019886363636363636
0 0.7295731707317074 0.24512987012987014 0.00975609756097561 0.012581168831168832
0 0.6326219512195121 0.5706168831168831 0.013719512195121951 0.021915584415584416
0 0.7960365853658536 0.3847402597402597 0.012804878048780487 0.01948051948051948
0 0.3603658536585366 0.5016233766233766 0.014329268292682927 0.018262987012987012
0 0.33658536585365856 0.2536525974025974 0.010365853658536586 0.012175324675324676
0 0.761280487804878 0.8303571428571429 0.008841463414634146 0.010551948051948052
0 0.7716463414634146 0.351461038961039 0.011280487804878048 0.0174512987012987
0 0.6210365853658537 0.5008116883116883 0.013719512195121951 0.016639610389610388
0 0.8810975609756098 0.4537337662337662 0.014634146341463415 0.018668831168831168
0 0.6359756097560976 0.34780844155844154 0.018902439024390243 0.026785714285714284
0 0.17896341463414633 0.320211038961039 0.013109756097560975 0.01948051948051948
0 0.061585365853658536 0.30438311688311687 0.010060975609756098 0.016233766233766232
0 0.04237804878048781 0.3648538961038961 0.013719512195121951 0.01948051948051948
0 0.2280487804878049 0.8465909090909091 0.014329268292682927 0.01948051948051948
0 0.9310975609756098 0.3685064935064935 0.011280487804878048 0.012987012987012988
0 0.5600609756097561 0.3969155844155844 0.01402439024390244 0.015422077922077922
0 0.09786585365853659 0.02556818181818182 0.015853658536585366 0.022727272727272728
0 0.338109756097561 0.2637987012987013 0.01402439024390244 0.018668831168831168
0 0.5216463414634146 0.6339285714285714 0.010670731707317074 0.0174512987012987
0 0.43871951219512195 0.7086038961038961 0.012195121951219513 0.018668831168831168
0 0.9192073170731707 0.4496753246753247 0.011280487804878048 0.016233766233766232
0 0.5765243902439025 0.596185064935065 0.01097560975609756 0.0174512987012987
0 0.4201219512195122 0.3092532467532468 0.009451219512195122 0.012581168831168832
0 0.8039634146341463 0.564935064935065 0.012195121951219513 0.012581168831168832
0 0.9024390243902439 0.5462662337662337 0.011890243902439025 0.01461038961038961
0 0.22682926829268293 0.5596590909090909 0.01524390243902439 0.01948051948051948
0 0.6442073170731707 0.5945616883116883 0.009146341463414634 0.010957792207792208
0 0.138109756097561 0.7532467532467533 0.010365853658536586 0.015422077922077922
0 0.1573170731707317 0.432224025974026 0.01798780487804878 0.020698051948051948
0 0.3173780487804878 0.5089285714285714 0.011585365853658536 0.01176948051948052
0 0.4396341463414634 0.637987012987013 0.013414634146341463 0.019886363636363636
0 0.9350609756097561 0.7715097402597403 0.008841463414634146 0.013392857142857142
0 0.9405487804878049 0.8388798701298701 0.011280487804878048 0.013392857142857142
0 0.7298780487804878 0.28936688311688313 0.013414634146341463 0.014204545454545454
0 0.8710365853658537 0.9650974025974026 0.010365853658536586 0.010957792207792208
0 0.09786585365853659 0.5284090909090909 0.017378048780487806 0.02556818181818182
0 0.4628048780487805 0.5596590909090909 0.01920731707317073 0.023944805194805196
0 0.8926829268292683 0.9671266233766234 0.014939024390243902 0.023133116883116884
0 0.5658536585365853 0.2520292207792208 0.008231707317073171 0.010146103896103896
0 0.1527439024390244 0.992288961038961 0.016158536585365854 0.024350649350649352
0 0.34512195121951217 0.9249188311688312 0.01097560975609756 0.017857142857142856
0 0.850609756097561 0.23457792207792208 0.012804878048780487 0.01948051948051948
0 0.3542682926829268 0.45738636363636365 0.009451219512195122 0.015016233766233766
0 0.6375 0.9659090909090909 0.010365853658536586 0.014204545454545454
0 0.5939024390243902 0.6688311688311688 0.011585365853658536 0.01461038961038961
0 0.9960365853658537 0.08522727272727272 0.011890243902439025 0.018262987012987012
0 0.10792682926829268 0.6136363636363636 0.012195121951219513 0.01461038961038961
0 0.1353658536585366 0.424512987012987 0.010060975609756098 0.013798701298701298
0 0.5792682926829268 0.6712662337662337 0.010365853658536586 0.012581168831168832
0 0.4658536585365854 0.6753246753246753 0.0125 0.018262987012987012
0 0.26951219512195124 0.32792207792207795 0.009451219512195122 0.010957792207792208
0 0.016463414634146342 0.7471590909090909 0.013109756097560975 0.018262987012987012
0 0.525609756097561 0.20900974025974026 0.01402439024390244 0.01948051948051948
0 0.7009146341463415 0.8311688311688312 0.012195121951219513 0.019074675324675324
0 0.475 0.1278409090909091 0.0125 0.015827922077922076
0 0.536280487804878 0.8323863636363636 0.00975609756097561 0.016233766233766232
0 0.6375 0.5194805194805194 0.013414634146341463 0.0174512987012987
0 0.2048780487804878 0.9598214285714286 0.013109756097560975 0.018668831168831168
0 0.42347560975609755 0.48011363636363635 0.009146341463414634 0.010146103896103896
0 0.30091463414634145 0.9094967532467533 0.013414634146341463 0.018262987012987012
0 0.5762195121951219 0.08441558441558442 0.010060975609756098 0.009334415584415584
0 0.03932926829268293 0.21469155844155843 0.00975609756097561 0.015827922077922076
0 0.045121951219512194 0.10592532467532467 0.007926829268292683 0.010551948051948052
0 0.3045731707317073 0.5685876623376623 0.013414634146341463 0.01461038961038961
0 0.8801829268292682 0.19683441558441558 0.01097560975609756 0.015016233766233766
0 0.7185975609756098 0.6976461038961039 0.010670731707317074 0.013392857142857142
0 0.21432926829268292 0.9724025974025974 0.010060975609756098 0.011363636363636364
0 0.5051829268292682 0.08887987012987013 0.011280487804878048 0.010957792207792208
1 0.29847560975609755 0.8392857142857143 0.018597560975609755 0.026785714285714284
1 0.40823170731707314 0.35064935064935066 0.017378048780487806 0.026379870129870128
1 0.6652439024390244 0.5811688311688312 0.01920731707317073 0.023944805194805196
1 0.4317073170731707 0.3510551948051948 0.010670731707317074 0.016233766233766232
1 0.4240853658536585 0.836038961038961 0.011585365853658536 0.017857142857142856
1 0.08902439024390243 0.37012987012987014 0.011280487804878048 0.018668831168831168
1 0.988719512195122 0.20170454545454544 0.00853658536585366 0.008116883116883116
1 0.663109756097561 0.09983766233766234 0.011280487804878048 0.017045454545454544
1 0.8301829268292683 0.6241883116883117 0.016463414634146342 0.021103896103896104
1 0.6033536585365854 0.8258928571428571 0.009146341463414634 0.015016233766233766
1 0.6667682926829268 0.8900162337662337 0.011585365853658536 0.014204545454545454
1 0.8942073170731707 0.6517857142857143 0.011585365853658536 0.01176948051948052
1 0.4850609756097561 0.36038961038961037 0.01524390243902439 0.01948051948051948
1 0.8326219512195122 0.43587662337662336 0.011585365853658536 0.015827922077922076
1 0.060060975609756095 0.07751623376623376 0.01097560975609756 0.016639610389610388
1 0.44908536585365855 0.49959415584415584 0.014634146341463415 0.015422077922077922
1 0.8167682926829268 0.7849025974025974 0.009451219512195122 0.008928571428571428
1 0.6082317073170732 0.26704545454545453 0.011890243902439025 0.012987012987012988
1 0.02378048780487805 0.26988636363636365 0.013719512195121951 0.018262987012987012
1 0.29085365853658535 0.22727272727272727 0.014939024390243902 0.018262987012987012
1 0.04390243902439024 0.9569805194805194 0.011585365853658536 0.012581168831168832
1 0.4661585365853659 0.04180194805194805 0.016158536585365854 0.021915584415584416
1 0.8823170731707317 0.04626623376623377 0.014329268292682927 0.016639610389610388
1 0.2496951219512195 0.5641233766233766 0.016463414634146342 0.019886363636363636
1 0.45640243902439026 0.27069805194805197 0.014634146341463415 0.019886363636363636
1 0.65 0.34618506493506496 0.014329268292682927 0.016233766233766232
1 0.061890243902439024 0.12256493506493507 0.011280487804878048 0.012175324675324676
1 0.25853658536585367 0.17167207792207792 0.012195121951219513 0.014204545454545454
1 0.8884146341463415 0.07467532467532467 0.015548780487804878 0.017045454545454544
1 0.849390243902439 0.044642857142857144 0.015853658536585366 0.0174512987012987
1 0.6003048780487805 0.125 0.011890243902439025 0.013392857142857142
1 0.16310975609756098 0.9070616883116883 0.009451219512195122 0.016233766233766232
1 0.7719512195121951 0.45008116883116883 0.010060975609756098 0.00974025974025974
1 0.43628048780487805 0.7775974025974026 0.009451219512195122 0.008522727272727272
1 0.6435975609756097 0.4155844155844156 0.010060975609756098 0.016639610389610388
1 0.14390243902439023 0.338474025974026 0.0125 0.016233766233766232
1 0.7402439024390244 0.2800324675324675 0.0125 0.015016233766233766
1 0.3621951219512195 0.8064123376623377 0.012804878048780487 0.014204545454545454
1 0.16951219512195123 0.5040584415584416 0.011890243902439025 0.014204545454545454
1 0.9820121951219513 0.8831168831168831 0.014939024390243902 0.016639610389610388
1 0.3652439024390244 0.586038961038961 0.014634146341463415 0.019886363636363636
1 0.32378048780487806 0.8806818181818182 0.01402439024390244 0.017857142857142856
1 0.225 0.08116883116883117 0.009451219512195122 0.008928571428571428
1 0.7576219512195121 0.7431006493506493 0.009451219512195122 0.015422077922077922
1 0.551829268292683 0.21631493506493507 0.015853658536585366 0.023944805194805196
1 0.9649390243902439 0.5994318181818182 0.00975609756097561 0.012987012987012988
1 0.05426829268292683 0.3924512987012987 0.011890243902439025 0.016639610389610388
1 0.11371951219512196 0.4476461038961039 0.015548780487804878 0.01948051948051948
1 0.4603658536585366 0.4094967532467532 0.011280487804878048 0.017857142857142856
