0 0.595215 0.360677 0.020508 0.026042
0 0.693848 0.371745 0.014648 0.019531
0 0.734375 0.304688 0.013672 0.020833
0 0.666992 0.314453 0.017578 0.022135
0 0.551270 0.348307 0.014648 0.024740
0 0.543457 0.273438 0.016602 0.026042
0 0.566406 0.252604 0.015625 0.020833
0 0.625977 0.251302 0.013672 0.018229
0 0.487305 0.251953 0.017578 0.019531
0 0.448242 0.143880 0.015625 0.016927
0 0.483887 0.175130 0.014648 0.022135
0 0.520996 0.175781 0.010742 0.018229
0 0.523438 0.145833 0.013672 0.015625
0 0.539062 0.049479 0.013672 0.015625
0 0.568359 0.030599 0.013672 0.022135
0 0.588867 0.065104 0.013672 0.018229
0 0.631348 0.011719 0.016602 0.018229
0 0.687500 0.038411 0.011719 0.019531
0 0.754395 0.104818 0.010742 0.022135
0 0.876465 0.296224 0.016602 0.016927
0 0.937500 0.304036 0.013672 0.016927
0 0.892090 0.082031 0.012695 0.018229
0 0.860840 0.067708 0.012695 0.020833
0 0.889160 0.097656 0.014648 0.018229
0 0.897461 0.114583 0.017578 0.023438
0 0.993164 0.043620 0.011719 0.016927
0 0.916016 0.046875 0.019531 0.020833
0 0.914062 0.028646 0.013672 0.013021
0 0.917969 0.017578 0.013672 0.016927
0 0.986816 0.213542 0.012695 0.018229
0 0.987793 0.183594 0.012695 0.018229
0 0.988770 0.199219 0.010742 0.015625
0 0.469238 0.039714 0.014648 0.016927
0 0.573730 0.460938 0.014648 0.018229
0 0.608887 0.440755 0.012695 0.022135
0 0.638672 0.412760 0.011719 0.020833
0 0.641602 0.438151 0.011719 0.019531
0 0.615723 0.470052 0.014648 0.015625
0 0.617676 0.484375 0.014648 0.013021
0 0.636719 0.516927 0.013672 0.018229
0 0.644043 0.503255 0.012695 0.019531
0 0.670410 0.550130 0.014648 0.019531
0 0.690918 0.527995 0.012695 0.019531
0 0.797852 0.588542 0.015625 0.023438
0 0.843262 0.539714 0.018555 0.019531
0 0.877930 0.488281 0.013672 0.020833
0 0.913086 0.456380 0.013672 0.022135
0 0.739746 0.625651 0.012695 0.016927
0 0.749512 0.618490 0.014648 0.015625
0 0.779785 0.699870 0.014648 0.016927
0 0.795410 0.750651 0.016602 0.019531
0 0.852051 0.717448 0.016602 0.018229
0 0.800781 0.674479 0.013672 0.015625
0 0.799805 0.662760 0.015625 0.018229
0 0.846680 0.833333 0.011719 0.020833
0 0.893555 0.806641 0.013672 0.019531
0 0.936523 0.778646 0.011719 0.018229
0 0.938477 0.805339 0.013672 0.022135
0 0.947754 0.720703 0.014648 0.019531
0 0.989746 0.753255 0.010742 0.016927
0 0.915039 0.529948 0.011719 0.013021
0 0.909180 0.913411 0.013672 0.019531
0 0.952148 0.964193 0.017578 0.022135
0 0.875488 0.973958 0.014648 0.015625
0 0.796875 0.975260 0.013672 0.020833
0 0.771484 0.847656 0.013672 0.018229
0 0.722168 0.890625 0.014648 0.018229
0 0.708008 0.806641 0.013672 0.022135
0 0.704590 0.748047 0.012695 0.016927
0 0.703613 0.729818 0.014648 0.014323
0 0.725098 0.677083 0.014648 0.018229
0 0.724609 0.690104 0.011719 0.018229
0 0.652344 0.578776 0.009766 0.019531
0 0.663086 0.585286 0.011719 0.019531
0 0.619629 0.751302 0.014648 0.015625
0 0.703125 0.917969 0.015625 0.020833
0 0.651367 0.953776 0.013672 0.019531
0 0.674316 0.955078 0.012695 0.016927
0 0.541992 0.527344 0.011719 0.018229
0 0.370605 0.075521 0.016602 0.023438
0 0.345215 0.080078 0.014648 0.016927
0 0.351562 0.161458 0.011719 0.018229
0 0.328613 0.240234 0.016602 0.019531
0 0.428711 0.311849 0.015625 0.019531
0 0.330078 0.339193 0.013672 0.014323
0 0.306152 0.356771 0.012695 0.018229
0 0.270996 0.295573 0.012695 0.015625
0 0.282715 0.295573 0.010742 0.018229
0 0.345215 0.460286 0.014648 0.019531
0 0.312500 0.543620 0.015625 0.024740
0 0.379395 0.569661 0.012695 0.019531
0 0.396484 0.675130 0.013672 0.019531
0 0.414551 0.625651 0.014648 0.022135
0 0.450195 0.610026 0.017578 0.024740
0 0.477539 0.612630 0.013672 0.016927
0 0.512207 0.646484 0.012695 0.019531
0 0.530762 0.660156 0.012695 0.015625
0 0.551758 0.641276 0.015625 0.014323
0 0.565918 0.677734 0.012695 0.016927
0 0.586914 0.710286 0.013672 0.019531
0 0.609375 0.718750 0.013672 0.026042
0 0.533203 0.733073 0.013672 0.020833
0 0.451660 0.701823 0.014648 0.018229
0 0.465820 0.750651 0.011719 0.019531
0 0.488281 0.807292 0.013672 0.020833
0 0.527832 0.910807 0.014648 0.019531
0 0.437012 0.794271 0.014648 0.018229
0 0.435059 0.776693 0.014648 0.022135
0 0.506348 0.781901 0.014648 0.016927
0 0.513184 0.768880 0.010742 0.016927
0 0.581543 0.773438 0.014648 0.015625
0 0.582520 0.789714 0.014648 0.016927
0 0.445801 0.554688 0.016602 0.023438
0 0.452637 0.534505 0.018555 0.022135
0 0.498047 0.583984 0.011719 0.016927
0 0.498535 0.568359 0.014648 0.016927
0 0.465332 0.648438 0.012695 0.015625
0 0.395996 0.909505 0.014648 0.019531
0 0.466309 0.630859 0.012695 0.014323
0 0.427246 0.919922 0.012695 0.016927
0 0.449219 0.961589 0.013672 0.016927
0 0.492676 0.969401 0.012695 0.019531
0 0.493652 0.952474 0.012695 0.019531
0 0.504883 0.963542 0.009766 0.020833
0 0.342285 0.877604 0.014648 0.020833
0 0.378906 0.955729 0.013672 0.018229
0 0.382324 0.938802 0.012695 0.015625
0 0.417480 0.693359 0.010742 0.019531
0 0.429199 0.703125 0.010742 0.018229
0 0.420410 0.715495 0.014648 0.016927
0 0.266602 0.696615 0.015625 0.020833
0 0.240723 0.743490 0.014648 0.015625
0 0.268066 0.730469 0.016602 0.020833
0 0.241699 0.768880 0.010742 0.016927
0 0.259277 0.804688 0.014648 0.020833
0 0.289062 0.779948 0.013672 0.018229
0 0.283691 0.797526 0.012695 0.014323
0 0.313477 0.722656 0.011719 0.020833
0 0.324707 0.728516 0.010742 0.019531
0 0.225586 0.514323 0.013672 0.020833
0 0.372070 0.442057 0.013672 0.019531
0 0.379883 0.455078 0.009766 0.016927
0 0.390625 0.440755 0.013672 0.022135
0 0.214355 0.613281 0.014648 0.020833
0 0.176270 0.931641 0.014648 0.019531
0 0.220215 0.975911 0.014648 0.019531
0 0.295898 0.938802 0.011719 0.015625
0 0.304688 0.951172 0.013672 0.016927
0 0.084961 0.853516 0.017578 0.019531
0 0.135254 0.925781 0.012695 0.018229
0 0.130371 0.964844 0.010742 0.015625
0 0.142578 0.964193 0.013672 0.019531
0 0.053223 0.720052 0.016602 0.026042
0 0.037109 0.774089 0.017578 0.019531
0 0.120605 0.801432 0.012695 0.014323
0 0.113770 0.631510 0.012695 0.020833
0 0.152832 0.645833 0.014648 0.018229
0 0.088379 0.659505 0.014648 0.019531
0 0.103027 0.660156 0.014648 0.023438
0 0.146484 0.779297 0.015625 0.024740
0 0.175293 0.732422 0.012695 0.019531
0 0.183105 0.743490 0.012695 0.020833
0 0.198242 0.443359 0.013672 0.019531
0 0.227539 0.472005 0.011719 0.014323
0 0.090332 0.363281 0.014648 0.013021
0 0.166504 0.397135 0.014648 0.018229
0 0.173828 0.432292 0.015625 0.015625
0 0.084473 0.461589 0.010742 0.019531
0 0.095703 0.459635 0.009766 0.013021
0 0.111328 0.469401 0.013672 0.027344
0 0.127441 0.467448 0.014648 0.018229
0 0.006348 0.488281 0.010742 0.026042
0 0.005371 0.585938 0.008789 0.023438
0 0.187500 0.701172 0.011719 0.014323
0 0.195801 0.690755 0.012695 0.014323
0 0.376953 0.359375 0.013672 0.020833
0 0.054688 0.309896 0.015625 0.023438
0 0.087402 0.311849 0.012695 0.019531
0 0.074219 0.259766 0.015625 0.019531
0 0.118652 0.240234 0.014648 0.019531
0 0.161621 0.280599 0.014648 0.016927
0 0.219727 0.227214 0.015625 0.019531
0 0.243164 0.119141 0.017578 0.022135
0 0.273926 0.182292 0.014648 0.020833
0 0.282715 0.195964 0.012695 0.019531
0 0.186035 0.209635 0.012695 0.020833
0 0.200684 0.210938 0.012695 0.020833
0 0.111816 0.136068 0.016602 0.019531
0 0.010254 0.197266 0.014648 0.019531
0 0.041016 0.037760 0.013672 0.018229
0 0.278809 0.013021 0.014648 0.018229
0 0.164551 0.106771 0.014648 0.015625
0 0.181641 0.089193 0.013672 0.016927
0 0.167480 0.163411 0.012695 0.016927
0 0.171387 0.180339 0.014648 0.016927
0 0.179688 0.166016 0.011719 0.016927
0 0.049316 0.945964 0.012695 0.014323
0 0.189941 0.975911 0.012695 0.019531
0 0.179688 0.977865 0.009766 0.018229
0 0.172363 0.985026 0.010742 0.016927
0 0.084961 0.710286 0.011719 0.011719
0 0.088867 0.725260 0.013672 0.010417
0 0.089844 0.739583 0.013672 0.013021
0 0.729492 0.021484 0.011719 0.011719
0 0.737793 0.028646 0.010742 0.013021
0 0.515137 0.110677 0.010742 0.018229
0 0.518066 0.126302 0.014648 0.013021
0 0.154785 0.006510 0.018555 0.010417
1 0.056152 0.363281 0.018555 0.020833
1 0.511230 0.457682 0.012695 0.016927
1 0.254883 0.623047 0.015625 0.016927
1 0.220215 0.487630 0.016602 0.027344
1 0.044922 0.958984 0.013672 0.011719
1 0.752930 0.745443 0.013672 0.024740
1 0.067871 0.155599 0.012695 0.019531
1 0.514160 0.423177 0.016602 0.020833
1 0.165039 0.072266 0.015625 0.016927
0 0.569824 0.982422 0.010742 0.016927
0 0.569824 0.996094 0.010742 0.007812
0 0.478516 0.994141 0.015625 0.011719
