0 0.758301 0.515625 0.026367 0.033854
0 0.762695 0.410807 0.021484 0.029948
0 0.922363 0.366536 0.018555 0.022135
0 0.945312 0.449870 0.019531 0.024740
0 0.707031 0.259766 0.023438 0.029948
0 0.737793 0.184896 0.018555 0.023438
0 0.970215 0.160156 0.024414 0.033854
0 0.978516 0.294922 0.019531 0.024740
0 0.992188 0.309896 0.013672 0.018229
0 0.953125 0.042318 0.017578 0.022135
0 0.771484 0.104167 0.017578 0.020833
0 0.779297 0.084635 0.015625 0.018229
0 0.809082 0.082682 0.018555 0.024740
0 0.810547 0.054036 0.023438 0.029948
0 0.578613 0.194661 0.022461 0.027344
0 0.404297 0.031901 0.017578 0.024740
0 0.418457 0.070964 0.018555 0.024740
0 0.349609 0.204427 0.019531 0.026042
0 0.476562 0.164062 0.021484 0.026042
0 0.466797 0.370443 0.017578 0.022135
0 0.369141 0.401042 0.021484 0.026042
0 0.395996 0.369141 0.016602 0.022135
0 0.437012 0.522135 0.016602 0.023438
0 0.370605 0.539714 0.016602 0.024740
0 0.288574 0.555339 0.020508 0.027344
0 0.118164 0.401693 0.023438 0.029948
0 0.162598 0.369792 0.020508 0.026042
0 0.240723 0.142578 0.022461 0.029948
0 0.166016 0.033854 0.015625 0.023438
0 0.103516 0.057292 0.019531 0.028646
0 0.153320 0.064453 0.015625 0.022135
0 0.012695 0.141276 0.017578 0.024740
0 0.015137 0.548177 0.016602 0.023438
0 0.025879 0.601562 0.016602 0.026042
0 0.020996 0.673828 0.022461 0.027344
0 0.560059 0.579427 0.022461 0.026042
0 0.468262 0.606771 0.020508 0.026042
0 0.373535 0.648438 0.018555 0.026042
0 0.357422 0.694661 0.019531 0.029948
0 0.373535 0.715495 0.022461 0.027344
0 0.163086 0.691406 0.017578 0.023438
0 0.216309 0.763021 0.014648 0.020833
0 0.231934 0.781901 0.016602 0.024740
0 0.584961 0.697917 0.017578 0.023438
0 0.656250 0.712240 0.025391 0.033854
0 0.899902 0.676432 0.018555 0.024740
0 0.557129 0.739583 0.020508 0.028646
0 0.582031 0.774089 0.019531 0.024740
0 0.656250 0.752604 0.019531 0.026042
0 0.783691 0.895182 0.018555 0.024740
0 0.762207 0.911458 0.020508 0.026042
0 0.822266 0.978516 0.021484 0.027344
0 0.862305 0.944661 0.015625 0.022135
0 0.986328 0.904297 0.017578 0.027344
0 0.721680 0.632161 0.015625 0.019531
0 0.573242 0.861979 0.019531 0.023438
0 0.630371 0.892578 0.020508 0.024740
0 0.547363 0.901693 0.016602 0.022135
0 0.473145 0.885417 0.022461 0.031250
0 0.414551 0.934896 0.018555 0.020833
0 0.433105 0.916016 0.020508 0.032552
0 0.933594 0.007812 0.021484 0.013021
0 0.146484 0.805339 0.021484 0.022135
0 0.038086 0.898438 0.015625 0.020833
0 0.046875 0.913411 0.017578 0.019531
0 0.038574 0.990885 0.018555 0.018229
0 0.286133 0.388672 0.009766 0.024740
1 0.085449 0.059896 0.014648 0.023438
1 0.305664 0.470703 0.021484 0.027344
1 0.449219 0.586589 0.023438 0.024740
1 0.844238 0.289714 0.016602 0.022135
1 0.850098 0.491536 0.018555 0.024740
1 0.706543 0.682943 0.022461 0.027344
1 0.857910 0.768229 0.016602 0.023438
1 0.743652 0.970052 0.014648 0.023438
1 0.971191 0.895182 0.010742 0.019531
1 0.438965 0.832031 0.016602 0.026042
1 0.242188 0.848307 0.017578 0.024740
1 0.243164 0.932292 0.017578 0.026042
1 0.278809 0.956380 0.022461 0.029948
1 0.326172 0.717448 0.013672 0.020833
1 0.135742 0.598958 0.013672 0.020833
1 0.013672 0.779297 0.017578 0.024740
1 0.273438 0.384115 0.013672 0.020833
1 0.408203 0.098958 0.013672 0.020833
1 0.011230 0.310547 0.020508 0.022135
1 0.493164 0.175781 0.011719 0.020833
0 0.133301 0.776693 0.018555 0.024740
0 0.146484 0.784505 0.015625 0.019531
