0 0.355957 0.240234 0.020508 0.024740
0 0.302734 0.254557 0.015625 0.019531
0 0.466309 0.283203 0.016602 0.022135
0 0.615723 0.382161 0.016602 0.024740
0 0.696777 0.332682 0.014648 0.019531
0 0.721191 0.338542 0.014648 0.020833
0 0.750000 0.366536 0.017578 0.024740
0 0.833008 0.398438 0.013672 0.018229
0 0.874023 0.383464 0.019531 0.027344
0 0.912109 0.371745 0.019531 0.024740
0 0.826660 0.273438 0.020508 0.026042
0 0.975098 0.385417 0.018555 0.023438
0 0.843750 0.434896 0.019531 0.023438
0 0.956543 0.454427 0.018555 0.020833
0 0.723145 0.493490 0.016602 0.020833
0 0.764160 0.525391 0.018555 0.024740
0 0.813477 0.527344 0.015625 0.020833
0 0.831055 0.489583 0.019531 0.031250
0 0.862793 0.474609 0.016602 0.019531
0 0.864258 0.453125 0.013672 0.018229
0 0.882812 0.500000 0.015625 0.020833
0 0.849609 0.531250 0.015625 0.020833
0 0.908691 0.511719 0.012695 0.020833
0 0.934570 0.522786 0.017578 0.024740
0 0.928223 0.556641 0.014648 0.019531
0 0.927734 0.587240 0.015625 0.020833
0 0.995117 0.570312 0.009766 0.023438
0 0.970703 0.619141 0.017578 0.022135
0 0.974121 0.580729 0.012695 0.018229
0 0.954102 0.646484 0.017578 0.024740
0 0.935059 0.658854 0.014648 0.018229
0 0.878906 0.638672 0.017578 0.022135
0 0.915527 0.695964 0.014648 0.022135
0 0.978027 0.742188 0.018555 0.026042
0 0.804688 0.127604 0.017578 0.023438
0 0.788574 0.190104 0.014648 0.018229
0 0.802246 0.210938 0.018555 0.023438
0 0.824219 0.214193 0.017578 0.019531
0 0.856934 0.189453 0.012695 0.019531
0 0.882324 0.205729 0.016602 0.023438
0 0.842285 0.300130 0.016602 0.019531
0 0.879395 0.273438 0.016602 0.020833
0 0.889160 0.259766 0.016602 0.022135
0 0.925781 0.095703 0.015625 0.022135
0 0.993652 0.115234 0.012695 0.022135
0 0.940918 0.011719 0.018555 0.020833
0 0.968262 0.017578 0.020508 0.027344
0 0.669922 0.019531 0.023438 0.028646
0 0.694824 0.061849 0.016602 0.022135
0 0.751953 0.085286 0.015625 0.024740
0 0.779297 0.058594 0.015625 0.020833
0 0.629395 0.046875 0.018555 0.023438
0 0.665039 0.097005 0.017578 0.024740
0 0.712891 0.142578 0.013672 0.019531
0 0.627930 0.127604 0.017578 0.023438
0 0.604492 0.119141 0.017578 0.022135
0 0.620605 0.084635 0.012695 0.018229
0 0.590820 0.074870 0.019531 0.022135
0 0.567383 0.086589 0.015625 0.024740
0 0.620117 0.007161 0.017578 0.011719
0 0.541504 0.142578 0.014648 0.016927
0 0.480957 0.111328 0.018555 0.024740
0 0.503906 0.059896 0.015625 0.020833
0 0.437500 0.168620 0.017578 0.022135
0 0.405762 0.156250 0.016602 0.023438
0 0.544434 0.240885 0.014648 0.018229
0 0.563477 0.238281 0.015625 0.020833
0 0.592285 0.203776 0.014648 0.019531
0 0.604980 0.171875 0.012695 0.018229
0 0.621094 0.212891 0.017578 0.022135
0 0.594238 0.258464 0.016602 0.022135
0 0.643066 0.269531 0.014648 0.018229
0 0.651855 0.253906 0.014648 0.015625
0 0.586426 0.363932 0.024414 0.029948
0 0.668457 0.447917 0.014648 0.020833
0 0.671875 0.473958 0.015625 0.018229
0 0.707520 0.555990 0.016602 0.018229
0 0.727539 0.534505 0.019531 0.019531
0 0.744629 0.552083 0.016602 0.023438
0 0.720703 0.572917 0.017578 0.023438
0 0.756348 0.593750 0.020508 0.026042
0 0.812012 0.550781 0.012695 0.013021
0 0.826172 0.551432 0.013672 0.016927
0 0.708008 0.632812 0.017578 0.023438
0 0.759277 0.628255 0.016602 0.022135
0 0.671387 0.654297 0.014648 0.019531
0 0.595703 0.533203 0.017578 0.022135
0 0.608398 0.473958 0.015625 0.020833
0 0.645508 0.565104 0.013672 0.020833
0 0.626953 0.687500 0.015625 0.020833
0 0.699219 0.679036 0.015625 0.022135
0 0.722656 0.689453 0.015625 0.019531
0 0.719238 0.716146 0.018555 0.023438
0 0.711914 0.743490 0.015625 0.023438
0 0.824219 0.746094 0.017578 0.018229
0 0.747070 0.757161 0.019531 0.024740
0 0.758789 0.742839 0.015625 0.019531
0 0.852051 0.809245 0.014648 0.019531
0 0.874023 0.792318 0.019531 0.024740
0 0.619141 0.863281 0.019531 0.023438
0 0.697754 0.867188 0.016602 0.020833
0 0.722168 0.893880 0.018555 0.022135
0 0.758301 0.895182 0.014648 0.019531
0 0.799805 0.908203 0.019531 0.024740
0 0.859375 0.887370 0.015625 0.019531
0 0.876465 0.904297 0.016602 0.022135
0 0.924316 0.949219 0.014648 0.023438
0 0.954102 0.945964 0.015625 0.019531
0 0.830078 0.942057 0.015625 0.022135
0 0.844727 0.930339 0.015625 0.019531
0 0.852539 0.971354 0.019531 0.023438
0 0.875977 0.975911 0.017578 0.022135
0 0.543945 0.451172 0.017578 0.024740
0 0.504883 0.541016 0.017578 0.024740
0 0.552734 0.569661 0.017578 0.024740
0 0.517090 0.714193 0.018555 0.022135
0 0.572266 0.708333 0.015625 0.018229
0 0.579590 0.731120 0.016602 0.019531
0 0.614258 0.742839 0.013672 0.016927
0 0.537109 0.763021 0.019531 0.023438
0 0.564941 0.808594 0.018555 0.023438
0 0.534180 0.844401 0.015625 0.019531
0 0.479980 0.780599 0.018555 0.022135
0 0.459961 0.807943 0.017578 0.019531
0 0.495117 0.822917 0.013672 0.018229
0 0.475586 0.886719 0.019531 0.023438
0 0.677246 0.897135 0.014648 0.018229
0 0.645020 0.886068 0.012695 0.014323
0 0.628418 0.901693 0.012695 0.019531
0 0.673340 0.969401 0.016602 0.024740
0 0.749512 0.970052 0.016602 0.020833
0 0.769043 0.986328 0.016602 0.022135
0 0.425293 0.708984 0.014648 0.022135
0 0.404785 0.680339 0.016602 0.019531
0 0.473633 0.585286 0.017578 0.022135
0 0.454590 0.547526 0.020508 0.029948
0 0.407715 0.464193 0.014648 0.019531
0 0.361328 0.548828 0.017578 0.022135
0 0.364258 0.578776 0.015625 0.019531
0 0.338867 0.589844 0.015625 0.020833
0 0.319824 0.559896 0.016602 0.026042
0 0.291016 0.591146 0.019531 0.026042
0 0.285645 0.720052 0.016602 0.020833
0 0.328613 0.750000 0.014648 0.020833
0 0.240234 0.753255 0.013672 0.022135
0 0.276367 0.807943 0.017578 0.019531
0 0.284668 0.848958 0.016602 0.023438
0 0.315918 0.871094 0.016602 0.020833
0 0.375000 0.901042 0.015625 0.020833
0 0.630859 0.969401 0.021484 0.024740
0 0.605469 0.973307 0.013672 0.019531
0 0.616211 0.991536 0.017578 0.016927
0 0.455078 0.989583 0.017578 0.020833
0 0.349121 0.946615 0.014648 0.018229
0 0.286133 0.929688 0.013672 0.020833
0 0.252441 0.839193 0.012695 0.019531
0 0.235840 0.824219 0.016602 0.020833
0 0.208008 0.851562 0.015625 0.020833
0 0.187012 0.875651 0.014648 0.019531
0 0.170898 0.906901 0.017578 0.022135
0 0.153809 0.955729 0.016602 0.026042
0 0.219238 0.925130 0.018555 0.022135
0 0.235840 0.942708 0.016602 0.026042
0 0.216797 0.968750 0.019531 0.023438
0 0.233398 0.990234 0.019531 0.019531
0 0.073730 0.860026 0.014648 0.019531
0 0.043945 0.902344 0.015625 0.020833
0 0.053711 0.927734 0.013672 0.016927
0 0.087402 0.930990 0.012695 0.015625
0 0.075684 0.988932 0.018555 0.022135
0 0.046875 0.637370 0.029297 0.040365
0 0.037598 0.709635 0.016602 0.020833
0 0.064941 0.671875 0.014648 0.018229
0 0.064941 0.726562 0.016602 0.020833
0 0.083984 0.716797 0.017578 0.024740
0 0.141113 0.675781 0.016602 0.020833
0 0.102539 0.757812 0.015625 0.023438
0 0.201660 0.585938 0.016602 0.023438
0 0.215820 0.619141 0.017578 0.022135
0 0.234863 0.648438 0.016602 0.020833
0 0.245117 0.564453 0.017578 0.024740
0 0.100098 0.530599 0.018555 0.019531
0 0.142090 0.486979 0.016602 0.020833
0 0.296875 0.481771 0.015625 0.020833
0 0.267090 0.465495 0.016602 0.019531
0 0.255371 0.375651 0.018555 0.019531
0 0.277832 0.352865 0.014648 0.023438
0 0.266602 0.442708 0.013672 0.015625
0 0.285156 0.426432 0.015625 0.022135
0 0.296875 0.309896 0.015625 0.023438
0 0.378418 0.330729 0.020508 0.026042
0 0.399414 0.318359 0.019531 0.024740
0 0.430176 0.364583 0.016602 0.020833
0 0.509766 0.390625 0.015625 0.023438
0 0.508789 0.356771 0.017578 0.018229
0 0.536621 0.372396 0.016602 0.026042
0 0.518066 0.336589 0.018555 0.024740
0 0.507324 0.298828 0.014648 0.019531
0 0.526855 0.311849 0.012695 0.019531
0 0.535645 0.277344 0.016602 0.023438
0 0.135742 0.569661 0.015625 0.019531
0 0.069336 0.455078 0.017578 0.019531
0 0.136230 0.455729 0.014648 0.018229
0 0.161133 0.439453 0.017578 0.027344
0 0.138184 0.362630 0.016602 0.024740
0 0.124512 0.320964 0.018555 0.022135
0 0.048340 0.346354 0.020508 0.026042
0 0.184082 0.330078 0.024414 0.032552
0 0.192871 0.424479 0.020508 0.023438
0 0.197266 0.456380 0.025391 0.035156
0 0.179199 0.445312 0.012695 0.018229
0 0.195312 0.366536 0.015625 0.024740
0 0.216309 0.361979 0.020508 0.023438
0 0.209961 0.283203 0.019531 0.022135
0 0.236328 0.235026 0.019531 0.027344
0 0.077637 0.309245 0.012695 0.014323
0 0.083496 0.294271 0.014648 0.018229
0 0.122070 0.256510 0.011719 0.015625
0 0.196777 0.217448 0.014648 0.020833
0 0.120605 0.217448 0.024414 0.033854
0 0.054199 0.228516 0.018555 0.022135
0 0.020020 0.190755 0.020508 0.027344
0 0.057617 0.191406 0.015625 0.018229
0 0.077637 0.169922 0.014648 0.022135
0 0.006348 0.153646 0.010742 0.026042
0 0.139160 0.138672 0.014648 0.019531
0 0.166992 0.114583 0.019531 0.026042
0 0.203613 0.111979 0.020508 0.031250
0 0.184082 0.070312 0.014648 0.023438
0 0.235840 0.057943 0.024414 0.032552
0 0.258789 0.087891 0.013672 0.019531
0 0.290527 0.156901 0.014648 0.016927
0 0.301758 0.144531 0.013672 0.018229
0 0.364258 0.130208 0.015625 0.020833
0 0.314453 0.082682 0.015625 0.022135
0 0.329102 0.042318 0.013672 0.022135
0 0.367676 0.037760 0.016602 0.020833
0 0.425781 0.027344 0.013672 0.020833
0 0.995117 0.309245 0.009766 0.024740
0 0.092285 0.056641 0.018555 0.024740
0 0.099121 0.020833 0.022461 0.026042
0 0.048340 0.021484 0.018555 0.022135
0 0.017090 0.092448 0.010742 0.023438
0 0.128418 0.072917 0.010742 0.013021
