0 0.879883 0.527995 0.029297 0.035156
0 0.809570 0.492839 0.023438 0.032552
0 0.965820 0.610677 0.023438 0.033854
0 0.935059 0.662760 0.024414 0.039062
0 0.899902 0.762370 0.022461 0.024740
0 0.915527 0.927734 0.022461 0.032552
0 0.865234 0.932292 0.021484 0.033854
0 0.783691 0.984375 0.022461 0.028646
0 0.516602 0.701172 0.035156 0.045573
0 0.522461 0.890625 0.021484 0.033854
0 0.449707 0.890625 0.026367 0.031250
0 0.215820 0.763672 0.025391 0.032552
0 0.153320 0.936198 0.025391 0.031250
0 0.043457 0.764323 0.020508 0.026042
0 0.220703 0.628906 0.025391 0.031250
0 0.368164 0.565104 0.023438 0.031250
0 0.397461 0.507812 0.023438 0.044271
0 0.421875 0.634115 0.019531 0.023438
0 0.061523 0.619792 0.023438 0.031250
0 0.026855 0.602865 0.020508 0.036458
0 0.045898 0.510417 0.021484 0.031250
0 0.526855 0.375651 0.022461 0.029948
0 0.008789 0.023438 0.015625 0.033854
0 0.348145 0.092448 0.022461 0.028646
0 0.657715 0.124349 0.022461 0.029948
0 0.797363 0.208984 0.024414 0.032552
0 0.954102 0.363281 0.019531 0.023438
0 0.989258 0.057292 0.021484 0.033854
1 0.833496 0.955078 0.020508 0.027344
1 0.865723 0.889323 0.018555 0.026042
1 0.895020 0.884115 0.026367 0.036458
1 0.953125 0.977214 0.019531 0.022135
1 0.965820 0.866536 0.019531 0.022135
1 0.802734 0.793620 0.023438 0.027344
1 0.882324 0.698568 0.024414 0.032552
1 0.864746 0.639323 0.020508 0.028646
1 0.887695 0.559245 0.021484 0.027344
1 0.800293 0.606771 0.018555 0.028646
1 0.740723 0.514323 0.020508 0.031250
1 0.864746 0.374349 0.024414 0.029948
1 0.882324 0.165365 0.024414 0.028646
1 0.838867 0.119141 0.019531 0.027344
1 0.727051 0.134766 0.018555 0.032552
1 0.729492 0.293620 0.021484 0.027344
1 0.739746 0.313151 0.014648 0.024740
1 0.658691 0.370443 0.018555 0.029948
1 0.628418 0.235677 0.018555 0.023438
1 0.648438 0.183594 0.019531 0.033854
1 0.713379 0.031250 0.016602 0.020833
1 0.685059 0.020182 0.016602 0.032552
1 0.538574 0.115234 0.022461 0.027344
1 0.553711 0.077474 0.019531 0.029948
1 0.577148 0.014323 0.017578 0.020833
1 0.485840 0.294922 0.018555 0.024740
1 0.571289 0.404948 0.017578 0.028646
1 0.485840 0.514323 0.032227 0.041667
1 0.517578 0.507812 0.015625 0.020833
1 0.578613 0.531901 0.022461 0.027344
1 0.550781 0.580729 0.017578 0.020833
1 0.583984 0.639323 0.025391 0.026042
1 0.603027 0.685547 0.022461 0.029948
1 0.657227 0.681641 0.017578 0.022135
1 0.606934 0.760417 0.016602 0.026042
1 0.657715 0.845703 0.018555 0.024740
1 0.695801 0.824219 0.020508 0.026042
1 0.546875 0.953125 0.027344 0.031250
1 0.455566 0.944661 0.020508 0.024740
1 0.480469 0.805339 0.021484 0.032552
1 0.430176 0.727865 0.016602 0.023438
1 0.419922 0.577474 0.013672 0.022135
1 0.397949 0.426432 0.020508 0.024740
1 0.358398 0.382161 0.021484 0.027344
1 0.408691 0.217448 0.026367 0.028646
1 0.340332 0.243490 0.018555 0.023438
1 0.364746 0.171224 0.016602 0.022135
1 0.311523 0.104167 0.021484 0.041667
1 0.218750 0.102865 0.021484 0.033854
1 0.135742 0.051432 0.021484 0.022135
1 0.146973 0.059896 0.018555 0.020833
1 0.141602 0.223958 0.023438 0.020833
1 0.256348 0.275391 0.020508 0.024740
1 0.230957 0.364583 0.012695 0.015625
1 0.265625 0.357422 0.023438 0.029948
1 0.191406 0.557943 0.019531 0.024740
1 0.125488 0.622396 0.018555 0.023438
1 0.116211 0.399089 0.017578 0.024740
1 0.019531 0.391927 0.019531 0.026042
1 0.018066 0.237630 0.018555 0.024740
1 0.189453 0.702474 0.017578 0.019531
1 0.249023 0.742188 0.017578 0.023438
1 0.253906 0.834635 0.017578 0.026042
1 0.287109 0.889323 0.027344 0.039062
1 0.224121 0.884766 0.016602 0.027344
1 0.083496 0.806641 0.020508 0.024740
1 0.111816 0.819010 0.020508 0.026042
1 0.106445 0.863281 0.017578 0.018229
1 0.018555 0.873047 0.019531 0.029948
1 0.007812 0.698568 0.013672 0.027344
1 0.366211 0.938802 0.017578 0.026042
1 0.348145 0.954427 0.018555 0.023438
1 0.349121 0.975260 0.016602 0.018229
1 0.922363 0.898438 0.016602 0.023438
1 0.352051 0.932943 0.012695 0.019531
