0 0.504395 0.557943 0.020508 0.027344
0 0.644531 0.636719 0.017578 0.023438
0 0.662109 0.606771 0.013672 0.020833
0 0.711426 0.652995 0.018555 0.022135
0 0.768555 0.675130 0.017578 0.024740
0 0.780273 0.653646 0.013672 0.020833
0 0.896973 0.679688 0.020508 0.028646
0 0.895020 0.578125 0.020508 0.026042
0 0.939941 0.577474 0.018555 0.022135
0 0.922852 0.542969 0.021484 0.023438
0 0.865723 0.531901 0.018555 0.022135
0 0.839355 0.495443 0.020508 0.022135
0 0.860840 0.450521 0.018555 0.023438
0 0.639160 0.403646 0.024414 0.031250
0 0.601562 0.390625 0.017578 0.023438
0 0.748047 0.376953 0.013672 0.022135
0 0.791016 0.333333 0.017578 0.020833
0 0.844727 0.294271 0.017578 0.023438
0 0.799805 0.261068 0.019531 0.022135
0 0.874023 0.245443 0.011719 0.022135
0 0.861328 0.210286 0.019531 0.024740
0 0.821777 0.214844 0.018555 0.023438
0 0.803223 0.222005 0.016602 0.022135
0 0.736328 0.289714 0.015625 0.022135
0 0.704590 0.271484 0.016602 0.022135
0 0.646973 0.257161 0.018555 0.027344
0 0.635254 0.238932 0.016602 0.022135
0 0.665039 0.104167 0.021484 0.028646
0 0.640625 0.091797 0.015625 0.019531
0 0.744141 0.015625 0.015625 0.020833
0 0.766113 0.031901 0.018555 0.024740
0 0.782227 0.122396 0.015625 0.018229
0 0.826660 0.119141 0.016602 0.019531
0 0.972656 0.057943 0.017578 0.024740
0 0.973145 0.143229 0.018555 0.026042
0 0.929688 0.371094 0.017578 0.015625
0 0.963867 0.497396 0.015625 0.023438
0 0.983887 0.499349 0.014648 0.019531
0 0.787109 0.809896 0.019531 0.028646
0 0.796387 0.785807 0.016602 0.022135
0 0.817871 0.838542 0.016602 0.023438
0 0.860352 0.867188 0.019531 0.023438
0 0.884766 0.869792 0.029297 0.041667
0 0.921875 0.888021 0.015625 0.026042
0 0.931152 0.869792 0.018555 0.023438
0 0.967285 0.784505 0.016602 0.022135
0 0.987305 0.794271 0.013672 0.020833
0 0.961426 0.826172 0.016602 0.022135
0 0.887207 0.911458 0.016602 0.020833
1 0.874512 0.905599 0.008789 0.019531
0 0.791016 0.991536 0.019531 0.016927
0 0.695801 0.929036 0.020508 0.027344
0 0.678223 0.871745 0.014648 0.019531
0 0.614746 0.799479 0.018555 0.023438
0 0.605957 0.869792 0.018555 0.028646
0 0.587891 0.887370 0.015625 0.019531
0 0.637207 0.915365 0.012695 0.018229
0 0.705078 0.492839 0.015625 0.016927
0 0.713379 0.510417 0.014648 0.018229
0 0.733398 0.514323 0.015625 0.023438
0 0.824707 0.552083 0.018555 0.020833
0 0.833984 0.534505 0.013672 0.014323
0 0.836914 0.568359 0.015625 0.016927
0 0.847168 0.548177 0.016602 0.020833
0 0.481445 0.381510 0.019531 0.023438
0 0.504883 0.333333 0.023438 0.036458
0 0.533691 0.321615 0.018555 0.026042
0 0.524902 0.242188 0.018555 0.023438
0 0.487793 0.239583 0.016602 0.020833
0 0.540039 0.136719 0.019531 0.028646
0 0.552734 0.070964 0.019531 0.024740
0 0.485840 0.100911 0.018555 0.024740
0 0.540527 0.784505 0.018555 0.024740
0 0.572266 0.800130 0.017578 0.019531
0 0.491699 0.761068 0.016602 0.019531
0 0.452148 0.844401 0.023438 0.027344
0 0.460938 0.881510 0.017578 0.023438
0 0.375977 0.887370 0.017578 0.022135
0 0.360840 0.923828 0.016602 0.019531
0 0.317871 0.960938 0.014648 0.015625
0 0.313477 0.986328 0.017578 0.022135
0 0.394531 0.750000 0.017578 0.020833
0 0.409668 0.632812 0.014648 0.020833
0 0.397949 0.546224 0.022461 0.024740
0 0.381348 0.557292 0.014648 0.018229
0 0.376465 0.578776 0.020508 0.024740
0 0.355469 0.583984 0.015625 0.019531
0 0.372559 0.694661 0.016602 0.024740
0 0.375488 0.652344 0.014648 0.020833
0 0.386230 0.675781 0.020508 0.026042
0 0.291504 0.748047 0.018555 0.024740
0 0.303223 0.676432 0.018555 0.022135
0 0.308105 0.699219 0.016602 0.018229
0 0.325195 0.468750 0.015625 0.018229
0 0.355469 0.382161 0.015625 0.019531
0 0.272461 0.359375 0.021484 0.023438
0 0.357910 0.299479 0.014648 0.026042
0 0.374512 0.304036 0.012695 0.022135
0 0.412598 0.335938 0.018555 0.023438
0 0.430176 0.342448 0.014648 0.018229
0 0.435547 0.323568 0.017578 0.019531
0 0.488281 0.173177 0.015625 0.020833
0 0.453125 0.119141 0.017578 0.024740
0 0.331543 0.237630 0.018555 0.022135
0 0.415527 0.243490 0.020508 0.026042
0 0.269531 0.234375 0.019531 0.026042
0 0.289062 0.212240 0.013672 0.018229
0 0.225586 0.237630 0.017578 0.029948
0 0.275391 0.145182 0.015625 0.024740
0 0.329590 0.093099 0.014648 0.019531
0 0.230469 0.140625 0.013672 0.018229
0 0.227539 0.117188 0.015625 0.020833
0 0.225586 0.065755 0.015625 0.022135
0 0.195312 0.115885 0.017578 0.018229
0 0.162598 0.227865 0.014648 0.023438
0 0.161133 0.283854 0.019531 0.028646
0 0.074219 0.277995 0.019531 0.027344
0 0.047363 0.227865 0.020508 0.028646
0 0.104980 0.220703 0.018555 0.019531
0 0.111328 0.138672 0.019531 0.032552
0 0.062012 0.048828 0.020508 0.029948
0 0.092285 0.103516 0.014648 0.019531
0 0.020996 0.089193 0.022461 0.027344
0 0.126465 0.391927 0.018555 0.020833
0 0.111816 0.404948 0.016602 0.023438
0 0.086426 0.408854 0.016602 0.018229
0 0.073730 0.428385 0.016602 0.018229
0 0.093262 0.449219 0.022461 0.028646
0 0.042480 0.427734 0.018555 0.027344
0 0.157715 0.481771 0.020508 0.026042
0 0.192871 0.470703 0.018555 0.027344
0 0.146973 0.552083 0.016602 0.020833
0 0.224121 0.554036 0.014648 0.019531
0 0.306641 0.578125 0.017578 0.026042
0 0.265625 0.593099 0.017578 0.022135
0 0.211426 0.629557 0.018555 0.024740
0 0.187988 0.641927 0.022461 0.028646
0 0.047363 0.647135 0.018555 0.023438
0 0.133789 0.723307 0.017578 0.022135
0 0.159180 0.748698 0.019531 0.026042
0 0.114258 0.794271 0.021484 0.026042
0 0.077637 0.809896 0.014648 0.020833
0 0.032715 0.811198 0.016602 0.023438
0 0.015137 0.820312 0.014648 0.020833
0 0.073730 0.879557 0.016602 0.019531
0 0.138184 0.884115 0.016602 0.020833
0 0.124512 0.906250 0.014648 0.020833
0 0.206055 0.921224 0.015625 0.019531
0 0.220215 0.892578 0.018555 0.027344
0 0.241211 0.900391 0.017578 0.029948
0 0.240723 0.858073 0.014648 0.023438
0 0.254883 0.863932 0.017578 0.024740
0 0.248535 0.679036 0.032227 0.027344
0 0.376953 0.833984 0.017578 0.024740
0 0.389648 0.815104 0.017578 0.026042
0 0.381836 0.850911 0.015625 0.016927
1 0.741211 0.180339 0.017578 0.024740
1 0.660156 0.326823 0.021484 0.028646
1 0.718262 0.399740 0.010742 0.018229
1 0.937988 0.395833 0.018555 0.023438
1 0.961426 0.333333 0.016602 0.028646
1 0.992188 0.383464 0.015625 0.027344
1 0.996582 0.314453 0.006836 0.019531
1 0.911133 0.052734 0.013672 0.019531
1 0.707031 0.684245 0.021484 0.027344
1 0.975098 0.743490 0.018555 0.020833
1 0.637695 0.115885 0.025391 0.026042
1 0.438965 0.398438 0.020508 0.028646
1 0.446289 0.462240 0.015625 0.020833
1 0.520508 0.788411 0.013672 0.022135
1 0.520996 0.968750 0.014648 0.018229
1 0.572754 0.934896 0.014648 0.015625
1 0.432617 0.975260 0.015625 0.023438
1 0.462402 0.974609 0.014648 0.019531
1 0.381348 0.973307 0.014648 0.019531
0 0.447266 0.982422 0.015625 0.016927
1 0.295410 0.794271 0.014648 0.020833
0 0.351074 0.632812 0.022461 0.028646
1 0.054688 0.850911 0.015625 0.019531
1 0.064453 0.731120 0.011719 0.014323
1 0.163086 0.632161 0.013672 0.019531
1 0.224121 0.650391 0.016602 0.022135
1 0.255371 0.611328 0.014648 0.019531
1 0.295898 0.537109 0.017578 0.022135
1 0.320801 0.429036 0.018555 0.024740
1 0.313965 0.369792 0.016602 0.018229
1 0.860840 0.272135 0.012695 0.018229
1 0.256348 0.083984 0.024414 0.029948
1 0.260254 0.106120 0.018555 0.024740
1 0.145020 0.136719 0.018555 0.018229
1 0.092773 0.238281 0.013672 0.018229
1 0.067871 0.368490 0.014648 0.020833
1 0.042969 0.526693 0.015625 0.022135
1 0.463379 0.191406 0.012695 0.018229
1 0.617188 0.660807 0.017578 0.019531
1 0.176270 0.298828 0.014648 0.019531
1 0.389160 0.526042 0.016602 0.020833
0 0.587891 0.507812 0.015625 0.020833
0 0.688965 0.791016 0.014648 0.022135
0 0.593262 0.005208 0.014648 0.007812
1 0.956055 0.513672 0.015625 0.019531
1 0.993652 0.632161 0.012695 0.019531
0 0.996094 0.656250 0.007812 0.028646
1 0.260742 0.958333 0.017578 0.023438
