0 0.454590 0.531901 0.030273 0.040365
0 0.459473 0.494792 0.016602 0.020833
0 0.496094 0.536458 0.019531 0.026042
0 0.550781 0.576823 0.023438 0.031250
0 0.513184 0.635417 0.018555 0.028646
0 0.482910 0.648438 0.020508 0.026042
0 0.657715 0.641927 0.020508 0.028646
0 0.644043 0.672526 0.020508 0.027344
0 0.638184 0.535807 0.022461 0.029948
0 0.632812 0.494792 0.017578 0.026042
0 0.565918 0.480469 0.014648 0.020833
0 0.723633 0.423177 0.019531 0.031250
0 0.707520 0.526042 0.016602 0.026042
0 0.827148 0.505859 0.017578 0.022135
0 0.891602 0.473307 0.015625 0.022135
0 0.927246 0.407552 0.018555 0.023438
0 0.967285 0.366536 0.018555 0.027344
0 0.983887 0.401693 0.018555 0.024740
0 0.916504 0.601562 0.022461 0.026042
0 0.917969 0.626953 0.011719 0.019531
0 0.945312 0.639974 0.015625 0.024740
0 0.980469 0.652995 0.019531 0.022135
0 0.966797 0.675781 0.017578 0.023438
0 0.915527 0.763021 0.016602 0.020833
0 0.989258 0.708333 0.019531 0.028646
0 0.907227 0.710286 0.015625 0.029948
0 0.875977 0.735026 0.019531 0.027344
0 0.805176 0.787760 0.018555 0.026042
0 0.836426 0.807292 0.024414 0.033854
0 0.843750 0.780599 0.017578 0.022135
0 0.809570 0.847005 0.019531 0.027344
0 0.796387 0.916667 0.020508 0.028646
0 0.847168 0.861979 0.014648 0.026042
0 0.860840 0.898438 0.018555 0.026042
0 0.881348 0.893880 0.020508 0.032552
0 0.898438 0.921224 0.021484 0.032552
0 0.963867 0.889974 0.015625 0.022135
0 0.935547 0.955078 0.017578 0.022135
0 0.878418 0.975911 0.020508 0.022135
0 0.776855 0.667318 0.018555 0.024740
0 0.818359 0.682943 0.017578 0.019531
0 0.682617 0.753255 0.019531 0.022135
0 0.688477 0.784505 0.017578 0.022135
0 0.616211 0.746745 0.015625 0.024740
0 0.587891 0.748047 0.019531 0.024740
0 0.723633 0.317708 0.019531 0.023438
0 0.821777 0.217448 0.020508 0.028646
0 0.790039 0.250651 0.019531 0.024740
0 0.776855 0.291016 0.024414 0.032552
0 0.771484 0.321615 0.021484 0.026042
0 0.911621 0.190755 0.020508 0.024740
0 0.919922 0.157552 0.017578 0.018229
0 0.879883 0.184896 0.019531 0.031250
0 0.893066 0.123047 0.018555 0.022135
0 0.912109 0.102865 0.017578 0.023438
0 0.974609 0.059896 0.025391 0.033854
0 0.887695 0.044271 0.019531 0.023438
0 0.916504 0.032552 0.018555 0.028646
0 0.939453 0.033203 0.015625 0.022135
0 0.949707 0.021484 0.014648 0.019531
0 0.967773 0.016276 0.017578 0.022135
0 0.789551 0.137370 0.014648 0.022135
0 0.732910 0.078125 0.016602 0.020833
0 0.754395 0.026042 0.018555 0.020833
0 0.993652 0.534505 0.012695 0.022135
0 0.623047 0.022135 0.017578 0.023438
0 0.640137 0.018229 0.016602 0.020833
0 0.675293 0.009115 0.026367 0.015625
0 0.593750 0.048177 0.017578 0.028646
0 0.565430 0.082031 0.015625 0.020833
0 0.556641 0.041016 0.013672 0.019531
0 0.529297 0.018229 0.015625 0.020833
0 0.544922 0.013021 0.013672 0.023438
0 0.498535 0.121745 0.016602 0.019531
0 0.541016 0.174479 0.019531 0.028646
0 0.560059 0.183594 0.020508 0.026042
0 0.498047 0.231771 0.017578 0.026042
0 0.604004 0.292969 0.020508 0.028646
0 0.599121 0.354167 0.014648 0.020833
0 0.706543 0.250000 0.028320 0.031250
0 0.685059 0.244792 0.014648 0.023438
0 0.503418 0.417969 0.022461 0.028646
0 0.467285 0.408203 0.020508 0.022135
0 0.404785 0.449870 0.024414 0.032552
0 0.352051 0.419271 0.020508 0.028646
0 0.446777 0.260417 0.018555 0.023438
0 0.397461 0.234375 0.017578 0.023438
0 0.365723 0.354818 0.020508 0.027344
0 0.404785 0.328776 0.022461 0.027344
0 0.430664 0.352865 0.017578 0.026042
0 0.312988 0.584635 0.020508 0.026042
0 0.405762 0.626953 0.016602 0.019531
0 0.504395 0.731120 0.018555 0.022135
0 0.603516 0.826172 0.023438 0.027344
0 0.592773 0.855469 0.017578 0.020833
0 0.611816 0.870443 0.020508 0.029948
0 0.591309 0.930339 0.020508 0.027344
0 0.633789 0.964844 0.019531 0.023438
0 0.710938 0.973958 0.019531 0.028646
0 0.709473 0.552083 0.022461 0.023438
0 0.205078 0.606120 0.021484 0.024740
0 0.319824 0.745443 0.016602 0.019531
0 0.453125 0.770182 0.015625 0.019531
0 0.290527 0.823568 0.018555 0.024740
0 0.446289 0.884766 0.019531 0.024740
0 0.458984 0.901693 0.015625 0.022135
0 0.398438 0.917318 0.023438 0.032552
0 0.422852 0.945964 0.017578 0.022135
0 0.394043 0.961589 0.018555 0.024740
0 0.216797 0.738932 0.013672 0.022135
0 0.298340 0.367839 0.020508 0.022135
0 0.232910 0.289714 0.024414 0.027344
0 0.246582 0.352865 0.016602 0.020833
0 0.277832 0.201172 0.018555 0.024740
0 0.318848 0.225260 0.018555 0.028646
0 0.338379 0.221354 0.020508 0.031250
0 0.284180 0.157552 0.017578 0.023438
0 0.291504 0.123047 0.014648 0.022135
0 0.304199 0.110026 0.016602 0.024740
0 0.349121 0.056641 0.024414 0.029948
0 0.412109 0.029297 0.015625 0.024740
0 0.324219 0.022135 0.019531 0.023438
0 0.260254 0.011719 0.018555 0.020833
0 0.187500 0.199219 0.019531 0.026042
0 0.188965 0.070964 0.016602 0.019531
0 0.153809 0.229818 0.020508 0.027344
0 0.077637 0.236979 0.014648 0.023438
0 0.043457 0.213542 0.018555 0.023438
0 0.020508 0.194010 0.011719 0.020833
0 0.032715 0.111979 0.018555 0.026042
0 0.090820 0.018229 0.017578 0.026042
0 0.043945 0.380208 0.025391 0.036458
0 0.071777 0.434896 0.020508 0.026042
0 0.048828 0.516927 0.021484 0.028646
0 0.041016 0.583333 0.021484 0.026042
0 0.035156 0.633464 0.015625 0.022135
0 0.138184 0.483724 0.016602 0.024740
0 0.206543 0.451823 0.014648 0.020833
0 0.376465 0.451823 0.018555 0.026042
0 0.079102 0.766927 0.019531 0.028646
0 0.129883 0.776693 0.015625 0.019531
0 0.095703 0.681641 0.021484 0.032552
0 0.038574 0.805990 0.018555 0.026042
0 0.062012 0.838542 0.018555 0.020833
0 0.101074 0.845703 0.016602 0.022135
0 0.117188 0.880859 0.015625 0.016927
0 0.048340 0.934896 0.022461 0.026042
0 0.144531 0.944661 0.017578 0.027344
0 0.006348 0.962240 0.010742 0.023438
0 0.735352 0.901693 0.019531 0.027344
1 0.891602 0.329427 0.019531 0.028646
1 0.818359 0.053385 0.017578 0.023438
1 0.862305 0.169922 0.015625 0.022135
1 0.852539 0.050781 0.015625 0.023438
1 0.983887 0.091146 0.016602 0.026042
1 0.873047 0.616536 0.013672 0.016927
1 0.869629 0.686849 0.016602 0.022135
1 0.883789 0.708333 0.017578 0.028646
1 0.923340 0.694010 0.018555 0.028646
1 0.944824 0.701172 0.022461 0.027344
1 0.984375 0.869792 0.017578 0.026042
1 0.754395 0.718099 0.014648 0.019531
1 0.738770 0.833984 0.014648 0.019531
1 0.623535 0.908854 0.018555 0.026042
1 0.662598 0.945964 0.016602 0.027344
1 0.829590 0.876953 0.012695 0.037760
1 0.757324 0.185547 0.018555 0.022135
1 0.688477 0.071615 0.015625 0.023438
1 0.627441 0.166016 0.012695 0.016927
1 0.578125 0.034505 0.017578 0.029948
1 0.410156 0.267578 0.017578 0.024740
1 0.523926 0.480469 0.018555 0.020833
1 0.604492 0.442057 0.019531 0.024740
1 0.519043 0.553385 0.014648 0.015625
1 0.354492 0.574870 0.015625 0.019531
1 0.384277 0.626302 0.016602 0.020833
1 0.329590 0.858724 0.020508 0.024740
1 0.255859 0.956380 0.015625 0.019531
1 0.424805 0.906901 0.017578 0.027344
1 0.250000 0.505859 0.015625 0.019531
1 0.268066 0.489583 0.018555 0.018229
1 0.282227 0.414714 0.019531 0.024740
1 0.301758 0.400391 0.013672 0.019531
1 0.294434 0.340495 0.020508 0.027344
1 0.358398 0.213542 0.013672 0.026042
1 0.158203 0.453776 0.013672 0.016927
1 0.119629 0.499349 0.012695 0.019531
1 0.016113 0.233073 0.026367 0.036458
1 0.042480 0.176432 0.024414 0.032552
1 0.110840 0.016276 0.018555 0.022135
1 0.970215 0.573568 0.016602 0.027344
0 0.668945 0.238932 0.017578 0.027344
1 0.011719 0.994141 0.019531 0.011719
