0 0.464355 0.315755 0.020508 0.027344
0 0.560059 0.387370 0.018555 0.027344
0 0.547852 0.311849 0.023438 0.032552
0 0.582520 0.296875 0.018555 0.026042
0 0.621094 0.230469 0.021484 0.039062
0 0.588867 0.229818 0.023438 0.032552
0 0.552246 0.243490 0.020508 0.033854
0 0.523926 0.223307 0.022461 0.032552
0 0.451172 0.215495 0.019531 0.027344
0 0.399902 0.184896 0.018555 0.023438
0 0.424316 0.363932 0.022461 0.027344
0 0.654785 0.142578 0.020508 0.027344
0 0.625000 0.108073 0.019531 0.026042
0 0.625977 0.079427 0.017578 0.023438
0 0.790039 0.230469 0.021484 0.031250
0 0.733887 0.243490 0.026367 0.033854
0 0.814941 0.139974 0.028320 0.040365
0 0.938965 0.240885 0.018555 0.026042
0 0.856445 0.363932 0.017578 0.024740
0 0.925293 0.255208 0.014648 0.018229
0 0.435059 0.423828 0.016602 0.024740
0 0.328125 0.082682 0.021484 0.027344
0 0.245605 0.037760 0.022461 0.031250
0 0.147461 0.290365 0.023438 0.031250
0 0.312012 0.011068 0.024414 0.019531
0 0.055176 0.093750 0.020508 0.028646
0 0.024414 0.192708 0.025391 0.026042
0 0.078613 0.373047 0.018555 0.022135
0 0.049316 0.291667 0.018555 0.026042
0 0.102539 0.319010 0.017578 0.020833
0 0.103027 0.294922 0.016602 0.024740
0 0.102051 0.472005 0.026367 0.037760
0 0.140137 0.464844 0.030273 0.039062
0 0.182129 0.473958 0.022461 0.028646
0 0.184082 0.413411 0.022461 0.029948
0 0.208496 0.425130 0.022461 0.032552
0 0.223633 0.455729 0.015625 0.020833
0 0.225586 0.402995 0.017578 0.027344
0 0.254395 0.378255 0.016602 0.022135
0 0.271973 0.384115 0.016602 0.023438
0 0.124512 0.507161 0.022461 0.032552
0 0.174316 0.594401 0.024414 0.032552
0 0.119141 0.588542 0.019531 0.028646
0 0.107910 0.531901 0.022461 0.032552
0 0.128418 0.533854 0.014648 0.020833
0 0.292969 0.670573 0.021484 0.028646
0 0.333984 0.680339 0.031250 0.037760
0 0.303223 0.743490 0.018555 0.026042
0 0.112793 0.795573 0.026367 0.031250
0 0.103027 0.828776 0.024414 0.032552
0 0.033203 0.909505 0.019531 0.029948
0 0.037109 0.934896 0.021484 0.023438
0 0.290527 0.897135 0.016602 0.023438
0 0.360840 0.819661 0.024414 0.032552
0 0.372070 0.861979 0.023438 0.028646
0 0.373047 0.899089 0.029297 0.037760
0 0.456055 0.837891 0.035156 0.053385
0 0.489258 0.778646 0.021484 0.036458
0 0.486816 0.634766 0.018555 0.022135
0 0.546387 0.631510 0.014648 0.020833
0 0.440918 0.554036 0.020508 0.029948
0 0.434082 0.527995 0.014648 0.022135
0 0.338379 0.555990 0.012695 0.023438
0 0.506836 0.925130 0.017578 0.024740
0 0.520508 0.986328 0.015625 0.022135
0 0.328125 0.391927 0.015625 0.020833
0 0.339844 0.377604 0.013672 0.018229
0 0.665039 0.971354 0.021484 0.028646
0 0.723145 0.839844 0.016602 0.023438
0 0.715332 0.950521 0.022461 0.026042
0 0.734375 0.979167 0.031250 0.039062
0 0.813477 0.778646 0.027344 0.036458
0 0.875000 0.673177 0.017578 0.023438
0 0.692871 0.662760 0.018555 0.028646
0 0.711914 0.656901 0.019531 0.027344
0 0.822266 0.419271 0.021484 0.028646
0 0.824707 0.487630 0.022461 0.027344
0 0.848633 0.488932 0.017578 0.024740
0 0.906738 0.502604 0.020508 0.026042
0 0.890625 0.580729 0.017578 0.023438
0 0.893066 0.611979 0.024414 0.031250
0 0.953613 0.421224 0.022461 0.027344
0 0.952637 0.451172 0.016602 0.022135
0 0.975098 0.486979 0.014648 0.026042
0 0.979004 0.890625 0.016602 0.020833
0 0.976562 0.914714 0.017578 0.027344
0 0.945312 0.985677 0.021484 0.028646
0 0.806641 0.961589 0.021484 0.037760
0 0.814453 0.935547 0.019531 0.022135
0 0.829102 0.953125 0.019531 0.023438
0 0.866211 0.184896 0.019531 0.026042
0 0.865723 0.156901 0.016602 0.024740
0 0.882812 0.158854 0.015625 0.028646
1 0.729492 0.024089 0.021484 0.029948
1 0.599121 0.091146 0.022461 0.028646
1 0.743164 0.276042 0.023438 0.031250
1 0.791992 0.458984 0.023438 0.029948
1 0.954102 0.482422 0.023438 0.029948
1 0.934082 0.546224 0.018555 0.024740
1 0.930664 0.694661 0.013672 0.022135
1 0.540039 0.686849 0.019531 0.024740
1 0.510254 0.630208 0.020508 0.026042
1 0.468750 0.529948 0.027344 0.039062
1 0.628906 0.943359 0.017578 0.027344
1 0.389648 0.747396 0.017578 0.026042
1 0.270508 0.746094 0.023438 0.031250
1 0.446777 0.927734 0.018555 0.024740
1 0.616699 0.760417 0.010742 0.018229
1 0.075195 0.742839 0.025391 0.032552
1 0.356934 0.554688 0.018555 0.028646
1 0.109863 0.560547 0.018555 0.024740
1 0.139160 0.580729 0.020508 0.031250
1 0.128906 0.555339 0.013672 0.019531
1 0.244141 0.473958 0.029297 0.036458
1 0.082031 0.305339 0.021484 0.035156
1 0.024414 0.256510 0.046875 0.049479
1 0.528809 0.897786 0.016602 0.022135
0 0.691895 0.531250 0.020508 0.031250
0 0.973145 0.773438 0.018555 0.031250
0 0.902832 0.791016 0.020508 0.027344
0 0.236816 0.007161 0.018555 0.011719
0 0.995605 0.514974 0.008789 0.027344
0 0.989746 0.988281 0.020508 0.023438
1 0.715332 0.535807 0.020508 0.027344
1 0.422363 0.448568 0.016602 0.027344
