0 0.529297 0.367839 0.015625 0.024740
0 0.567383 0.304688 0.017578 0.023438
0 0.630859 0.292969 0.013672 0.020833
0 0.663086 0.240885 0.023438 0.031250
0 0.623535 0.220703 0.016602 0.019531
0 0.655762 0.190104 0.014648 0.018229
0 0.569336 0.104167 0.019531 0.023438
0 0.647949 0.026042 0.018555 0.020833
0 0.674805 0.051432 0.017578 0.022135
0 0.701172 0.015625 0.019531 0.026042
0 0.816406 0.039062 0.019531 0.023438
0 0.930176 0.074219 0.016602 0.026042
0 0.891602 0.185547 0.015625 0.022135
0 0.910645 0.184245 0.016602 0.024740
0 0.833984 0.218099 0.019531 0.024740
0 0.801270 0.205078 0.020508 0.029948
0 0.810547 0.267578 0.017578 0.024740
0 0.818359 0.301432 0.019531 0.027344
0 0.902832 0.300781 0.016602 0.023438
0 0.816895 0.358073 0.018555 0.028646
0 0.841797 0.423177 0.017578 0.026042
0 0.840332 0.450521 0.020508 0.023438
0 0.766113 0.425130 0.020508 0.022135
0 0.831543 0.497396 0.018555 0.023438
0 0.852539 0.526693 0.017578 0.022135
0 0.885254 0.531250 0.018555 0.023438
0 0.971680 0.412760 0.017578 0.023438
0 0.991699 0.432943 0.014648 0.027344
0 0.818848 0.563151 0.016602 0.022135
0 0.857422 0.569661 0.019531 0.024740
0 0.888672 0.626953 0.021484 0.029948
0 0.866699 0.646484 0.014648 0.022135
0 0.932617 0.544271 0.017578 0.026042
0 0.947266 0.533854 0.021484 0.036458
0 0.957031 0.675130 0.019531 0.024740
0 0.858398 0.748047 0.019531 0.024740
0 0.828613 0.763021 0.016602 0.018229
0 0.864746 0.773438 0.020508 0.026042
0 0.912598 0.773438 0.018555 0.026042
0 0.899902 0.802083 0.020508 0.028646
0 0.989258 0.776693 0.017578 0.029948
0 0.730957 0.828125 0.016602 0.023438
0 0.740723 0.865885 0.018555 0.020833
0 0.770020 0.897786 0.020508 0.029948
0 0.873047 0.854818 0.017578 0.024740
0 0.852051 0.883464 0.014648 0.022135
0 0.867188 0.875651 0.015625 0.016927
0 0.896484 0.938151 0.021484 0.027344
0 0.937988 0.932292 0.018555 0.031250
0 0.665039 0.662760 0.017578 0.023438
0 0.720703 0.541016 0.019531 0.029948
0 0.729492 0.589844 0.019531 0.026042
0 0.706055 0.690104 0.019531 0.023438
0 0.622559 0.764323 0.014648 0.020833
0 0.630859 0.802083 0.017578 0.020833
0 0.589355 0.821615 0.020508 0.031250
0 0.560059 0.837240 0.014648 0.020833
0 0.663574 0.416667 0.018555 0.026042
0 0.631836 0.401042 0.013672 0.020833
0 0.620117 0.472656 0.015625 0.020833
0 0.618652 0.496094 0.012695 0.020833
0 0.602539 0.534505 0.013672 0.022135
0 0.594238 0.557292 0.012695 0.018229
0 0.614258 0.555990 0.015625 0.020833
0 0.487793 0.175130 0.018555 0.022135
0 0.433594 0.140625 0.015625 0.020833
0 0.410156 0.151042 0.013672 0.023438
0 0.359863 0.071615 0.016602 0.020833
0 0.456543 0.326172 0.022461 0.027344
0 0.382812 0.235677 0.013672 0.020833
0 0.375488 0.319661 0.014648 0.024740
0 0.328613 0.319010 0.020508 0.023438
0 0.343262 0.343099 0.016602 0.022135
0 0.299805 0.253255 0.019531 0.022135
0 0.273926 0.341797 0.028320 0.037760
0 0.230469 0.348958 0.021484 0.023438
0 0.258789 0.375000 0.015625 0.018229
0 0.295898 0.383464 0.025391 0.032552
0 0.249023 0.414062 0.017578 0.026042
0 0.345703 0.430339 0.015625 0.022135
0 0.446777 0.443359 0.018555 0.022135
0 0.397949 0.529297 0.016602 0.027344
0 0.429199 0.577474 0.018555 0.024740
0 0.399414 0.565755 0.015625 0.024740
0 0.492676 0.547526 0.020508 0.032552
0 0.529785 0.418620 0.016602 0.022135
0 0.516113 0.444661 0.020508 0.029948
0 0.519043 0.572917 0.018555 0.028646
0 0.539062 0.595703 0.017578 0.029948
0 0.520020 0.610677 0.024414 0.033854
0 0.557129 0.656250 0.022461 0.028646
0 0.512695 0.662109 0.017578 0.024740
0 0.484863 0.658854 0.016602 0.020833
0 0.488281 0.704427 0.017578 0.023438
0 0.432617 0.722005 0.017578 0.024740
0 0.407227 0.676432 0.019531 0.024740
0 0.418945 0.651693 0.027344 0.022135
0 0.441406 0.627604 0.017578 0.020833
0 0.375488 0.588542 0.014648 0.026042
0 0.356934 0.612630 0.018555 0.022135
0 0.311523 0.611328 0.025391 0.032552
0 0.265625 0.680990 0.017578 0.023438
0 0.248047 0.750000 0.017578 0.028646
0 0.258789 0.798828 0.019531 0.024740
0 0.282227 0.803385 0.017578 0.026042
0 0.304199 0.707682 0.016602 0.019531
0 0.308594 0.737630 0.017578 0.024740
0 0.326660 0.744141 0.014648 0.019531
0 0.387695 0.801432 0.017578 0.022135
0 0.374023 0.819010 0.017578 0.026042
0 0.412598 0.839193 0.018555 0.029948
0 0.473633 0.805339 0.017578 0.027344
0 0.482422 0.773438 0.017578 0.023438
0 0.525391 0.837891 0.017578 0.024740
0 0.494141 0.858073 0.017578 0.026042
0 0.452148 0.873698 0.013672 0.020833
0 0.584473 0.953125 0.018555 0.026042
0 0.642090 0.937500 0.020508 0.020833
0 0.662109 0.964193 0.015625 0.022135
0 0.566895 0.988932 0.024414 0.022135
0 0.614258 0.990234 0.019531 0.019531
0 0.289062 0.139323 0.015625 0.023438
0 0.308594 0.099609 0.019531 0.019531
0 0.272949 0.106771 0.018555 0.028646
0 0.299316 0.018229 0.016602 0.026042
0 0.139160 0.281901 0.018555 0.035156
0 0.139160 0.253255 0.016602 0.022135
0 0.082520 0.280599 0.020508 0.024740
0 0.085938 0.233073 0.017578 0.023438
0 0.018555 0.292318 0.021484 0.027344
0 0.051270 0.093750 0.018555 0.026042
0 0.081055 0.080078 0.021484 0.029948
0 0.062500 0.039062 0.013672 0.020833
0 0.066406 0.473307 0.017578 0.022135
0 0.202148 0.442708 0.015625 0.023438
0 0.049316 0.526693 0.014648 0.024740
0 0.113770 0.542969 0.016602 0.020833
0 0.221680 0.488932 0.021484 0.027344
0 0.207031 0.506510 0.017578 0.031250
0 0.212891 0.589193 0.021484 0.029948
0 0.081055 0.592448 0.017578 0.026042
0 0.116699 0.598307 0.018555 0.024740
0 0.135254 0.554036 0.018555 0.022135
0 0.153320 0.545573 0.013672 0.023438
0 0.152344 0.574870 0.017578 0.027344
0 0.094238 0.662109 0.014648 0.024740
0 0.080078 0.767578 0.023438 0.027344
0 0.112305 0.791667 0.019531 0.028646
0 0.082520 0.835938 0.014648 0.020833
0 0.062012 0.855469 0.018555 0.023438
0 0.007812 0.857422 0.013672 0.027344
0 0.020020 0.929688 0.020508 0.028646
0 0.094727 0.895833 0.019531 0.028646
0 0.074707 0.926432 0.016602 0.022135
0 0.115723 0.963542 0.018555 0.023438
0 0.214355 0.951823 0.018555 0.020833
0 0.230469 0.904297 0.013672 0.022135
0 0.274902 0.882812 0.016602 0.020833
0 0.296387 0.895833 0.014648 0.023438
0 0.313965 0.949219 0.016602 0.023438
0 0.132812 0.707682 0.019531 0.024740
0 0.131836 0.683594 0.013672 0.018229
0 0.156250 0.677083 0.013672 0.020833
0 0.147461 0.694010 0.013672 0.018229
0 0.450195 0.263672 0.015625 0.019531
0 0.461914 0.281250 0.015625 0.020833
0 0.089355 0.141927 0.012695 0.020833
0 0.098633 0.121745 0.015625 0.016927
0 0.105957 0.143880 0.014648 0.019531
1 0.615723 0.246745 0.016602 0.019531
1 0.441895 0.290365 0.022461 0.031250
1 0.376465 0.664714 0.016602 0.024740
1 0.460449 0.779948 0.018555 0.031250
1 0.435547 0.862630 0.017578 0.027344
1 0.570801 0.883464 0.016602 0.022135
1 0.617676 0.890625 0.016602 0.023438
1 0.949219 0.496745 0.013672 0.019531
1 0.920898 0.861979 0.015625 0.023438
1 0.992676 0.904297 0.012695 0.019531
1 0.187012 0.877604 0.022461 0.028646
1 0.202637 0.869792 0.018555 0.020833
1 0.018555 0.835938 0.017578 0.018229
1 0.109863 0.636068 0.020508 0.024740
1 0.042480 0.034505 0.016602 0.024740
1 0.857422 0.860026 0.015625 0.022135
0 0.247070 0.040365 0.013672 0.018229
0 0.357910 0.005208 0.020508 0.007812
