0 0.696289 0.341146 0.021484 0.026042
0 0.575195 0.347656 0.015625 0.026042
0 0.662598 0.205078 0.018555 0.024740
0 0.775391 0.184245 0.015625 0.027344
0 0.796387 0.199870 0.016602 0.032552
0 0.729004 0.253906 0.016602 0.020833
0 0.748535 0.267578 0.018555 0.027344
0 0.775879 0.248698 0.016602 0.023438
0 0.782227 0.281901 0.015625 0.024740
0 0.797852 0.257161 0.017578 0.027344
0 0.804688 0.289062 0.019531 0.026042
0 0.923340 0.199870 0.014648 0.024740
0 0.962891 0.361979 0.015625 0.028646
0 0.985352 0.356120 0.017578 0.022135
0 0.871582 0.021484 0.018555 0.027344
0 0.936035 0.054036 0.016602 0.024740
0 0.701660 0.015625 0.018555 0.026042
0 0.589355 0.050130 0.018555 0.024740
0 0.506836 0.074870 0.017578 0.019531
0 0.460938 0.054036 0.017578 0.024740
0 0.543457 0.245443 0.016602 0.024740
0 0.507324 0.338542 0.016602 0.023438
0 0.574219 0.413411 0.015625 0.019531
0 0.567871 0.473958 0.016602 0.018229
0 0.585449 0.470703 0.012695 0.024740
0 0.663086 0.442057 0.017578 0.022135
0 0.694336 0.416667 0.013672 0.023438
0 0.740723 0.420573 0.012695 0.023438
0 0.788086 0.459635 0.015625 0.020833
0 0.790527 0.481120 0.018555 0.022135
0 0.801758 0.525391 0.015625 0.022135
0 0.847168 0.506510 0.016602 0.020833
0 0.857910 0.475260 0.014648 0.020833
0 0.859375 0.578125 0.015625 0.023438
0 0.920898 0.521484 0.017578 0.022135
0 0.932129 0.599609 0.016602 0.024740
0 0.975586 0.552734 0.013672 0.019531
0 0.991211 0.571615 0.017578 0.023438
0 0.984863 0.635417 0.012695 0.023438
0 0.762207 0.565755 0.014648 0.029948
0 0.781738 0.593099 0.018555 0.022135
0 0.834473 0.641927 0.016602 0.023438
0 0.841309 0.663411 0.016602 0.019531
0 0.865723 0.686198 0.016602 0.023438
0 0.907715 0.702474 0.016602 0.019531
0 0.934570 0.729167 0.017578 0.020833
0 0.950195 0.784505 0.019531 0.024740
0 0.985840 0.703776 0.014648 0.019531
0 0.983887 0.841146 0.018555 0.023438
0 0.981445 0.882161 0.017578 0.024740
0 0.797363 0.830078 0.016602 0.024740
0 0.756836 0.789062 0.015625 0.023438
0 0.774414 0.779948 0.019531 0.020833
0 0.869629 0.940104 0.018555 0.026042
0 0.894043 0.914714 0.014648 0.016927
0 0.903320 0.942057 0.015625 0.022135
0 0.895020 0.970052 0.020508 0.020833
0 0.942871 0.953776 0.014648 0.027344
0 0.956543 0.958333 0.012695 0.020833
0 0.987793 0.967448 0.014648 0.023438
0 0.793945 0.924479 0.015625 0.018229
0 0.754883 0.943359 0.019531 0.024740
0 0.767090 0.960286 0.014648 0.024740
0 0.639160 0.919271 0.018555 0.023438
0 0.614258 0.969401 0.019531 0.024740
0 0.591797 0.873047 0.013672 0.022135
0 0.557617 0.916016 0.015625 0.019531
0 0.577637 0.923828 0.016602 0.019531
0 0.494629 0.932292 0.018555 0.018229
0 0.531738 0.937500 0.012695 0.020833
0 0.541504 0.985026 0.016602 0.016927
0 0.559082 0.722005 0.020508 0.024740
0 0.557617 0.675130 0.019531 0.022135
0 0.605469 0.716797 0.015625 0.024740
0 0.658203 0.772786 0.015625 0.019531
0 0.663574 0.682943 0.016602 0.022135
0 0.611816 0.580729 0.020508 0.026042
0 0.624512 0.600911 0.016602 0.024740
0 0.575195 0.542969 0.009766 0.013021
0 0.578613 0.565104 0.010742 0.018229
0 0.526855 0.673177 0.018555 0.023438
0 0.472656 0.728516 0.017578 0.024740
0 0.697754 0.880208 0.026367 0.028646
0 0.402832 0.859375 0.018555 0.023438
0 0.314941 0.856771 0.020508 0.023438
0 0.410156 0.640625 0.017578 0.026042
0 0.339355 0.538411 0.016602 0.027344
0 0.333008 0.516927 0.019531 0.026042
0 0.363281 0.611328 0.021484 0.024740
0 0.294922 0.668620 0.017578 0.027344
0 0.319824 0.695312 0.020508 0.018229
0 0.321777 0.724609 0.018555 0.027344
0 0.299805 0.906901 0.013672 0.022135
0 0.296387 0.942708 0.016602 0.018229
0 0.290527 0.966146 0.022461 0.026042
0 0.247070 0.983073 0.015625 0.020833
0 0.193848 0.959635 0.018555 0.023438
0 0.210449 0.888021 0.016602 0.020833
0 0.132324 0.886719 0.014648 0.015625
0 0.103516 0.750651 0.015625 0.024740
0 0.056641 0.637370 0.019531 0.024740
0 0.076660 0.666016 0.018555 0.024740
0 0.185059 0.667969 0.020508 0.023438
0 0.222168 0.692708 0.018555 0.020833
0 0.180176 0.781250 0.016602 0.026042
0 0.394043 0.663411 0.010742 0.016927
0 0.408203 0.673828 0.013672 0.016927
0 0.403809 0.693359 0.012695 0.019531
0 0.010254 0.608724 0.014648 0.027344
0 0.026855 0.666667 0.012695 0.020833
0 0.014160 0.562500 0.020508 0.026042
0 0.035156 0.559896 0.015625 0.018229
0 0.017578 0.493490 0.015625 0.023438
0 0.127441 0.473958 0.018555 0.020833
0 0.142090 0.534505 0.014648 0.022135
0 0.161621 0.574219 0.010742 0.023438
0 0.175293 0.437500 0.016602 0.020833
0 0.123535 0.423177 0.012695 0.018229
0 0.137695 0.432943 0.013672 0.022135
0 0.168945 0.363932 0.019531 0.024740
0 0.250000 0.413411 0.017578 0.024740
0 0.249023 0.343750 0.017578 0.026042
0 0.142578 0.266276 0.017578 0.019531
0 0.190430 0.279948 0.017578 0.031250
0 0.195312 0.312500 0.019531 0.026042
0 0.324707 0.396484 0.018555 0.022135
0 0.347168 0.369792 0.014648 0.020833
0 0.341309 0.256510 0.016602 0.026042
0 0.182129 0.161458 0.018555 0.020833
0 0.130859 0.096354 0.015625 0.020833
0 0.083008 0.120443 0.015625 0.019531
0 0.033203 0.022786 0.017578 0.019531
0 0.407715 0.159505 0.018555 0.027344
0 0.411621 0.115885 0.016602 0.026042
0 0.302246 0.154948 0.016602 0.018229
0 0.401855 0.415365 0.018555 0.026042
0 0.473145 0.399089 0.014648 0.022135
0 0.489746 0.447917 0.022461 0.026042
0 0.500488 0.578776 0.020508 0.022135
0 0.346680 0.940755 0.017578 0.024740
0 0.283691 0.492188 0.014648 0.020833
1 0.452637 0.554036 0.018555 0.022135
1 0.446289 0.606120 0.015625 0.016927
1 0.438477 0.658203 0.011719 0.019531
1 0.362793 0.646484 0.014648 0.014323
1 0.340820 0.660807 0.017578 0.014323
1 0.373047 0.677734 0.011719 0.019531
1 0.369629 0.716146 0.016602 0.018229
1 0.400391 0.774089 0.015625 0.019531
1 0.426270 0.807943 0.012695 0.022135
1 0.362793 0.857422 0.012695 0.022135
1 0.416016 0.883464 0.015625 0.014323
1 0.503418 0.805339 0.016602 0.022135
1 0.519043 0.774089 0.012695 0.019531
1 0.564453 0.641276 0.017578 0.022135
1 0.661621 0.638021 0.012695 0.020833
1 0.690918 0.651693 0.016602 0.022135
1 0.755371 0.684245 0.014648 0.019531
1 0.743652 0.712240 0.014648 0.018229
1 0.603516 0.779948 0.011719 0.018229
1 0.622559 0.791667 0.012695 0.026042
1 0.644043 0.821615 0.012695 0.015625
1 0.677734 0.790365 0.011719 0.020833
1 0.740723 0.826823 0.018555 0.020833
1 0.839355 0.777344 0.014648 0.023438
1 0.745605 0.902344 0.016602 0.018229
1 0.839355 0.821615 0.012695 0.020833
1 0.872070 0.824870 0.009766 0.022135
1 0.684082 0.966797 0.014648 0.022135
1 0.704102 0.957031 0.011719 0.020833
1 0.820801 0.936198 0.014648 0.018229
1 0.814453 0.587240 0.017578 0.018229
1 0.951172 0.556641 0.017578 0.024740
1 0.917969 0.494141 0.013672 0.019531
1 0.950684 0.456380 0.010742 0.022135
1 0.764160 0.500651 0.016602 0.019531
1 0.735352 0.524089 0.019531 0.016927
1 0.742676 0.544922 0.018555 0.014323
1 0.820801 0.555990 0.014648 0.015625
1 0.800293 0.324219 0.020508 0.020833
1 0.769531 0.399089 0.011719 0.014323
1 0.599609 0.118490 0.021484 0.028646
1 0.728027 0.080729 0.014648 0.020833
1 0.774414 0.080729 0.019531 0.020833
1 0.900391 0.212240 0.013672 0.023438
1 0.474609 0.330729 0.015625 0.018229
1 0.468750 0.143229 0.015625 0.020833
1 0.479980 0.069661 0.016602 0.022135
1 0.220703 0.017578 0.013672 0.022135
1 0.227539 0.093750 0.013672 0.015625
1 0.329102 0.028646 0.017578 0.018229
1 0.305664 0.031901 0.015625 0.019531
1 0.317383 0.072266 0.013672 0.016927
1 0.309082 0.190755 0.016602 0.019531
1 0.293457 0.387370 0.012695 0.027344
1 0.303711 0.311198 0.015625 0.020833
1 0.326172 0.367839 0.011719 0.016927
1 0.330078 0.486979 0.013672 0.026042
1 0.306641 0.520833 0.015625 0.020833
1 0.300293 0.491536 0.012695 0.016927
1 0.380371 0.581380 0.016602 0.022135
1 0.358887 0.580078 0.012695 0.016927
1 0.385254 0.544271 0.012695 0.015625
1 0.353516 0.559245 0.017578 0.019531
1 0.417969 0.386719 0.009766 0.015625
1 0.407227 0.318359 0.013672 0.019531
1 0.359375 0.176432 0.009766 0.016927
1 0.375000 0.182292 0.011719 0.020833
1 0.427246 0.201823 0.010742 0.018229
1 0.526855 0.180339 0.014648 0.019531
1 0.551270 0.020833 0.012695 0.020833
1 0.626465 0.466146 0.010742 0.015625
1 0.640625 0.445312 0.011719 0.020833
1 0.510254 0.472656 0.016602 0.023438
1 0.493652 0.410807 0.014648 0.019531
1 0.488770 0.390625 0.012695 0.015625
1 0.684570 0.442708 0.015625 0.020833
1 0.708496 0.406901 0.010742 0.014323
1 0.717285 0.431641 0.014648 0.019531
1 0.805176 0.608724 0.012695 0.016927
1 0.698730 0.251302 0.014648 0.023438
1 0.726074 0.277995 0.014648 0.016927
1 0.853027 0.162109 0.010742 0.016927
1 0.914551 0.140625 0.012695 0.015625
1 0.986816 0.271484 0.012695 0.016927
1 0.905273 0.570964 0.011719 0.016927
1 0.964844 0.924479 0.015625 0.018229
1 0.127930 0.324870 0.019531 0.027344
1 0.118652 0.358724 0.012695 0.024740
1 0.054199 0.292318 0.020508 0.019531
1 0.136719 0.406901 0.013672 0.024740
1 0.204590 0.404297 0.012695 0.016927
1 0.174316 0.192708 0.016602 0.015625
1 0.183594 0.217448 0.011719 0.020833
1 0.142578 0.242839 0.015625 0.019531
1 0.160156 0.240885 0.013672 0.018229
1 0.086914 0.246094 0.017578 0.023438
1 0.041016 0.142578 0.011719 0.016927
1 0.060547 0.018229 0.011719 0.018229
1 0.150879 0.035807 0.014648 0.022135
1 0.150391 0.063802 0.011719 0.015625
1 0.164062 0.087891 0.009766 0.014323
1 0.022949 0.323568 0.012695 0.019531
1 0.037598 0.328776 0.012695 0.016927
1 0.079102 0.584635 0.013672 0.013021
1 0.101074 0.428385 0.014648 0.018229
1 0.130859 0.516927 0.017578 0.020833
1 0.145020 0.506510 0.012695 0.018229
1 0.196289 0.483073 0.011719 0.015625
1 0.202148 0.439453 0.011719 0.016927
1 0.207520 0.281901 0.010742 0.024740
1 0.186523 0.598958 0.015625 0.020833
1 0.164062 0.623698 0.011719 0.018229
1 0.180176 0.630208 0.016602 0.013021
1 0.157715 0.665365 0.012695 0.015625
1 0.143555 0.626953 0.009766 0.016927
1 0.111328 0.803385 0.017578 0.026042
1 0.139160 0.749349 0.018555 0.022135
1 0.169434 0.727214 0.012695 0.016927
1 0.182129 0.703776 0.012695 0.014323
1 0.197754 0.703125 0.012695 0.020833
1 0.209961 0.735677 0.017578 0.020833
1 0.176270 0.751953 0.014648 0.019531
1 0.220215 0.804036 0.014648 0.022135
1 0.072754 0.787109 0.012695 0.016927
1 0.178223 0.831380 0.014648 0.019531
1 0.125000 0.927083 0.019531 0.026042
1 0.108887 0.839193 0.016602 0.014323
1 0.169922 0.913411 0.011719 0.014323
1 0.047852 0.946615 0.015625 0.020833
1 0.059082 0.975260 0.014648 0.020833
1 0.105957 0.857422 0.010742 0.016927
1 0.071289 0.104167 0.011719 0.018229
1 0.296875 0.131510 0.013672 0.018229
1 0.927734 0.776693 0.015625 0.019531
1 0.781250 0.904297 0.013672 0.019531
1 0.760742 0.832031 0.011719 0.018229
1 0.971680 0.714193 0.013672 0.019531
1 0.979492 0.611979 0.009766 0.018229
1 0.991211 0.613281 0.009766 0.015625
1 0.990723 0.427734 0.012695 0.016927
1 0.951660 0.595703 0.014648 0.024740
1 0.990234 0.936849 0.011719 0.016927
1 0.239746 0.623698 0.014648 0.015625
1 0.397461 0.191406 0.009766 0.013021
1 0.415527 0.246094 0.012695 0.020833
1 0.436035 0.236979 0.012695 0.015625
1 0.433105 0.905599 0.014648 0.016927
