0 0.434082 0.387370 0.022461 0.035156
0 0.437012 0.460286 0.020508 0.029948
0 0.458984 0.473307 0.021484 0.022135
0 0.450195 0.510417 0.029297 0.044271
0 0.473145 0.556641 0.022461 0.027344
0 0.456543 0.658854 0.022461 0.033854
0 0.514648 0.720703 0.017578 0.024740
0 0.544434 0.614583 0.020508 0.028646
0 0.569336 0.539062 0.019531 0.031250
0 0.486328 0.398438 0.021484 0.031250
0 0.497559 0.425781 0.022461 0.023438
0 0.513672 0.322917 0.025391 0.028646
0 0.425781 0.305339 0.025391 0.029948
0 0.434570 0.266927 0.017578 0.020833
0 0.478516 0.235677 0.019531 0.026042
0 0.476562 0.201172 0.011719 0.019531
0 0.490234 0.210286 0.017578 0.024740
0 0.505859 0.231771 0.019531 0.026042
0 0.515137 0.253906 0.018555 0.023438
0 0.520508 0.195312 0.017578 0.023438
0 0.552734 0.200521 0.017578 0.026042
0 0.576172 0.164062 0.023438 0.028646
0 0.511230 0.108073 0.020508 0.028646
0 0.429688 0.117839 0.023438 0.029948
0 0.402344 0.136719 0.021484 0.031250
0 0.322266 0.125651 0.023438 0.027344
0 0.358887 0.141927 0.016602 0.023438
0 0.375000 0.162760 0.017578 0.020833
0 0.205566 0.125651 0.022461 0.027344
0 0.247070 0.194010 0.019531 0.023438
0 0.071289 0.278646 0.029297 0.041667
0 0.113281 0.408203 0.023438 0.035156
0 0.157715 0.343099 0.018555 0.027344
0 0.105469 0.482422 0.021484 0.027344
0 0.106934 0.518880 0.020508 0.024740
0 0.242188 0.460938 0.023438 0.033854
0 0.261719 0.349609 0.029297 0.042969
0 0.284668 0.369792 0.022461 0.031250
0 0.329590 0.349609 0.020508 0.022135
0 0.354492 0.375000 0.019531 0.028646
0 0.364258 0.336589 0.019531 0.024740
0 0.323242 0.281250 0.023438 0.031250
0 0.356934 0.283854 0.018555 0.028646
0 0.367676 0.243490 0.022461 0.026042
0 0.207520 0.614583 0.028320 0.028646
0 0.220215 0.662109 0.016602 0.024740
0 0.207031 0.839193 0.029297 0.035156
0 0.217773 0.725911 0.017578 0.022135
0 0.220703 0.703776 0.013672 0.027344
0 0.101074 0.786458 0.024414 0.028646
0 0.010254 0.842448 0.018555 0.033854
0 0.164062 0.979167 0.023438 0.026042
0 0.018555 0.989583 0.017578 0.020833
0 0.281738 0.938802 0.024414 0.028646
0 0.372559 0.942057 0.016602 0.024740
0 0.311523 0.738932 0.017578 0.024740
0 0.457031 0.844401 0.019531 0.027344
0 0.459961 0.816406 0.015625 0.026042
0 0.584473 0.861979 0.020508 0.023438
0 0.645020 0.828125 0.016602 0.023438
0 0.676270 0.798828 0.018555 0.024740
0 0.724609 0.750000 0.021484 0.033854
0 0.605469 0.572917 0.017578 0.023438
0 0.630371 0.586589 0.020508 0.029948
0 0.659180 0.557292 0.023438 0.023438
0 0.676758 0.524740 0.019531 0.023438
0 0.709961 0.513672 0.019531 0.032552
0 0.742188 0.638021 0.019531 0.023438
0 0.762207 0.677083 0.018555 0.026042
0 0.821289 0.656901 0.019531 0.032552
0 0.795898 0.804688 0.023438 0.028646
0 0.825684 0.776042 0.024414 0.028646
0 0.729004 0.888672 0.022461 0.024740
0 0.729492 0.923177 0.023438 0.031250
0 0.696289 0.979167 0.019531 0.023438
0 0.766602 0.924479 0.015625 0.020833
0 0.770020 0.957682 0.020508 0.024740
0 0.807129 0.900391 0.020508 0.024740
0 0.810547 0.942057 0.023438 0.029948
0 0.847656 0.867188 0.019531 0.023438
0 0.888184 0.895182 0.022461 0.027344
0 0.963379 0.957682 0.016602 0.022135
0 0.636230 0.265625 0.026367 0.036458
0 0.608887 0.320964 0.020508 0.024740
0 0.662598 0.315104 0.018555 0.026042
0 0.677734 0.288411 0.025391 0.027344
0 0.674316 0.432292 0.020508 0.026042
0 0.717285 0.369141 0.020508 0.022135
0 0.755859 0.317708 0.023438 0.028646
0 0.770020 0.342448 0.020508 0.031250
0 0.799316 0.381510 0.020508 0.031250
0 0.831055 0.462240 0.023438 0.031250
0 0.851074 0.468750 0.016602 0.020833
0 0.815918 0.547526 0.018555 0.024740
0 0.875000 0.531250 0.019531 0.028646
0 0.928223 0.569661 0.024414 0.032552
0 0.937988 0.336589 0.024414 0.029948
0 0.875488 0.307292 0.020508 0.026042
0 0.883301 0.282552 0.018555 0.023438
0 0.947266 0.257161 0.023438 0.035156
0 0.723633 0.204427 0.023438 0.036458
0 0.786133 0.216797 0.019531 0.027344
0 0.889648 0.212240 0.025391 0.033854
0 0.915039 0.200521 0.019531 0.031250
0 0.857422 0.125651 0.017578 0.024740
0 0.701172 0.069661 0.019531 0.029948
0 0.758789 0.145833 0.017578 0.023438
0 0.693359 0.033203 0.015625 0.022135
0 0.666992 0.026042 0.019531 0.026042
0 0.729492 0.024089 0.017578 0.022135
0 0.823242 0.050130 0.019531 0.029948
0 0.924805 0.066406 0.017578 0.031250
0 0.877441 0.009766 0.016602 0.016927
0 0.845703 0.007812 0.015625 0.013021
1 0.534668 0.162109 0.020508 0.027344
1 0.656250 0.129557 0.017578 0.024740
1 0.685547 0.114583 0.017578 0.023438
1 0.705078 0.121745 0.017578 0.024740
1 0.713867 0.142578 0.015625 0.019531
1 0.715820 0.168620 0.013672 0.019531
1 0.733398 0.163411 0.013672 0.024740
1 0.745117 0.105469 0.015625 0.023438
1 0.723145 0.069661 0.018555 0.022135
1 0.721191 0.041016 0.014648 0.016927
1 0.743652 0.053385 0.012695 0.020833
1 0.767090 0.037109 0.014648 0.022135
1 0.785645 0.012370 0.022461 0.019531
1 0.800293 0.029297 0.016602 0.022135
1 0.854492 0.046224 0.023438 0.029948
1 0.843262 0.074219 0.018555 0.026042
1 0.700684 0.007812 0.018555 0.013021
1 0.779297 0.111979 0.013672 0.023438
1 0.796875 0.091146 0.015625 0.020833
1 0.771973 0.166016 0.014648 0.027344
1 0.803711 0.168620 0.015625 0.027344
1 0.833008 0.164714 0.013672 0.019531
1 0.837402 0.194661 0.014648 0.027344
1 0.867188 0.220052 0.013672 0.031250
1 0.898438 0.145833 0.019531 0.028646
1 0.912598 0.118490 0.020508 0.023438
1 0.947754 0.031901 0.018555 0.032552
1 0.963379 0.059245 0.014648 0.022135
1 0.964355 0.108073 0.018555 0.020833
1 0.969727 0.139323 0.019531 0.023438
1 0.971680 0.011068 0.017578 0.019531
1 0.989258 0.222005 0.019531 0.027344
1 0.992676 0.258464 0.014648 0.035156
1 0.924316 0.246094 0.014648 0.020833
1 0.921875 0.285156 0.017578 0.028646
1 0.942383 0.291016 0.019531 0.022135
1 0.787109 0.274089 0.017578 0.029948
1 0.759277 0.257812 0.018555 0.031250
1 0.814453 0.225911 0.013672 0.016927
1 0.819824 0.242839 0.018555 0.016927
1 0.818359 0.290365 0.013672 0.020833
1 0.838867 0.283203 0.019531 0.029948
1 0.903320 0.337240 0.013672 0.020833
1 0.945312 0.419271 0.017578 0.023438
1 0.882324 0.461589 0.020508 0.029948
1 0.904785 0.411458 0.016602 0.020833
1 0.703125 0.236979 0.013672 0.026042
1 0.696289 0.194010 0.017578 0.018229
1 0.683594 0.231771 0.013672 0.023438
1 0.664551 0.213542 0.016602 0.018229
1 0.694824 0.337240 0.016602 0.018229
1 0.683594 0.313151 0.013672 0.016927
1 0.700195 0.297526 0.013672 0.016927
1 0.729492 0.393229 0.017578 0.018229
1 0.793945 0.408854 0.019531 0.028646
1 0.842773 0.497396 0.019531 0.026042
1 0.846680 0.561849 0.023438 0.029948
1 0.875977 0.604818 0.017578 0.032552
1 0.917969 0.478516 0.015625 0.024740
1 0.945312 0.477214 0.015625 0.024740
1 0.968262 0.541016 0.016602 0.019531
1 0.941406 0.628906 0.021484 0.026042
1 0.861816 0.651042 0.012695 0.020833
1 0.875000 0.707682 0.015625 0.022135
1 0.876465 0.740234 0.016602 0.024740
1 0.910156 0.749349 0.019531 0.027344
1 0.917969 0.790365 0.015625 0.039062
1 0.935547 0.814453 0.019531 0.024740
1 0.957520 0.802734 0.018555 0.024740
1 0.993164 0.774089 0.013672 0.019531
1 0.979004 0.829427 0.020508 0.018229
1 0.972168 0.866536 0.016602 0.024740
1 0.966309 0.908203 0.022461 0.024740
1 0.903320 0.976562 0.015625 0.028646
1 0.860840 0.932943 0.014648 0.022135
1 0.833008 0.960938 0.019531 0.023438
1 0.867188 0.819010 0.019531 0.018229
1 0.873047 0.841797 0.017578 0.024740
1 0.703613 0.852865 0.024414 0.031250
1 0.737793 0.791667 0.014648 0.023438
1 0.773926 0.724609 0.018555 0.027344
1 0.786133 0.660807 0.013672 0.024740
1 0.792969 0.755859 0.021484 0.024740
1 0.595703 0.891276 0.021484 0.027344
1 0.605469 0.832031 0.015625 0.026042
1 0.586426 0.789714 0.014648 0.024740
1 0.601074 0.740885 0.022461 0.026042
1 0.600586 0.687500 0.021484 0.023438
1 0.650879 0.655599 0.016602 0.022135
1 0.704590 0.572917 0.014648 0.026042
1 0.713379 0.602865 0.014648 0.018229
1 0.651855 0.610026 0.026367 0.024740
1 0.702148 0.688802 0.015625 0.018229
1 0.646973 0.757812 0.018555 0.023438
1 0.636719 0.723307 0.017578 0.019531
1 0.598633 0.958333 0.015625 0.018229
1 0.617188 0.964193 0.017578 0.019531
1 0.536133 0.669922 0.017578 0.019531
1 0.530273 0.481771 0.019531 0.023438
1 0.566406 0.460938 0.015625 0.020833
1 0.604492 0.474609 0.013672 0.019531
1 0.624023 0.509115 0.013672 0.023438
1 0.595703 0.526693 0.023438 0.019531
1 0.555176 0.497396 0.014648 0.026042
1 0.573242 0.587240 0.023438 0.026042
1 0.601074 0.610677 0.014648 0.018229
1 0.610352 0.390625 0.023438 0.036458
1 0.587891 0.415365 0.017578 0.026042
1 0.586914 0.361328 0.017578 0.022135
1 0.604004 0.356771 0.016602 0.020833
1 0.571777 0.748047 0.014648 0.022135
1 0.674805 0.753255 0.015625 0.024740
1 0.682617 0.475911 0.015625 0.016927
1 0.763672 0.455078 0.013672 0.019531
1 0.551270 0.349609 0.016602 0.022135
1 0.550781 0.317057 0.017578 0.019531
1 0.548828 0.264323 0.017578 0.028646
1 0.582520 0.218750 0.016602 0.028646
1 0.594238 0.254557 0.014648 0.016927
1 0.603516 0.280599 0.023438 0.022135
1 0.582520 0.298828 0.014648 0.022135
1 0.561523 0.119141 0.013672 0.024740
1 0.488770 0.349609 0.014648 0.024740
1 0.503418 0.358073 0.014648 0.026042
1 0.457031 0.117839 0.015625 0.022135
1 0.504883 0.045573 0.019531 0.023438
1 0.517090 0.073568 0.020508 0.022135
1 0.585449 0.062500 0.018555 0.020833
1 0.595703 0.089844 0.013672 0.018229
1 0.587891 0.114583 0.013672 0.020833
1 0.639160 0.024089 0.016602 0.024740
1 0.591309 0.035807 0.016602 0.024740
1 0.581055 0.016276 0.019531 0.027344
1 0.545898 0.010417 0.021484 0.015625
1 0.400391 0.210286 0.017578 0.019531
1 0.456543 0.217448 0.014648 0.026042
1 0.500000 0.273438 0.015625 0.020833
1 0.520020 0.281250 0.020508 0.028646
1 0.304688 0.047526 0.015625 0.027344
1 0.325195 0.076172 0.017578 0.022135
1 0.352539 0.060547 0.015625 0.024740
1 0.345215 0.117188 0.022461 0.026042
1 0.430176 0.017578 0.014648 0.019531
1 0.335449 0.155599 0.016602 0.019531
1 0.265625 0.151693 0.017578 0.024740
1 0.305176 0.207031 0.022461 0.028646
1 0.345703 0.255208 0.021484 0.026042
1 0.266602 0.234375 0.019531 0.020833
1 0.244141 0.246745 0.015625 0.019531
1 0.207031 0.296224 0.023438 0.035156
1 0.175781 0.228516 0.017578 0.029948
1 0.219727 0.189453 0.015625 0.024740
1 0.198242 0.157552 0.019531 0.026042
1 0.172852 0.135417 0.017578 0.018229
1 0.192383 0.061198 0.015625 0.026042
1 0.072754 0.031250 0.014648 0.018229
1 0.087891 0.041667 0.015625 0.020833
1 0.089355 0.079427 0.016602 0.020833
1 0.073730 0.097005 0.010742 0.019531
1 0.018066 0.291667 0.020508 0.020833
1 0.031738 0.348958 0.024414 0.028646
1 0.230957 0.347656 0.026367 0.033854
1 0.243652 0.380208 0.016602 0.018229
1 0.226562 0.419922 0.017578 0.024740
1 0.181641 0.382161 0.015625 0.022135
1 0.146973 0.406250 0.020508 0.026042
1 0.170898 0.427083 0.019531 0.026042
1 0.129395 0.475260 0.010742 0.020833
1 0.171387 0.518229 0.014648 0.026042
1 0.271484 0.309896 0.015625 0.018229
1 0.151367 0.028646 0.015625 0.026042
1 0.070312 0.149740 0.013672 0.018229
1 0.071777 0.134115 0.016602 0.013021
1 0.056152 0.485026 0.016602 0.022135
1 0.028809 0.556641 0.016602 0.024740
1 0.007324 0.552734 0.012695 0.019531
1 0.139160 0.563802 0.016602 0.023438
1 0.121582 0.592448 0.016602 0.020833
1 0.170410 0.620443 0.012695 0.024740
1 0.156250 0.686849 0.015625 0.027344
1 0.280273 0.638672 0.019531 0.022135
1 0.310059 0.616536 0.018555 0.022135
1 0.349609 0.600260 0.019531 0.026042
1 0.286621 0.594401 0.020508 0.022135
1 0.284180 0.542969 0.019531 0.026042
1 0.349121 0.500000 0.014648 0.023438
1 0.293945 0.502604 0.015625 0.020833
1 0.366211 0.567708 0.013672 0.018229
1 0.360352 0.628255 0.011719 0.016927
1 0.373047 0.650391 0.019531 0.019531
1 0.391113 0.629557 0.016602 0.022135
1 0.434570 0.634115 0.013672 0.015625
1 0.234863 0.574870 0.014648 0.024740
1 0.056641 0.702474 0.019531 0.019531
1 0.042969 0.862630 0.021484 0.027344
1 0.118652 0.869792 0.020508 0.020833
1 0.144531 0.886719 0.019531 0.031250
1 0.220215 0.921875 0.024414 0.028646
1 0.286133 0.866536 0.029297 0.045573
1 0.233887 0.804036 0.016602 0.024740
1 0.237305 0.773438 0.019531 0.015625
1 0.104492 0.756510 0.015625 0.028646
1 0.289062 0.820312 0.013672 0.018229
1 0.293457 0.734375 0.016602 0.036458
1 0.311523 0.800130 0.021484 0.027344
1 0.306641 0.914714 0.019531 0.024740
1 0.305664 0.968750 0.019531 0.020833
1 0.354980 0.889323 0.018555 0.023438
1 0.417480 0.788411 0.016602 0.024740
1 0.442871 0.702474 0.018555 0.027344
1 0.408691 0.697917 0.014648 0.023438
1 0.471191 0.753255 0.020508 0.022135
1 0.389160 0.714844 0.014648 0.020833
1 0.490234 0.801432 0.017578 0.027344
1 0.526367 0.743490 0.021484 0.028646
1 0.582031 0.652344 0.017578 0.015625
1 0.747559 0.485026 0.016602 0.024740
1 0.977539 0.291667 0.015625 0.015625
1 0.960938 0.214193 0.017578 0.022135
1 0.401855 0.917969 0.012695 0.018229
1 0.412109 0.981120 0.013672 0.022135
1 0.429199 0.986328 0.014648 0.019531
1 0.424316 0.331380 0.016602 0.019531
1 0.440430 0.335286 0.013672 0.022135
1 0.400879 0.070964 0.014648 0.016927
1 0.361328 0.091797 0.013672 0.016927
1 0.180176 0.104167 0.014648 0.018229
0 0.008301 0.165365 0.014648 0.039062
0 0.011230 0.074219 0.020508 0.031250
