0 0.407715 0.472005 0.016602 0.024740
0 0.425781 0.367839 0.019531 0.024740
0 0.407715 0.322917 0.016602 0.026042
0 0.414551 0.247396 0.014648 0.018229
0 0.366699 0.296875 0.014648 0.020833
0 0.328613 0.219401 0.016602 0.024740
0 0.360840 0.522786 0.018555 0.024740
0 0.352051 0.545573 0.010742 0.020833
0 0.364258 0.549479 0.017578 0.023438
0 0.427734 0.522786 0.023438 0.029948
0 0.506836 0.515625 0.015625 0.020833
0 0.596680 0.487630 0.015625 0.022135
0 0.663086 0.477214 0.017578 0.022135
0 0.679199 0.384766 0.018555 0.024740
0 0.709473 0.416016 0.018555 0.022135
0 0.645508 0.355469 0.017578 0.023438
0 0.743652 0.432292 0.018555 0.026042
0 0.768555 0.449219 0.015625 0.023438
0 0.796387 0.470052 0.020508 0.028646
0 0.809570 0.407552 0.019531 0.023438
0 0.879883 0.440755 0.017578 0.024740
0 0.769531 0.363281 0.017578 0.023438
0 0.812012 0.354167 0.014648 0.020833
0 0.838867 0.326172 0.019531 0.024740
0 0.873047 0.336589 0.015625 0.019531
0 0.907227 0.313151 0.017578 0.024740
0 0.850586 0.468750 0.017578 0.026042
0 0.860352 0.501953 0.019531 0.027344
0 0.879883 0.484375 0.017578 0.023438
0 0.952148 0.486328 0.017578 0.024740
0 0.989258 0.450521 0.019531 0.023438
0 0.993652 0.475260 0.012695 0.026042
0 0.769531 0.597656 0.017578 0.026042
0 0.731934 0.608073 0.018555 0.023438
0 0.749512 0.658854 0.014648 0.018229
0 0.822266 0.623698 0.017578 0.020833
0 0.679199 0.702474 0.020508 0.032552
0 0.708984 0.755208 0.015625 0.023438
0 0.789551 0.777995 0.022461 0.035156
0 0.776367 0.809896 0.021484 0.026042
0 0.758301 0.784505 0.016602 0.024740
0 0.743652 0.830078 0.014648 0.022135
0 0.931641 0.618490 0.015625 0.026042
0 0.842773 0.762370 0.019531 0.024740
0 0.892090 0.740885 0.016602 0.023438
0 0.930176 0.818359 0.014648 0.022135
0 0.989258 0.733073 0.017578 0.026042
0 0.872070 0.781901 0.023438 0.032552
0 0.854492 0.798828 0.021484 0.024740
0 0.939453 0.911458 0.015625 0.023438
0 0.967285 0.953776 0.020508 0.024740
0 0.995605 0.960286 0.008789 0.029948
0 0.849121 0.912109 0.014648 0.019531
0 0.816406 0.902995 0.015625 0.019531
0 0.750977 0.941406 0.017578 0.023438
0 0.779297 0.956380 0.015625 0.022135
0 0.806641 0.967448 0.027344 0.041667
0 0.842285 0.965495 0.030273 0.042969
0 0.868652 0.994792 0.018555 0.010417
0 0.827148 0.992188 0.015625 0.015625
0 0.653809 0.802734 0.016602 0.024740
0 0.681152 0.858724 0.016602 0.024740
0 0.665039 0.888672 0.017578 0.027344
0 0.615723 0.866536 0.018555 0.022135
0 0.602051 0.899740 0.016602 0.020833
0 0.540527 0.970703 0.018555 0.027344
0 0.600098 0.983724 0.018555 0.024740
0 0.628906 0.985677 0.019531 0.026042
0 0.508301 0.928385 0.016602 0.023438
0 0.510254 0.895182 0.020508 0.024740
0 0.528320 0.848307 0.021484 0.027344
0 0.584473 0.823568 0.020508 0.027344
0 0.548340 0.764323 0.024414 0.028646
0 0.634766 0.724609 0.019531 0.024740
0 0.562500 0.722656 0.017578 0.026042
0 0.583008 0.685547 0.017578 0.027344
0 0.604492 0.620443 0.019531 0.029948
0 0.660156 0.631510 0.017578 0.023438
0 0.648926 0.611328 0.014648 0.024740
0 0.650391 0.580729 0.015625 0.020833
0 0.627441 0.566406 0.016602 0.023438
0 0.550293 0.600260 0.018555 0.023438
0 0.541992 0.649089 0.017578 0.024740
0 0.517578 0.720703 0.021484 0.029948
0 0.488281 0.724609 0.015625 0.022135
0 0.457520 0.736328 0.018555 0.027344
0 0.431152 0.778646 0.016602 0.023438
0 0.417480 0.815755 0.020508 0.024740
0 0.387695 0.857422 0.017578 0.022135
0 0.436035 0.903646 0.018555 0.023438
0 0.475098 0.958333 0.016602 0.023438
0 0.577637 0.416667 0.018555 0.026042
0 0.584473 0.337891 0.016602 0.022135
0 0.571777 0.319661 0.018555 0.022135
0 0.587402 0.307943 0.016602 0.019531
0 0.592285 0.270182 0.016602 0.022135
0 0.705566 0.304036 0.014648 0.022135
0 0.689941 0.269531 0.018555 0.026042
0 0.659180 0.238932 0.019531 0.024740
0 0.647949 0.212891 0.016602 0.024740
0 0.699707 0.227865 0.024414 0.031250
0 0.743652 0.198568 0.022461 0.032552
0 0.772949 0.233724 0.022461 0.027344
0 0.796875 0.229167 0.017578 0.023438
0 0.809082 0.254557 0.020508 0.029948
0 0.829102 0.183594 0.019531 0.026042
0 0.846680 0.233724 0.021484 0.027344
0 0.843262 0.256510 0.016602 0.018229
0 0.845703 0.275391 0.017578 0.022135
0 0.868164 0.210286 0.017578 0.024740
0 0.914551 0.228516 0.016602 0.022135
0 0.959473 0.201172 0.018555 0.024740
0 0.954590 0.137370 0.018555 0.024740
0 0.947754 0.285807 0.014648 0.024740
0 0.987305 0.275391 0.015625 0.022135
0 0.995605 0.186198 0.008789 0.028646
0 0.978516 0.019531 0.019531 0.028646
0 0.853516 0.098958 0.021484 0.028646
0 0.802734 0.086589 0.017578 0.024740
0 0.789062 0.124349 0.019531 0.027344
0 0.907715 0.046224 0.014648 0.019531
0 0.905273 0.026693 0.017578 0.022135
0 0.749023 0.119141 0.017578 0.022135
0 0.675293 0.177734 0.016602 0.022135
0 0.688477 0.149089 0.015625 0.022135
0 0.712402 0.138672 0.016602 0.027344
0 0.705078 0.101562 0.017578 0.023438
0 0.725098 0.074219 0.018555 0.028646
0 0.707031 0.006510 0.019531 0.010417
0 0.563965 0.010417 0.018555 0.018229
0 0.590332 0.022135 0.016602 0.023438
0 0.570801 0.065755 0.018555 0.022135
0 0.535156 0.049479 0.023438 0.026042
0 0.601074 0.105469 0.020508 0.028646
0 0.608398 0.141927 0.015625 0.020833
0 0.630371 0.136068 0.018555 0.024740
0 0.649414 0.114583 0.025391 0.031250
0 0.539062 0.138021 0.015625 0.020833
0 0.503906 0.139974 0.017578 0.024740
0 0.534668 0.190755 0.022461 0.029948
0 0.520508 0.225911 0.017578 0.022135
0 0.500977 0.258464 0.017578 0.022135
0 0.482422 0.283854 0.019531 0.023438
0 0.484863 0.330078 0.018555 0.024740
0 0.505859 0.324219 0.019531 0.026042
0 0.489746 0.452474 0.018555 0.022135
0 0.473145 0.208333 0.020508 0.023438
0 0.480957 0.178385 0.020508 0.023438
0 0.415527 0.179036 0.014648 0.022135
0 0.433105 0.158203 0.018555 0.024740
0 0.431152 0.117188 0.018555 0.023438
0 0.382812 0.141276 0.015625 0.019531
0 0.351562 0.039062 0.017578 0.023438
0 0.353027 0.070964 0.018555 0.024740
0 0.372070 0.089193 0.019531 0.024740
0 0.387207 0.102214 0.016602 0.022135
0 0.359375 0.119141 0.025391 0.032552
0 0.398438 0.677734 0.017578 0.024740
0 0.369629 0.705729 0.014648 0.020833
0 0.388672 0.712891 0.017578 0.024740
0 0.367188 0.738932 0.019531 0.027344
0 0.356934 0.765625 0.016602 0.023438
0 0.322754 0.732422 0.020508 0.022135
0 0.312988 0.694010 0.018555 0.026042
0 0.282227 0.731120 0.019531 0.022135
0 0.250977 0.740885 0.017578 0.023438
0 0.273438 0.822917 0.013672 0.018229
0 0.277832 0.919922 0.020508 0.024740
0 0.358887 0.977865 0.018555 0.020833
0 0.409668 0.981771 0.014648 0.026042
0 0.428711 0.987630 0.015625 0.022135
0 0.199707 0.875000 0.022461 0.028646
0 0.198730 0.941406 0.022461 0.028646
0 0.250977 0.955729 0.015625 0.020833
0 0.224609 0.990885 0.019531 0.018229
0 0.311035 0.994141 0.014648 0.011719
0 0.185059 0.979818 0.018555 0.027344
0 0.159668 0.979167 0.018555 0.026042
0 0.138672 0.988281 0.015625 0.023438
0 0.142090 0.948568 0.016602 0.022135
0 0.123535 0.954427 0.014648 0.020833
0 0.133301 0.914062 0.016602 0.020833
0 0.091309 0.917318 0.016602 0.024740
0 0.063477 0.922526 0.015625 0.022135
0 0.026855 0.949870 0.018555 0.022135
0 0.019043 0.907552 0.024414 0.028646
0 0.142578 0.791667 0.021484 0.031250
0 0.064941 0.814453 0.016602 0.022135
0 0.013672 0.758464 0.015625 0.022135
0 0.034180 0.750651 0.015625 0.022135
0 0.056641 0.704427 0.017578 0.023438
0 0.062500 0.733073 0.017578 0.020833
0 0.065430 0.768229 0.017578 0.028646
0 0.084473 0.757812 0.014648 0.020833
0 0.082520 0.777344 0.010742 0.020833
0 0.097656 0.788411 0.017578 0.027344
0 0.105957 0.727865 0.016602 0.023438
0 0.135254 0.735026 0.018555 0.024740
0 0.170898 0.759766 0.019531 0.029948
0 0.187012 0.766927 0.014648 0.018229
0 0.191406 0.725911 0.013672 0.024740
0 0.223145 0.690755 0.018555 0.022135
0 0.131348 0.710286 0.016602 0.019531
0 0.168457 0.714844 0.014648 0.015625
0 0.126953 0.684896 0.015625 0.020833
0 0.141113 0.658854 0.014648 0.023438
0 0.007812 0.659505 0.013672 0.022135
0 0.018066 0.614583 0.018555 0.023438
0 0.053223 0.625000 0.018555 0.020833
0 0.244629 0.619792 0.022461 0.028646
0 0.236816 0.570964 0.014648 0.019531
0 0.270020 0.508464 0.014648 0.019531
0 0.144531 0.556641 0.017578 0.022135
0 0.117188 0.519531 0.017578 0.023438
0 0.173340 0.475260 0.016602 0.023438
0 0.192871 0.522135 0.014648 0.020833
0 0.203613 0.501302 0.018555 0.020833
0 0.286621 0.424479 0.012695 0.018229
0 0.338867 0.400391 0.015625 0.022135
0 0.334473 0.369792 0.020508 0.026042
0 0.355469 0.378906 0.017578 0.026042
0 0.198242 0.407552 0.015625 0.020833
0 0.274414 0.354167 0.021484 0.026042
0 0.235840 0.321615 0.018555 0.023438
0 0.185059 0.269531 0.020508 0.026042
0 0.253906 0.217448 0.017578 0.018229
0 0.304688 0.127604 0.019531 0.023438
0 0.256836 0.128906 0.019531 0.023438
0 0.224609 0.160807 0.017578 0.024740
0 0.189941 0.193359 0.016602 0.022135
0 0.133301 0.400391 0.018555 0.022135
0 0.134277 0.369792 0.024414 0.026042
0 0.149902 0.343099 0.018555 0.022135
0 0.070312 0.355469 0.019531 0.023438
0 0.041016 0.355469 0.015625 0.020833
0 0.036133 0.400391 0.015625 0.022135
0 0.068359 0.436198 0.017578 0.023438
0 0.072266 0.416016 0.015625 0.019531
0 0.098633 0.324219 0.017578 0.023438
0 0.093750 0.280599 0.019531 0.024740
0 0.064453 0.283203 0.015625 0.022135
0 0.140625 0.244141 0.015625 0.024740
0 0.052246 0.227865 0.020508 0.033854
0 0.082031 0.229818 0.019531 0.024740
0 0.181152 0.108724 0.018555 0.024740
0 0.170898 0.042318 0.019531 0.027344
0 0.156738 0.100260 0.014648 0.020833
0 0.084473 0.024089 0.016602 0.019531
0 0.022461 0.019531 0.017578 0.023438
0 0.030762 0.058594 0.014648 0.023438
0 0.009766 0.060547 0.017578 0.027344
0 0.088379 0.498047 0.016602 0.019531
0 0.017090 0.500651 0.016602 0.024740
0 0.005371 0.407552 0.008789 0.020833
0 0.033691 0.167318 0.016602 0.024740
0 0.051270 0.125000 0.014648 0.018229
0 0.097656 0.132812 0.013672 0.018229
0 0.068359 0.181641 0.013672 0.016927
0 0.125000 0.152995 0.015625 0.024740
0 0.134766 0.105469 0.019531 0.026042
0 0.133789 0.130208 0.019531 0.020833
0 0.147461 0.147135 0.017578 0.023438
0 0.274414 0.386719 0.011719 0.020833
0 0.238281 0.386719 0.011719 0.018229
0 0.231445 0.010417 0.017578 0.018229
0 0.290039 0.013021 0.019531 0.023438
0 0.423828 0.010417 0.025391 0.018229
0 0.006836 0.280599 0.011719 0.024740
1 0.416992 0.040365 0.021484 0.028646
1 0.742188 0.019531 0.011719 0.020833
1 0.754395 0.400391 0.022461 0.029948
1 0.528809 0.354818 0.016602 0.022135
1 0.612305 0.575521 0.017578 0.026042
1 0.669434 0.597656 0.018555 0.026042
1 0.780273 0.877604 0.017578 0.018229
1 0.954590 0.757812 0.014648 0.020833
1 0.749023 0.759115 0.017578 0.033854
1 0.569336 0.852214 0.013672 0.019531
1 0.576660 0.921224 0.014648 0.019531
1 0.361328 0.940104 0.019531 0.023438
1 0.486328 0.924479 0.017578 0.023438
1 0.491211 0.942708 0.013672 0.020833
1 0.111328 0.916016 0.021484 0.029948
1 0.182617 0.791667 0.023438 0.026042
1 0.187500 0.856120 0.013672 0.019531
1 0.024902 0.729818 0.014648 0.016927
1 0.059082 0.479818 0.016602 0.022135
1 0.107422 0.149089 0.017578 0.024740
1 0.342285 0.296224 0.018555 0.022135
1 0.776855 0.555990 0.020508 0.023438
0 0.937500 0.712240 0.013672 0.023438
0 0.935547 0.689453 0.013672 0.022135
0 0.923828 0.684896 0.013672 0.018229
0 0.920410 0.711589 0.016602 0.027344
