0 0.683105 0.514974 0.018555 0.027344
0 0.690430 0.442057 0.019531 0.027344
0 0.682129 0.324870 0.018555 0.022135
0 0.810059 0.351562 0.020508 0.028646
0 0.901855 0.266927 0.022461 0.031250
0 0.875977 0.299479 0.019531 0.028646
0 0.807617 0.116536 0.015625 0.024740
0 0.817871 0.073568 0.018555 0.027344
0 0.933594 0.501302 0.015625 0.026042
0 0.859375 0.612630 0.017578 0.024740
0 0.940918 0.707682 0.012695 0.022135
0 0.955566 0.199870 0.016602 0.024740
0 0.764648 0.313151 0.019531 0.024740
0 0.799316 0.693359 0.018555 0.022135
0 0.835938 0.778646 0.021484 0.026042
0 0.932617 0.861328 0.023438 0.024740
0 0.913086 0.951172 0.017578 0.027344
0 0.764648 0.957682 0.019531 0.024740
0 0.740234 0.958984 0.017578 0.024740
0 0.581055 0.890625 0.023438 0.031250
0 0.617188 0.891276 0.017578 0.024740
0 0.613281 0.920573 0.013672 0.018229
0 0.631348 0.917318 0.016602 0.024740
0 0.695312 0.824870 0.015625 0.016927
0 0.689941 0.623698 0.014648 0.023438
0 0.747559 0.652995 0.016602 0.022135
0 0.757812 0.673177 0.015625 0.018229
0 0.664062 0.985677 0.017578 0.020833
0 0.495117 0.716146 0.015625 0.020833
0 0.518555 0.673177 0.017578 0.026042
0 0.520996 0.613281 0.016602 0.023438
0 0.575195 0.659505 0.015625 0.019531
0 0.632324 0.656901 0.018555 0.040365
0 0.437500 0.904297 0.019531 0.027344
0 0.443848 0.690104 0.016602 0.023438
0 0.384766 0.869792 0.013672 0.015625
0 0.374512 0.901042 0.014648 0.020833
0 0.232422 0.986328 0.019531 0.027344
0 0.145020 0.842448 0.020508 0.026042
0 0.055176 0.904948 0.020508 0.031250
0 0.062988 0.986979 0.018555 0.026042
0 0.148926 0.919271 0.020508 0.026042
0 0.157715 0.939453 0.014648 0.022135
0 0.385742 0.717448 0.015625 0.020833
0 0.436035 0.563151 0.014648 0.022135
0 0.347656 0.640625 0.013672 0.023438
0 0.286133 0.545573 0.021484 0.028646
0 0.359375 0.453125 0.017578 0.026042
0 0.364258 0.402344 0.015625 0.023438
0 0.408691 0.404297 0.012695 0.016927
0 0.409180 0.346354 0.013672 0.023438
0 0.435059 0.376302 0.016602 0.023438
0 0.444336 0.397135 0.021484 0.026042
0 0.518066 0.178385 0.016602 0.026042
0 0.516602 0.083984 0.019531 0.027344
0 0.561035 0.108073 0.012695 0.018229
0 0.250000 0.539062 0.019531 0.026042
0 0.211914 0.245443 0.019531 0.027344
0 0.346680 0.171224 0.015625 0.024740
0 0.378906 0.323568 0.017578 0.019531
0 0.373535 0.302083 0.010742 0.020833
0 0.949707 0.586589 0.016602 0.022135
0 0.282715 0.100911 0.020508 0.029948
0 0.275391 0.058594 0.019531 0.026042
0 0.092773 0.044271 0.015625 0.023438
0 0.062012 0.235677 0.022461 0.031250
0 0.067871 0.300781 0.016602 0.023438
0 0.299805 0.266276 0.015625 0.022135
0 0.197754 0.563802 0.018555 0.026042
0 0.149414 0.536458 0.017578 0.026042
0 0.160156 0.464193 0.017578 0.024740
0 0.133789 0.462891 0.019531 0.029948
0 0.213379 0.621745 0.020508 0.022135
0 0.274902 0.699870 0.016602 0.024740
0 0.234863 0.655599 0.018555 0.024740
0 0.167969 0.647135 0.017578 0.023438
0 0.132324 0.652995 0.014648 0.022135
0 0.136719 0.674479 0.019531 0.023438
0 0.087402 0.649089 0.020508 0.029948
0 0.842285 0.163411 0.012695 0.027344
0 0.007812 0.453776 0.013672 0.024740
0 0.064453 0.460938 0.019531 0.026042
0 0.025391 0.794271 0.021484 0.031250
0 0.287598 0.311198 0.014648 0.020833
0 0.211426 0.029948 0.018555 0.023438
0 0.128418 0.546224 0.014648 0.027344
1 0.084961 0.207031 0.017578 0.023438
1 0.234863 0.149089 0.020508 0.027344
1 0.287109 0.150391 0.011719 0.019531
1 0.299316 0.162109 0.012695 0.024740
1 0.407715 0.170573 0.014648 0.023438
1 0.559570 0.058594 0.017578 0.023438
1 0.769043 0.415365 0.022461 0.026042
1 0.575684 0.412760 0.012695 0.018229
1 0.562012 0.426432 0.012695 0.022135
1 0.253418 0.500000 0.016602 0.023438
1 0.340820 0.355469 0.019531 0.023438
1 0.249023 0.395182 0.017578 0.019531
1 0.585449 0.622396 0.016602 0.023438
1 0.537109 0.669271 0.013672 0.023438
1 0.677246 0.772135 0.012695 0.023438
1 0.710938 0.623698 0.019531 0.028646
1 0.732422 0.807943 0.019531 0.027344
1 0.719727 0.875651 0.019531 0.029948
1 0.812500 0.915365 0.015625 0.026042
1 0.864258 0.535156 0.015625 0.020833
1 0.944336 0.632812 0.015625 0.020833
1 0.881836 0.472005 0.013672 0.024740
1 0.987793 0.542318 0.024414 0.037760
1 0.477051 0.814453 0.018555 0.022135
1 0.547363 0.909505 0.014648 0.022135
1 0.490234 0.895182 0.023438 0.027344
1 0.228516 0.792969 0.017578 0.028646
1 0.100586 0.913411 0.013672 0.019531
1 0.072266 0.847005 0.019531 0.024740
1 0.131348 0.594401 0.018555 0.022135
1 0.600098 0.297526 0.018555 0.035156
1 0.809570 0.476562 0.013672 0.028646
1 0.943359 0.042969 0.013672 0.018229
1 0.541504 0.214844 0.016602 0.020833
1 0.140625 0.283203 0.021484 0.019531
1 0.045410 0.333984 0.014648 0.019531
1 0.338379 0.873698 0.012695 0.015625
1 0.623047 0.989583 0.019531 0.020833
1 0.567383 0.722005 0.021484 0.014323
1 0.905273 0.807292 0.011719 0.028646
1 0.201172 0.391276 0.017578 0.016927
1 0.066406 0.648438 0.011719 0.015625
1 0.251465 0.753906 0.014648 0.023438
1 0.486816 0.156901 0.012695 0.019531
1 0.969238 0.328125 0.022461 0.031250
1 0.604004 0.651042 0.020508 0.036458
1 0.849609 0.764323 0.017578 0.020833
0 0.242188 0.807292 0.015625 0.020833
0 0.896973 0.300130 0.016602 0.022135
1 0.735352 0.860026 0.019531 0.027344
