0 0.617676 0.545573 0.018555 0.026042
0 0.645020 0.565104 0.018555 0.023438
0 0.608398 0.589844 0.017578 0.020833
0 0.677246 0.493490 0.012695 0.018229
0 0.750977 0.497396 0.021484 0.028646
0 0.727539 0.455729 0.017578 0.026042
0 0.789551 0.417969 0.022461 0.033854
0 0.859863 0.434245 0.018555 0.024740
0 0.824219 0.356771 0.017578 0.026042
0 0.811035 0.332682 0.016602 0.022135
0 0.867188 0.373047 0.017578 0.019531
0 0.868164 0.350260 0.019531 0.020833
0 0.862305 0.518229 0.019531 0.028646
0 0.907227 0.490234 0.019531 0.024740
0 0.854004 0.562500 0.022461 0.028646
0 0.856934 0.606771 0.016602 0.023438
0 0.948242 0.553385 0.019531 0.026042
0 0.979980 0.478516 0.016602 0.024740
0 0.966797 0.629557 0.021484 0.032552
0 0.934570 0.681641 0.019531 0.027344
0 0.976562 0.760417 0.015625 0.020833
0 0.943848 0.770182 0.018555 0.032552
0 0.881348 0.775391 0.022461 0.027344
0 0.844727 0.660807 0.017578 0.024740
0 0.779297 0.608073 0.015625 0.018229
0 0.778320 0.660156 0.017578 0.020833
0 0.803711 0.707031 0.017578 0.020833
0 0.813965 0.731120 0.014648 0.019531
0 0.817871 0.772786 0.016602 0.024740
0 0.823242 0.832031 0.021484 0.031250
0 0.870117 0.685547 0.017578 0.024740
0 0.870605 0.722656 0.032227 0.044271
0 0.729004 0.656901 0.018555 0.024740
0 0.719727 0.606120 0.013672 0.019531
0 0.677246 0.669922 0.020508 0.032552
0 0.612305 0.696615 0.019531 0.023438
0 0.640137 0.720052 0.016602 0.020833
0 0.647949 0.789714 0.020508 0.029948
0 0.683105 0.873698 0.020508 0.026042
0 0.718750 0.867839 0.015625 0.024740
0 0.730469 0.884766 0.013672 0.019531
0 0.743652 0.934245 0.012695 0.019531
0 0.793457 0.888672 0.014648 0.024740
0 0.684570 0.967448 0.019531 0.026042
0 0.728027 0.959635 0.038086 0.031250
0 0.826172 0.983073 0.019531 0.020833
0 0.962891 0.916667 0.017578 0.023438
0 0.990723 0.934245 0.016602 0.024740
0 0.963867 0.983724 0.023438 0.029948
0 0.960449 0.339193 0.010742 0.019531
0 0.903809 0.108073 0.018555 0.026042
0 0.770020 0.058594 0.018555 0.023438
0 0.835449 0.052083 0.016602 0.023438
0 0.814941 0.024740 0.018555 0.023438
0 0.741211 0.020833 0.019531 0.023438
0 0.762695 0.213542 0.017578 0.026042
0 0.777832 0.216797 0.012695 0.016927
0 0.768555 0.236979 0.015625 0.018229
0 0.732422 0.319010 0.013672 0.020833
0 0.664551 0.309245 0.022461 0.029948
0 0.618652 0.214844 0.016602 0.026042
0 0.602539 0.149740 0.023438 0.033854
0 0.564453 0.097005 0.017578 0.029948
0 0.644043 0.112630 0.016602 0.024740
0 0.663086 0.113932 0.017578 0.022135
0 0.611328 0.010417 0.019531 0.018229
0 0.607422 0.379557 0.017578 0.029948
0 0.582031 0.448568 0.021484 0.029948
0 0.563965 0.473307 0.018555 0.022135
0 0.538574 0.425781 0.014648 0.028646
0 0.524902 0.335286 0.016602 0.027344
0 0.498535 0.339844 0.016602 0.026042
0 0.525879 0.214193 0.014648 0.022135
0 0.540527 0.195312 0.016602 0.020833
0 0.440918 0.142578 0.016602 0.019531
0 0.416504 0.156901 0.014648 0.022135
0 0.424805 0.093750 0.021484 0.028646
0 0.424805 0.025391 0.017578 0.024740
0 0.448242 0.066406 0.021484 0.026042
0 0.371582 0.014974 0.018555 0.027344
0 0.288086 0.027344 0.021484 0.028646
0 0.312012 0.007812 0.018555 0.013021
0 0.416504 0.304688 0.014648 0.020833
0 0.345215 0.240885 0.012695 0.018229
0 0.237305 0.082682 0.015625 0.022135
0 0.222656 0.220052 0.019531 0.026042
0 0.342773 0.309245 0.011719 0.019531
0 0.336426 0.374349 0.014648 0.022135
0 0.362305 0.486979 0.015625 0.023438
0 0.353516 0.406250 0.021484 0.033854
0 0.394531 0.518880 0.013672 0.024740
0 0.447754 0.537109 0.016602 0.022135
0 0.463379 0.577474 0.012695 0.022135
0 0.460449 0.620443 0.014648 0.019531
0 0.520020 0.532552 0.014648 0.020833
0 0.468262 0.742188 0.024414 0.031250
0 0.517578 0.742839 0.019531 0.024740
0 0.538574 0.790365 0.016602 0.023438
0 0.594238 0.791667 0.020508 0.031250
0 0.600098 0.766276 0.020508 0.019531
0 0.615234 0.801432 0.023438 0.027344
0 0.581055 0.847656 0.017578 0.023438
0 0.626953 0.848307 0.017578 0.024740
0 0.621094 0.893229 0.015625 0.020833
0 0.517578 0.944010 0.015625 0.020833
0 0.536621 0.864583 0.020508 0.028646
0 0.487305 0.864583 0.019531 0.028646
0 0.399902 0.576823 0.014648 0.020833
0 0.368652 0.591797 0.018555 0.024740
0 0.321777 0.632812 0.018555 0.023438
0 0.364746 0.674479 0.020508 0.028646
0 0.334473 0.684896 0.018555 0.023438
0 0.317383 0.700521 0.015625 0.020833
0 0.353027 0.724609 0.016602 0.019531
0 0.340820 0.753906 0.015625 0.020833
0 0.581055 0.983724 0.017578 0.022135
0 0.473145 0.981771 0.020508 0.023438
0 0.408203 0.889974 0.019531 0.022135
0 0.395996 0.863932 0.014648 0.022135
0 0.420410 0.809245 0.014648 0.014323
0 0.425781 0.789062 0.017578 0.023438
0 0.354980 0.916667 0.020508 0.031250
0 0.372559 0.856771 0.008789 0.018229
0 0.325195 0.943359 0.021484 0.024740
0 0.240234 0.926432 0.013672 0.019531
0 0.229980 0.876302 0.016602 0.020833
0 0.261719 0.854167 0.017578 0.023438
0 0.263672 0.772786 0.013672 0.019531
0 0.178223 0.868490 0.016602 0.020833
0 0.167969 0.807292 0.017578 0.023438
0 0.114258 0.824870 0.017578 0.022135
0 0.239258 0.699219 0.021484 0.026042
0 0.259277 0.675130 0.014648 0.019531
0 0.247070 0.494792 0.013672 0.020833
0 0.290039 0.488932 0.015625 0.024740
0 0.320801 0.507812 0.014648 0.018229
0 0.209473 0.563802 0.020508 0.033854
0 0.190430 0.572266 0.017578 0.024740
0 0.159668 0.532552 0.018555 0.023438
0 0.193848 0.479167 0.016602 0.018229
0 0.245605 0.406901 0.014648 0.022135
0 0.287109 0.367188 0.011719 0.018229
0 0.262695 0.363281 0.019531 0.018229
0 0.225098 0.356120 0.018555 0.022135
0 0.198242 0.370443 0.015625 0.022135
0 0.160645 0.356120 0.018555 0.024740
0 0.135254 0.326172 0.014648 0.022135
0 0.112305 0.320964 0.017578 0.022135
0 0.059082 0.335938 0.016602 0.023438
0 0.182617 0.640625 0.013672 0.023438
0 0.155762 0.620443 0.012695 0.022135
0 0.151367 0.597005 0.017578 0.024740
0 0.168457 0.600260 0.014648 0.023438
0 0.097168 0.685547 0.018555 0.022135
0 0.055176 0.774089 0.022461 0.029948
0 0.015137 0.753906 0.016602 0.020833
0 0.060059 0.951823 0.014648 0.023438
0 0.992188 0.536458 0.013672 0.018229
0 0.906738 0.216146 0.014648 0.020833
0 0.175293 0.246094 0.014648 0.020833
0 0.153320 0.190104 0.015625 0.020833
0 0.077148 0.179688 0.021484 0.028646
0 0.062012 0.371745 0.018555 0.022135
0 0.065918 0.395182 0.016602 0.016927
0 0.006836 0.929688 0.011719 0.026042
0 0.049316 0.985026 0.016602 0.019531
0 0.009277 0.579427 0.014648 0.026042
0 0.007812 0.532552 0.013672 0.026042
0 0.004883 0.208333 0.007812 0.026042
0 0.150879 0.102865 0.014648 0.020833
0 0.207520 0.035156 0.016602 0.023438
0 0.226562 0.037760 0.015625 0.020833
0 0.148926 0.062500 0.016602 0.018229
0 0.122559 0.035156 0.012695 0.026042
0 0.138184 0.026042 0.018555 0.023438
0 0.026855 0.016927 0.016602 0.023438
0 0.039551 0.043620 0.020508 0.024740
0 0.315430 0.787109 0.013672 0.022135
0 0.197754 0.990234 0.014648 0.019531
0 0.021484 0.992839 0.015625 0.011719
1 0.933105 0.714844 0.020508 0.028646
1 0.903809 0.631510 0.018555 0.026042
1 0.919922 0.561198 0.015625 0.020833
1 0.865723 0.908203 0.012695 0.014323
1 0.802734 0.926432 0.015625 0.022135
1 0.752441 0.903646 0.012695 0.020833
1 0.726074 0.910156 0.012695 0.018229
1 0.700195 0.891927 0.013672 0.018229
1 0.715820 0.983724 0.015625 0.014323
1 0.762207 0.945312 0.012695 0.020833
1 0.768555 0.832682 0.011719 0.016927
1 0.788574 0.986979 0.016602 0.020833
1 0.781250 0.900391 0.015625 0.016927
1 0.993164 0.575521 0.013672 0.031250
1 0.979980 0.503255 0.016602 0.024740
1 0.934570 0.496094 0.015625 0.023438
1 0.962402 0.460938 0.018555 0.026042
1 0.911621 0.462891 0.020508 0.016927
1 0.833008 0.408203 0.017578 0.022135
1 0.927246 0.255859 0.018555 0.022135
1 0.837891 0.486979 0.017578 0.020833
1 0.817871 0.508464 0.022461 0.029948
1 0.799316 0.268229 0.018555 0.026042
1 0.835938 0.258464 0.015625 0.019531
1 0.843750 0.176432 0.013672 0.027344
1 0.805664 0.180339 0.015625 0.019531
1 0.764160 0.175130 0.014648 0.019531
1 0.789551 0.352214 0.016602 0.019531
1 0.741699 0.356120 0.010742 0.016927
1 0.958984 0.115234 0.017578 0.027344
1 0.866211 0.113932 0.013672 0.022135
1 0.859375 0.072266 0.011719 0.024740
1 0.961426 0.080729 0.012695 0.018229
1 0.954102 0.023438 0.019531 0.026042
1 0.717773 0.519531 0.015625 0.020833
1 0.746094 0.458333 0.009766 0.018229
1 0.534668 0.261719 0.016602 0.023438
1 0.579590 0.365885 0.020508 0.026042
1 0.632812 0.442708 0.011719 0.018229
1 0.571289 0.593750 0.017578 0.023438
1 0.588867 0.612630 0.017578 0.022135
1 0.552246 0.736328 0.016602 0.022135
1 0.527832 0.820964 0.022461 0.027344
1 0.593750 0.917318 0.017578 0.027344
1 0.491211 0.705729 0.013672 0.018229
1 0.514160 0.698568 0.012695 0.016927
1 0.312988 0.841797 0.012695 0.016927
1 0.389160 0.712891 0.016602 0.024740
1 0.435059 0.608724 0.012695 0.016927
1 0.428711 0.529948 0.017578 0.023438
1 0.463379 0.506510 0.014648 0.018229
1 0.444824 0.449219 0.010742 0.020833
1 0.434082 0.388021 0.018555 0.026042
1 0.338379 0.564453 0.010742 0.016927
1 0.279785 0.660807 0.016602 0.022135
1 0.348145 0.652995 0.014648 0.019531
1 0.408203 0.972656 0.009766 0.015625
1 0.220215 0.986979 0.014648 0.018229
1 0.129883 0.986328 0.019531 0.024740
1 0.144531 0.851562 0.015625 0.020833
1 0.233887 0.802734 0.012695 0.014323
1 0.229004 0.826823 0.010742 0.023438
1 0.202148 0.750651 0.013672 0.016927
1 0.205566 0.773438 0.012695 0.015625
1 0.474609 0.809896 0.011719 0.015625
1 0.266113 0.522786 0.016602 0.022135
1 0.300293 0.569661 0.014648 0.022135
1 0.207520 0.517578 0.022461 0.022135
1 0.207031 0.645833 0.011719 0.020833
1 0.237793 0.666667 0.016602 0.023438
1 0.319824 0.917969 0.014648 0.023438
1 0.105469 0.585286 0.017578 0.022135
1 0.069824 0.577474 0.016602 0.022135
1 0.060547 0.625000 0.011719 0.018229
1 0.012695 0.723958 0.013672 0.018229
1 0.089844 0.633464 0.019531 0.024740
1 0.144531 0.787109 0.013672 0.027344
1 0.024902 0.977865 0.014648 0.020833
1 0.248535 0.257812 0.014648 0.023438
1 0.106445 0.246094 0.017578 0.023438
1 0.079590 0.288411 0.012695 0.016927
1 0.028320 0.337240 0.015625 0.015625
1 0.042480 0.237630 0.016602 0.022135
1 0.319336 0.392578 0.015625 0.019531
1 0.261230 0.222656 0.014648 0.018229
1 0.251953 0.194661 0.011719 0.016927
1 0.242188 0.157552 0.017578 0.023438
1 0.274414 0.161458 0.017578 0.026042
1 0.359375 0.083333 0.013672 0.018229
1 0.617676 0.040365 0.014648 0.015625
1 0.142578 0.153646 0.013672 0.018229
1 0.116699 0.179688 0.014648 0.018229
1 0.022461 0.207031 0.015625 0.020833
1 0.290039 0.341797 0.015625 0.024740
1 0.016113 0.417969 0.012695 0.020833
1 0.176758 0.090495 0.013672 0.019531
1 0.264160 0.137370 0.010742 0.016927
1 0.065918 0.246094 0.014648 0.015625
1 0.005859 0.074219 0.009766 0.018229
1 0.292969 0.399740 0.019531 0.031250
1 0.583008 0.658203 0.027344 0.048177
1 0.280762 0.595052 0.026367 0.031250
1 0.673340 0.746094 0.016602 0.023438
1 0.645020 0.835938 0.018555 0.023438
0 0.562012 0.754557 0.020508 0.029948
1 0.918945 0.230469 0.017578 0.018229
1 0.799316 0.547526 0.024414 0.029948
