0 0.593262 0.396484 0.024414 0.032552
0 0.592285 0.368490 0.016602 0.020833
0 0.562988 0.339844 0.018555 0.023438
0 0.563965 0.295573 0.018555 0.023438
0 0.649414 0.309245 0.013672 0.019531
0 0.715332 0.319010 0.018555 0.023438
0 0.759766 0.436849 0.019531 0.027344
0 0.666504 0.460286 0.018555 0.022135
0 0.583984 0.500000 0.019531 0.026042
0 0.661133 0.534505 0.019531 0.024740
0 0.685059 0.550130 0.012695 0.019531
0 0.754395 0.595052 0.016602 0.020833
0 0.780762 0.526693 0.018555 0.022135
0 0.803711 0.519531 0.017578 0.020833
0 0.788574 0.554036 0.016602 0.022135
0 0.809570 0.548177 0.015625 0.023438
0 0.832520 0.556641 0.016602 0.022135
0 0.868652 0.644531 0.018555 0.028646
0 0.926270 0.534505 0.016602 0.022135
0 0.945801 0.569010 0.024414 0.033854
0 0.936523 0.620443 0.023438 0.029948
0 0.960449 0.636068 0.014648 0.022135
0 0.964355 0.616536 0.012695 0.016927
0 0.984863 0.617839 0.016602 0.024740
0 0.960449 0.455729 0.018555 0.026042
0 0.993652 0.511719 0.012695 0.023438
0 0.934082 0.428385 0.018555 0.020833
0 0.944336 0.408203 0.015625 0.022135
0 0.944824 0.354818 0.016602 0.022135
0 0.945312 0.324219 0.021484 0.028646
0 0.834473 0.406901 0.018555 0.024740
0 0.804688 0.402344 0.019531 0.023438
0 0.811035 0.343750 0.020508 0.028646
0 0.818359 0.317057 0.017578 0.024740
0 0.892578 0.228516 0.017578 0.024740
0 0.877441 0.176432 0.018555 0.024740
0 0.793945 0.202474 0.019531 0.022135
0 0.797852 0.106120 0.023438 0.029948
0 0.832520 0.154948 0.016602 0.023438
0 0.815918 0.152995 0.018555 0.022135
0 0.832031 0.121094 0.017578 0.020833
0 0.892090 0.026693 0.020508 0.027344
0 0.978516 0.122396 0.015625 0.018229
0 0.939941 0.031901 0.014648 0.022135
0 0.957031 0.027344 0.019531 0.028646
0 0.977051 0.019531 0.016602 0.031250
0 0.994141 0.074219 0.011719 0.020833
0 0.996094 0.111328 0.007812 0.024740
0 0.709961 0.231771 0.015625 0.020833
0 0.733398 0.037760 0.017578 0.020833
0 0.701172 0.051432 0.015625 0.019531
0 0.681152 0.175130 0.020508 0.024740
0 0.652344 0.221354 0.019531 0.023438
0 0.636230 0.235026 0.022461 0.024740
0 0.660156 0.246094 0.017578 0.020833
0 0.532715 0.074870 0.016602 0.022135
0 0.620117 0.056641 0.013672 0.019531
0 0.607910 0.145833 0.016602 0.020833
0 0.587402 0.212891 0.016602 0.024740
0 0.523438 0.189453 0.017578 0.027344
0 0.557129 0.220052 0.016602 0.023438
0 0.546387 0.238932 0.016602 0.022135
0 0.457520 0.285807 0.018555 0.022135
0 0.480957 0.186849 0.018555 0.019531
0 0.467773 0.164062 0.015625 0.020833
0 0.435547 0.197917 0.017578 0.020833
0 0.407227 0.195312 0.017578 0.020833
0 0.406738 0.151042 0.018555 0.026042
0 0.429688 0.161458 0.023438 0.028646
0 0.361816 0.095052 0.018555 0.026042
0 0.389160 0.117188 0.018555 0.020833
0 0.384277 0.019531 0.016602 0.026042
0 0.402832 0.024089 0.018555 0.022135
0 0.504883 0.007812 0.017578 0.013021
0 0.291504 0.016276 0.014648 0.019531
0 0.302734 0.063151 0.019531 0.027344
0 0.314941 0.082031 0.018555 0.023438
0 0.219238 0.143229 0.018555 0.023438
0 0.269531 0.227214 0.011719 0.022135
0 0.267578 0.248698 0.017578 0.020833
0 0.347168 0.219401 0.016602 0.019531
0 0.360840 0.275391 0.016602 0.022135
0 0.308105 0.333984 0.018555 0.024740
0 0.369629 0.368490 0.022461 0.026042
0 0.368164 0.394531 0.015625 0.018229
0 0.380371 0.418620 0.016602 0.024740
0 0.433594 0.431641 0.013672 0.019531
0 0.437500 0.457031 0.017578 0.023438
0 0.453125 0.516276 0.017578 0.022135
0 0.523438 0.507812 0.015625 0.018229
0 0.513184 0.537760 0.018555 0.026042
0 0.458984 0.563802 0.015625 0.023438
0 0.539551 0.612630 0.018555 0.024740
0 0.577637 0.677083 0.022461 0.028646
0 0.635254 0.659505 0.016602 0.022135
0 0.652344 0.670573 0.017578 0.026042
0 0.675781 0.628255 0.015625 0.022135
0 0.704590 0.632161 0.012695 0.016927
0 0.549316 0.709635 0.018555 0.023438
0 0.672363 0.722656 0.016602 0.020833
0 0.759766 0.691406 0.017578 0.026042
0 0.735840 0.671224 0.016602 0.019531
0 0.740723 0.647786 0.018555 0.022135
0 0.703613 0.652995 0.018555 0.022135
0 0.694336 0.674479 0.019531 0.023438
0 0.833984 0.795573 0.019531 0.023438
0 0.896973 0.727214 0.016602 0.016927
0 0.899902 0.749349 0.016602 0.019531
0 0.916504 0.790365 0.018555 0.026042
0 0.929688 0.809245 0.015625 0.019531
0 0.938477 0.826172 0.015625 0.019531
0 0.905762 0.876302 0.024414 0.036458
0 0.864746 0.921224 0.020508 0.022135
0 0.934570 0.961589 0.017578 0.024740
0 0.970215 0.988281 0.018555 0.023438
0 0.906250 0.990234 0.015625 0.019531
0 0.854492 0.982422 0.021484 0.027344
0 0.782227 0.980469 0.021484 0.028646
0 0.711914 0.940755 0.015625 0.022135
0 0.638184 0.834635 0.020508 0.026042
0 0.698730 0.795573 0.014648 0.018229
0 0.500488 0.679036 0.016602 0.019531
0 0.534668 0.764974 0.016602 0.022135
0 0.524414 0.787109 0.019531 0.024740
0 0.612305 0.725911 0.013672 0.019531
0 0.616699 0.749349 0.016602 0.022135
0 0.640625 0.747396 0.017578 0.023438
1 0.628418 0.736979 0.012695 0.023438
1 0.597168 0.726562 0.014648 0.015625
0 0.595703 0.742188 0.013672 0.015625
0 0.597168 0.762370 0.014648 0.016927
0 0.507812 0.870443 0.017578 0.022135
0 0.584961 0.930990 0.021484 0.026042
0 0.443359 0.843099 0.023438 0.029948
0 0.450684 0.872396 0.024414 0.028646
0 0.358398 0.929036 0.017578 0.022135
0 0.380859 0.944661 0.017578 0.029948
0 0.426758 0.933594 0.015625 0.020833
0 0.442383 0.727214 0.013672 0.019531
0 0.400879 0.629557 0.018555 0.024740
0 0.417969 0.615885 0.019531 0.023438
0 0.411133 0.542969 0.015625 0.020833
0 0.331543 0.591146 0.018555 0.023438
0 0.324219 0.509115 0.017578 0.020833
0 0.304688 0.451823 0.015625 0.020833
0 0.303223 0.397786 0.014648 0.016927
0 0.288086 0.386719 0.015625 0.018229
0 0.248535 0.350911 0.020508 0.027344
0 0.231934 0.337240 0.016602 0.020833
0 0.167969 0.468750 0.019531 0.018229
0 0.161621 0.490234 0.016602 0.022135
0 0.193359 0.526693 0.015625 0.022135
0 0.190918 0.600911 0.018555 0.019531
0 0.217773 0.621094 0.013672 0.020833
0 0.317383 0.671224 0.017578 0.024740
0 0.315430 0.735026 0.013672 0.019531
0 0.333984 0.820964 0.017578 0.022135
0 0.211914 0.843750 0.017578 0.023438
0 0.188477 0.886068 0.017578 0.019531
0 0.135742 0.892578 0.023438 0.032552
0 0.156738 0.910156 0.020508 0.028646
0 0.166504 0.935547 0.014648 0.016927
0 0.079590 0.945964 0.018555 0.022135
0 0.019043 0.991536 0.018555 0.016927
0 0.083008 0.824219 0.017578 0.018229
0 0.135742 0.828776 0.017578 0.022135
0 0.157715 0.830078 0.016602 0.022135
0 0.158203 0.800130 0.015625 0.022135
0 0.118164 0.794922 0.025391 0.032552
0 0.077148 0.770182 0.021484 0.029948
0 0.090332 0.788411 0.016602 0.022135
0 0.211914 0.711589 0.013672 0.022135
0 0.217773 0.744141 0.017578 0.022135
0 0.260742 0.695964 0.015625 0.022135
0 0.276855 0.858724 0.014648 0.022135
0 0.254883 0.837891 0.019531 0.019531
0 0.259277 0.858724 0.016602 0.022135
0 0.262695 0.719401 0.019531 0.024740
0 0.254395 0.738932 0.018555 0.019531
0 0.162598 0.685547 0.020508 0.029948
0 0.142578 0.695964 0.013672 0.022135
0 0.140137 0.669922 0.012695 0.019531
0 0.108398 0.656250 0.017578 0.023438
0 0.105469 0.633464 0.019531 0.024740
0 0.081543 0.616536 0.016602 0.022135
0 0.070801 0.601562 0.016602 0.023438
0 0.057129 0.576172 0.018555 0.024740
0 0.032227 0.614583 0.017578 0.020833
0 0.040527 0.701172 0.016602 0.024740
0 0.585938 0.994141 0.015625 0.011719
0 0.012207 0.425781 0.016602 0.023438
0 0.036621 0.420573 0.022461 0.026042
0 0.054688 0.430339 0.015625 0.022135
0 0.008301 0.333984 0.014648 0.022135
0 0.066895 0.311849 0.016602 0.022135
0 0.062500 0.287760 0.017578 0.023438
0 0.120605 0.257161 0.018555 0.019531
0 0.117188 0.225260 0.019531 0.028646
0 0.149902 0.181641 0.018555 0.019531
0 0.151855 0.156250 0.022461 0.028646
0 0.134277 0.124349 0.018555 0.022135
0 0.143066 0.101562 0.016602 0.020833
0 0.155273 0.066406 0.017578 0.023438
0 0.162109 0.010417 0.017578 0.018229
0 0.078613 0.011068 0.018555 0.019531
0 0.068848 0.067057 0.014648 0.022135
0 0.062988 0.095052 0.016602 0.020833
0 0.054688 0.118490 0.015625 0.015625
0 0.073730 0.135417 0.016602 0.023438
0 0.026367 0.137370 0.017578 0.027344
0 0.011230 0.154948 0.018555 0.023438
0 0.028320 0.201823 0.017578 0.023438
0 0.071777 0.185547 0.014648 0.022135
0 0.063477 0.222656 0.017578 0.023438
0 0.067871 0.261719 0.018555 0.015625
0 0.041992 0.225260 0.019531 0.026042
1 0.629395 0.139974 0.020508 0.024740
1 0.680176 0.768229 0.014648 0.023438
1 0.682617 0.792318 0.015625 0.022135
1 0.932617 0.936849 0.017578 0.019531
1 0.939941 0.917969 0.014648 0.020833
1 0.419922 0.961589 0.019531 0.022135
1 0.262207 0.987630 0.012695 0.014323
1 0.497559 0.538411 0.012695 0.022135
1 0.560547 0.610026 0.015625 0.024740
1 0.755859 0.369792 0.013672 0.018229
1 0.311035 0.634115 0.022461 0.028646
1 0.499023 0.260417 0.017578 0.020833
1 0.357910 0.245443 0.016602 0.019531
1 0.424316 0.007161 0.016602 0.011719
1 0.023438 0.300781 0.021484 0.028646
1 0.121094 0.766276 0.017578 0.024740
1 0.245605 0.752604 0.010742 0.020833
0 0.583984 0.899089 0.019531 0.024740
0 0.568359 0.889323 0.015625 0.023438
0 0.575195 0.875651 0.013672 0.019531
0 0.588867 0.876953 0.015625 0.024740
