0 0.446289 0.360677 0.017578 0.023438
0 0.417480 0.244792 0.018555 0.028646
0 0.519531 0.244141 0.019531 0.024740
0 0.451660 0.227214 0.020508 0.024740
0 0.444824 0.093099 0.022461 0.029948
0 0.611816 0.039714 0.018555 0.024740
0 0.700195 0.074219 0.027344 0.036458
0 0.795410 0.120443 0.020508 0.024740
0 0.863281 0.087240 0.017578 0.026042
0 0.908691 0.031901 0.016602 0.024740
0 0.939941 0.031901 0.016602 0.022135
0 0.950684 0.013672 0.016602 0.022135
0 0.849121 0.183594 0.014648 0.023438
0 0.697266 0.155599 0.019531 0.027344
0 0.654297 0.182943 0.015625 0.027344
0 0.694336 0.183594 0.015625 0.023438
0 0.640137 0.252604 0.018555 0.026042
0 0.733398 0.365234 0.015625 0.022135
0 0.744141 0.353516 0.015625 0.022135
0 0.761230 0.360677 0.012695 0.020833
0 0.874023 0.408203 0.015625 0.024740
0 0.940918 0.475260 0.016602 0.020833
0 0.993652 0.305339 0.010742 0.024740
0 0.703125 0.486328 0.021484 0.029948
0 0.661133 0.445964 0.021484 0.029948
0 0.815918 0.425781 0.018555 0.031250
0 0.603027 0.530599 0.022461 0.029948
0 0.510254 0.625000 0.016602 0.023438
0 0.753418 0.638021 0.014648 0.023438
0 0.769043 0.630859 0.016602 0.022135
0 0.806152 0.736328 0.020508 0.022135
0 0.897949 0.756510 0.014648 0.023438
0 0.920410 0.787109 0.020508 0.029948
0 0.746582 0.804688 0.016602 0.023438
0 0.652832 0.856771 0.014648 0.023438
0 0.701172 0.906901 0.019531 0.027344
0 0.683105 0.926432 0.018555 0.027344
0 0.783691 0.955078 0.020508 0.024740
0 0.920898 0.974609 0.021484 0.027344
0 0.583984 0.356120 0.019531 0.024740
0 0.339844 0.576172 0.019531 0.024740
0 0.316895 0.567708 0.018555 0.026042
0 0.341309 0.633464 0.018555 0.027344
0 0.267090 0.654948 0.026367 0.031250
0 0.363770 0.694661 0.014648 0.019531
0 0.333984 0.675781 0.017578 0.023438
0 0.273926 0.735026 0.018555 0.022135
0 0.249512 0.770182 0.022461 0.032552
0 0.436523 0.750000 0.017578 0.026042
0 0.388184 0.784505 0.018555 0.024740
0 0.415527 0.811198 0.022461 0.028646
0 0.268555 0.420573 0.017578 0.026042
0 0.218262 0.384766 0.018555 0.027344
0 0.163086 0.465495 0.017578 0.024740
0 0.133301 0.500651 0.018555 0.022135
0 0.185547 0.484375 0.013672 0.023438
0 0.199707 0.501302 0.016602 0.020833
0 0.010742 0.488281 0.015625 0.028646
0 0.048340 0.567708 0.018555 0.026042
0 0.013672 0.612630 0.013672 0.022135
0 0.027832 0.668620 0.024414 0.035156
0 0.532227 0.498047 0.015625 0.022135
0 0.477539 0.740234 0.015625 0.022135
0 0.147949 0.777995 0.016602 0.024740
0 0.182129 0.843099 0.016602 0.024740
0 0.220215 0.851562 0.016602 0.020833
0 0.233887 0.901042 0.014648 0.018229
0 0.187988 0.880859 0.016602 0.022135
0 0.146973 0.899089 0.018555 0.024740
0 0.234375 0.940755 0.017578 0.022135
0 0.150879 0.331380 0.018555 0.019531
0 0.155273 0.309245 0.017578 0.016927
0 0.092773 0.277995 0.019531 0.032552
0 0.070801 0.270833 0.014648 0.026042
0 0.048340 0.187500 0.020508 0.031250
0 0.072266 0.106771 0.019531 0.023438
0 0.060059 0.072266 0.016602 0.022135
0 0.210449 0.085286 0.016602 0.022135
0 0.228027 0.188802 0.020508 0.026042
0 0.264648 0.080729 0.019531 0.023438
0 0.275879 0.102214 0.024414 0.029948
0 0.271973 0.226562 0.014648 0.020833
0 0.277344 0.249349 0.015625 0.019531
0 0.312500 0.158854 0.017578 0.026042
0 0.333008 0.147135 0.017578 0.026042
0 0.929199 0.944010 0.016602 0.026042
1 0.570312 0.838542 0.015625 0.026042
1 0.656738 0.667969 0.016602 0.023438
1 0.608887 0.628906 0.018555 0.023438
1 0.314453 0.735677 0.015625 0.023438
1 0.494629 0.731120 0.012695 0.019531
1 0.101562 0.552083 0.017578 0.026042
1 0.156250 0.606120 0.019531 0.019531
1 0.191406 0.223307 0.015625 0.022135
1 0.078613 0.203125 0.016602 0.020833
1 0.714355 0.929036 0.012695 0.022135
1 0.735352 0.928385 0.017578 0.023438
1 0.915527 0.929688 0.016602 0.028646
1 0.956543 0.504557 0.020508 0.027344
1 0.956543 0.358724 0.020508 0.027344
1 0.738770 0.319010 0.026367 0.033854
1 0.820312 0.500000 0.017578 0.023438
1 0.533203 0.429688 0.009766 0.023438
1 0.526367 0.012370 0.025391 0.022135
1 0.738281 0.236979 0.017578 0.028646
1 0.996094 0.744141 0.007812 0.024740
0 0.094727 0.210938 0.013672 0.026042
0 0.098145 0.472656 0.010742 0.018229
0 0.110352 0.470703 0.011719 0.016927
0 0.432617 0.138021 0.013672 0.020833
0 0.448242 0.134766 0.015625 0.019531
0 0.430664 0.156250 0.013672 0.020833
0 0.960938 0.953776 0.015625 0.024740
0 0.548340 0.488281 0.012695 0.020833
0 0.481934 0.717448 0.018555 0.020833
