0 0.020020 0.989583 0.016602 0.020833
0 0.051270 0.975260 0.016602 0.023438
0 0.083008 0.961589 0.015625 0.024740
0 0.081055 0.908854 0.015625 0.026042
0 0.114746 0.917318 0.016602 0.024740
0 0.164062 0.903646 0.015625 0.023438
0 0.237305 0.962240 0.015625 0.023438
0 0.251953 0.973307 0.015625 0.024740
0 0.133789 0.836589 0.015625 0.022135
0 0.173340 0.836589 0.014648 0.024740
0 0.246094 0.854167 0.011719 0.020833
0 0.257812 0.843750 0.013672 0.020833
0 0.323242 0.845052 0.015625 0.026042
0 0.322266 0.911458 0.013672 0.020833
0 0.331543 0.930990 0.014648 0.020833
0 0.347656 0.934245 0.015625 0.022135
0 0.355957 0.915365 0.022461 0.031250
0 0.401855 0.926432 0.012695 0.019531
0 0.411621 0.968750 0.014648 0.020833
0 0.441895 0.944010 0.014648 0.020833
0 0.474121 0.944010 0.016602 0.020833
0 0.268555 0.797526 0.021484 0.032552
0 0.249023 0.758464 0.017578 0.024740
0 0.332520 0.783203 0.016602 0.022135
0 0.418457 0.744141 0.016602 0.022135
0 0.476562 0.812500 0.015625 0.023438
0 0.499512 0.837891 0.014648 0.024740
0 0.507812 0.885417 0.017578 0.026042
0 0.159668 0.724609 0.016602 0.024740
0 0.013672 0.761068 0.017578 0.024740
0 0.029785 0.733724 0.016602 0.024740
0 0.069824 0.714193 0.016602 0.027344
0 0.095215 0.699870 0.016602 0.027344
0 0.304199 0.716797 0.016602 0.022135
0 0.399902 0.673828 0.016602 0.024740
0 0.268555 0.689453 0.015625 0.022135
0 0.116211 0.647786 0.021484 0.029948
0 0.048828 0.621745 0.015625 0.024740
0 0.072266 0.621745 0.015625 0.019531
0 0.080566 0.635417 0.014648 0.018229
0 0.048340 0.564453 0.016602 0.022135
0 0.077148 0.535156 0.013672 0.020833
0 0.212402 0.606120 0.016602 0.022135
0 0.255371 0.652344 0.014648 0.020833
0 0.274414 0.668620 0.015625 0.024740
0 0.483887 0.657552 0.012695 0.020833
0 0.493652 0.649089 0.014648 0.022135
0 0.308105 0.601562 0.016602 0.023438
0 0.458984 0.564453 0.017578 0.024740
0 0.500977 0.586589 0.019531 0.029948
0 0.304688 0.565755 0.015625 0.019531
0 0.292480 0.556641 0.014648 0.019531
0 0.304688 0.546224 0.015625 0.019531
0 0.248535 0.524089 0.016602 0.022135
0 0.410645 0.532552 0.016602 0.023438
1 0.178223 0.619792 0.016602 0.023438
1 0.170898 0.850911 0.011719 0.014323
1 0.345703 0.851562 0.017578 0.023438
1 0.424316 0.860677 0.018555 0.028646
1 0.495117 0.906901 0.015625 0.022135
1 0.504883 0.679036 0.011719 0.019531
1 0.395996 0.516927 0.016602 0.026042
1 0.490234 0.506510 0.017578 0.023438
1 0.120117 0.317057 0.017578 0.024740
1 0.351074 0.315755 0.016602 0.022135
1 0.434082 0.319010 0.016602 0.023438
1 0.445801 0.462240 0.016602 0.026042
1 0.462891 0.474609 0.015625 0.022135
0 0.438477 0.505859 0.017578 0.022135
0 0.242676 0.479818 0.014648 0.022135
0 0.242188 0.458333 0.013672 0.020833
0 0.093750 0.472656 0.013672 0.023438
0 0.040039 0.468750 0.015625 0.023438
0 0.126953 0.441406 0.015625 0.023438
0 0.069824 0.400391 0.014648 0.022135
0 0.063477 0.384115 0.015625 0.020833
0 0.135254 0.380208 0.016602 0.023438
0 0.346191 0.412760 0.014648 0.023438
0 0.372559 0.367839 0.026367 0.042969
0 0.395508 0.386719 0.017578 0.023438
0 0.417969 0.432943 0.019531 0.029948
0 0.435059 0.440755 0.014648 0.022135
0 0.437500 0.393880 0.015625 0.022135
0 0.444336 0.411458 0.015625 0.020833
0 0.465332 0.418620 0.014648 0.019531
0 0.083984 0.287109 0.017578 0.024740
0 0.129883 0.275391 0.013672 0.019531
0 0.196777 0.318359 0.016602 0.024740
0 0.212891 0.296224 0.013672 0.019531
0 0.296387 0.324219 0.020508 0.026042
0 0.249512 0.269531 0.014648 0.023438
0 0.052734 0.239583 0.015625 0.020833
0 0.332520 0.317057 0.016602 0.022135
0 0.340820 0.297526 0.017578 0.022135
0 0.394531 0.296875 0.015625 0.023438
0 0.436035 0.285807 0.012695 0.022135
0 0.507812 0.306641 0.013672 0.022135
0 0.519043 0.298828 0.014648 0.019531
0 0.183105 0.178385 0.016602 0.023438
0 0.137695 0.156901 0.013672 0.022135
0 0.008789 0.182292 0.013672 0.018229
0 0.022461 0.158854 0.015625 0.020833
0 0.027344 0.125651 0.021484 0.029948
0 0.160156 0.125000 0.015625 0.020833
0 0.225586 0.104818 0.015625 0.019531
0 0.248535 0.106120 0.020508 0.029948
0 0.282227 0.168620 0.019531 0.029948
0 0.344238 0.205078 0.014648 0.022135
0 0.343750 0.126953 0.015625 0.022135
0 0.142090 0.060547 0.018555 0.024740
0 0.075195 0.042318 0.015625 0.019531
0 0.030762 0.033854 0.016602 0.020833
0 0.134277 0.033203 0.012695 0.016927
0 0.204590 0.027995 0.014648 0.019531
0 0.443359 0.126953 0.017578 0.024740
0 0.422852 0.041016 0.015625 0.022135
0 0.506836 0.155599 0.013672 0.019531
0 0.547852 0.144531 0.013672 0.020833
0 0.565430 0.146484 0.015625 0.024740
0 0.562012 0.175781 0.014648 0.023438
0 0.553711 0.092448 0.017578 0.026042
0 0.569824 0.110026 0.012695 0.019531
0 0.656250 0.138672 0.017578 0.022135
0 0.680176 0.009115 0.012695 0.015625
0 0.715332 0.025391 0.018555 0.024740
0 0.729492 0.052734 0.021484 0.027344
0 0.741699 0.010417 0.018555 0.018229
0 0.773926 0.039714 0.014648 0.019531
0 0.788086 0.014974 0.011719 0.016927
0 0.792969 0.029948 0.013672 0.015625
0 0.770020 0.113281 0.014648 0.020833
0 0.681641 0.099609 0.017578 0.024740
0 0.771973 0.145833 0.014648 0.020833
0 0.822266 0.065104 0.017578 0.020833
0 0.865234 0.065755 0.019531 0.027344
0 0.896484 0.082682 0.017578 0.024740
0 0.899902 0.139974 0.016602 0.022135
0 0.914551 0.120443 0.014648 0.019531
0 0.989746 0.069010 0.016602 0.023438
0 0.982910 0.099609 0.014648 0.022135
0 0.976074 0.138672 0.014648 0.022135
0 0.770996 0.223307 0.014648 0.024740
0 0.672852 0.251953 0.015625 0.022135
0 0.622559 0.259766 0.014648 0.019531
0 0.538086 0.259115 0.015625 0.020833
0 0.677246 0.315755 0.014648 0.022135
0 0.570312 0.293620 0.021484 0.029948
0 0.575195 0.313802 0.015625 0.020833
0 0.594238 0.233724 0.016602 0.019531
0 0.588867 0.217448 0.013672 0.020833
0 0.601562 0.214193 0.015625 0.022135
0 0.732422 0.247396 0.015625 0.020833
0 0.768066 0.251953 0.016602 0.022135
0 0.964355 0.208333 0.016602 0.020833
0 0.976074 0.220052 0.014648 0.020833
0 0.926270 0.263672 0.014648 0.022135
0 0.783203 0.285807 0.017578 0.022135
0 0.785645 0.309896 0.018555 0.026042
0 0.570312 0.404948 0.013672 0.020833
0 0.522949 0.447266 0.018555 0.024740
0 0.520020 0.477865 0.016602 0.023438
0 0.639160 0.455078 0.016602 0.024740
0 0.617676 0.477865 0.012695 0.020833
0 0.693848 0.425130 0.018555 0.024740
0 0.700684 0.481120 0.016602 0.022135
0 0.775391 0.463542 0.019531 0.026042
0 0.793457 0.449870 0.020508 0.027344
0 0.797852 0.358724 0.017578 0.027344
0 0.940430 0.444010 0.015625 0.023438
0 0.935059 0.461589 0.016602 0.022135
0 0.895996 0.347656 0.016602 0.020833
0 0.972656 0.253906 0.015625 0.023438
0 0.978027 0.279948 0.014648 0.020833
0 0.896484 0.369141 0.017578 0.022135
0 0.915039 0.360026 0.015625 0.027344
0 0.912598 0.394531 0.024414 0.026042
0 0.928711 0.377604 0.017578 0.026042
1 0.609375 0.186198 0.025391 0.031250
1 0.621094 0.212240 0.021484 0.028646
1 0.779785 0.126953 0.014648 0.022135
1 0.958984 0.136068 0.015625 0.022135
1 0.970215 0.117839 0.014648 0.019531
1 0.726562 0.468099 0.017578 0.024740
1 0.802734 0.015625 0.013672 0.020833
1 0.739746 0.768229 0.020508 0.026042
1 0.577148 0.714844 0.013672 0.020833
1 0.808105 0.727865 0.018555 0.023438
1 0.984375 0.509766 0.023438 0.029948
1 0.703125 0.962240 0.015625 0.020833
0 0.700195 0.500000 0.017578 0.020833
0 0.574707 0.516927 0.020508 0.028646
0 0.620605 0.571615 0.014648 0.020833
0 0.521484 0.559896 0.013672 0.023438
0 0.541992 0.602865 0.021484 0.028646
0 0.572754 0.622396 0.018555 0.023438
0 0.584961 0.658854 0.015625 0.020833
0 0.567383 0.686849 0.015625 0.024740
0 0.640625 0.768880 0.015625 0.019531
0 0.713867 0.744141 0.017578 0.022135
0 0.712402 0.692708 0.014648 0.020833
0 0.719238 0.610026 0.018555 0.024740
0 0.696777 0.533854 0.018555 0.023438
0 0.811035 0.523438 0.014648 0.023438
0 0.827637 0.558594 0.016602 0.020833
0 0.822266 0.582682 0.019531 0.027344
0 0.879883 0.563802 0.017578 0.023438
0 0.906250 0.521484 0.013672 0.022135
0 0.876953 0.615885 0.015625 0.020833
0 0.749512 0.660156 0.014648 0.023438
0 0.771484 0.708333 0.015625 0.023438
0 0.759277 0.766276 0.018555 0.027344
0 0.890137 0.723307 0.014648 0.022135
0 0.563477 0.957031 0.015625 0.020833
0 0.586914 0.985677 0.017578 0.026042
0 0.775879 0.964844 0.018555 0.028646
0 0.770508 0.898438 0.017578 0.023438
0 0.829590 0.952474 0.014648 0.019531
0 0.850586 0.830729 0.015625 0.026042
0 0.901855 0.883464 0.016602 0.022135
0 0.950195 0.895833 0.019531 0.028646
0 0.972168 0.891927 0.014648 0.020833
0 0.966797 0.777995 0.017578 0.024740
0 0.990723 0.880208 0.014648 0.020833
