0 0.080078 0.383464 0.017578 0.024740
0 0.097656 0.546224 0.015625 0.022135
0 0.432617 0.579427 0.015625 0.020833
0 0.347656 0.076172 0.013672 0.019531
0 0.183105 0.900391 0.012695 0.016927
0 0.214355 0.744141 0.014648 0.019531
0 0.438965 0.782552 0.014648 0.018229
0 0.440918 0.764323 0.014648 0.018229
0 0.496094 0.711589 0.017578 0.024740
0 0.662109 0.670573 0.017578 0.026042
0 0.968750 0.636068 0.015625 0.019531
0 0.968262 0.616536 0.014648 0.016927
0 0.806641 0.988932 0.015625 0.016927
0 0.978027 0.097005 0.014648 0.019531
