0 0.044922 0.960286 0.017578 0.024740
0 0.153320 0.857422 0.015625 0.022135
0 0.022949 0.864583 0.014648 0.020833
0 0.335449 0.919922 0.016602 0.022135
0 0.387207 0.908854 0.016602 0.023438
0 0.471680 0.908854 0.015625 0.023438
0 0.035645 0.776693 0.014648 0.019531
0 0.045898 0.832031 0.015625 0.023438
0 0.053711 0.820964 0.015625 0.022135
0 0.288574 0.789714 0.014648 0.019531
0 0.377930 0.798828 0.015625 0.022135
0 0.231934 0.752604 0.014648 0.018229
0 0.226074 0.737630 0.014648 0.019531
0 0.469238 0.786458 0.016602 0.020833
0 0.449219 0.759766 0.015625 0.019531
0 0.369629 0.727214 0.016602 0.024740
0 0.107910 0.679688 0.016602 0.023438
0 0.338379 0.671875 0.018555 0.026042
0 0.349609 0.658854 0.013672 0.020833
0 0.477539 0.653646 0.019531 0.028646
0 0.191406 0.621745 0.015625 0.022135
0 0.081055 0.574219 0.017578 0.026042
0 0.037109 0.610677 0.015625 0.020833
0 0.022461 0.610026 0.015625 0.022135
0 0.007324 0.614583 0.012695 0.023438
0 0.031250 0.530599 0.017578 0.027344
1 0.051758 0.589193 0.015625 0.022135
0 0.120605 0.567708 0.014648 0.020833
0 0.187500 0.542969 0.019531 0.026042
0 0.227539 0.548177 0.015625 0.023438
0 0.332031 0.546875 0.017578 0.023438
0 0.458496 0.581380 0.018555 0.024740
0 0.479004 0.585938 0.014648 0.020833
0 0.498047 0.582682 0.019531 0.027344
0 0.106934 0.514323 0.018555 0.023438
0 0.429199 0.493490 0.016602 0.020833
0 0.476074 0.468750 0.016602 0.023438
0 0.054688 0.417318 0.017578 0.024740
0 0.056641 0.391276 0.017578 0.024740
0 0.120605 0.415365 0.014648 0.023438
0 0.167480 0.408854 0.014648 0.020833
0 0.123535 0.350911 0.018555 0.024740
0 0.120605 0.297526 0.016602 0.022135
0 0.228516 0.351562 0.017578 0.023438
0 0.241699 0.337891 0.016602 0.024740
0 0.250000 0.317708 0.017578 0.026042
0 0.128418 0.236979 0.014648 0.026042
0 0.019043 0.213542 0.016602 0.023438
0 0.016113 0.143880 0.016602 0.024740
0 0.098633 0.146484 0.017578 0.024740
0 0.213379 0.092448 0.018555 0.026042
0 0.226562 0.141276 0.015625 0.029948
0 0.286133 0.319010 0.015625 0.023438
0 0.287598 0.363932 0.016602 0.022135
0 0.331055 0.328125 0.015625 0.026042
0 0.355469 0.442057 0.017578 0.027344
0 0.487793 0.411458 0.018555 0.023438
0 0.474121 0.384115 0.014648 0.018229
0 0.508301 0.339193 0.016602 0.022135
0 0.474609 0.291667 0.015625 0.020833
0 0.441406 0.237630 0.015625 0.024740
0 0.384277 0.241536 0.020508 0.024740
0 0.384277 0.216797 0.020508 0.024740
0 0.403320 0.233073 0.013672 0.020833
0 0.261719 0.259115 0.019531 0.026042
0 0.283691 0.248047 0.016602 0.024740
0 0.332520 0.117188 0.022461 0.031250
0 0.321289 0.080729 0.017578 0.023438
0 0.337891 0.031250 0.017578 0.026042
0 0.476562 0.086589 0.015625 0.022135
0 0.406738 0.173177 0.014648 0.023438
1 0.286133 0.106120 0.015625 0.022135
1 0.298828 0.104818 0.011719 0.022135
0 0.537598 0.093750 0.016602 0.023438
0 0.642090 0.073568 0.018555 0.024740
0 0.553223 0.198568 0.016602 0.024740
0 0.564941 0.187500 0.014648 0.028646
0 0.585449 0.015625 0.018555 0.023438
0 0.727051 0.083984 0.018555 0.022135
0 0.786133 0.011719 0.013672 0.020833
0 0.810547 0.014974 0.017578 0.022135
0 0.812012 0.057292 0.016602 0.023438
0 0.837891 0.055990 0.017578 0.023438
0 0.733398 0.136068 0.015625 0.022135
0 0.774414 0.122396 0.017578 0.023438
0 0.806641 0.118490 0.019531 0.026042
0 0.923828 0.095703 0.017578 0.022135
0 0.913574 0.169271 0.014648 0.023438
0 0.840332 0.173177 0.014648 0.023438
0 0.681641 0.208333 0.015625 0.023438
0 0.579590 0.268880 0.018555 0.027344
0 0.534180 0.294271 0.015625 0.023438
0 0.559570 0.391927 0.015625 0.023438
0 0.524902 0.440755 0.016602 0.022135
0 0.539551 0.483724 0.018555 0.027344
0 0.663574 0.444661 0.014648 0.019531
0 0.663086 0.424479 0.015625 0.018229
0 0.754883 0.298828 0.013672 0.024740
0 0.807129 0.289062 0.016602 0.023438
0 0.911621 0.272786 0.018555 0.024740
0 0.933105 0.434896 0.022461 0.031250
0 0.993164 0.223307 0.013672 0.022135
0 0.888672 0.090495 0.015625 0.016927
0 0.886719 0.072917 0.017578 0.018229
0 0.751953 0.359375 0.017578 0.028646
0 0.777832 0.397135 0.014648 0.020833
0 0.825195 0.457031 0.017578 0.028646
0 0.756836 0.410156 0.015625 0.020833
0 0.753418 0.427734 0.016602 0.022135
0 0.718262 0.455078 0.016602 0.022135
0 0.734863 0.451172 0.016602 0.022135
0 0.845215 0.505208 0.018555 0.026042
0 0.938477 0.612630 0.021484 0.032552
0 0.624023 0.532552 0.015625 0.023438
0 0.712891 0.509766 0.015625 0.022135
0 0.654297 0.529948 0.017578 0.023438
0 0.652344 0.550130 0.017578 0.024740
0 0.681641 0.564453 0.013672 0.016927
0 0.683594 0.581380 0.013672 0.016927
0 0.708496 0.584635 0.018555 0.026042
0 0.731445 0.565104 0.017578 0.023438
0 0.568848 0.656901 0.016602 0.022135
0 0.592773 0.675130 0.015625 0.024740
0 0.627930 0.690104 0.017578 0.023438
0 0.691406 0.671875 0.015625 0.020833
0 0.711914 0.621094 0.015625 0.020833
0 0.726562 0.626302 0.017578 0.023438
0 0.785156 0.610026 0.011719 0.019531
0 0.936035 0.680990 0.016602 0.023438
0 0.860352 0.673177 0.017578 0.026042
0 0.542969 0.750000 0.017578 0.020833
0 0.513672 0.700521 0.013672 0.020833
0 0.525879 0.701823 0.012695 0.020833
0 0.975586 0.726562 0.015625 0.023438
0 0.958496 0.751302 0.018555 0.026042
0 0.736816 0.667969 0.016602 0.020833
0 0.532227 0.841146 0.019531 0.028646
0 0.541016 0.905599 0.017578 0.027344
0 0.567871 0.902344 0.016602 0.023438
0 0.572266 0.972005 0.017578 0.022135
0 0.603516 0.860677 0.017578 0.028646
0 0.631836 0.866536 0.015625 0.024740
0 0.624512 0.919922 0.018555 0.024740
0 0.655762 0.939453 0.016602 0.022135
0 0.659668 0.970052 0.016602 0.023438
0 0.673828 0.840495 0.021484 0.027344
0 0.693848 0.817057 0.014648 0.022135
0 0.704102 0.807943 0.015625 0.022135
0 0.724121 0.935547 0.018555 0.027344
0 0.675781 0.915365 0.015625 0.020833
0 0.684082 0.904297 0.014648 0.019531
0 0.741211 0.988932 0.017578 0.022135
0 0.757324 0.904948 0.018555 0.026042
0 0.769043 0.920573 0.018555 0.026042
0 0.858398 0.759115 0.015625 0.026042
0 0.874023 0.754557 0.015625 0.024740
0 0.910645 0.811198 0.020508 0.031250
0 0.849121 0.809896 0.016602 0.023438
0 0.894043 0.858073 0.016602 0.026042
0 0.872070 0.939453 0.017578 0.024740
0 0.892090 0.940104 0.016602 0.023438
0 0.878418 0.892578 0.014648 0.024740
0 0.892578 0.895182 0.013672 0.019531
0 0.886719 0.911458 0.015625 0.018229
1 0.853516 0.958333 0.021484 0.031250
