0 0.066406 0.857422 0.019531 0.024740
0 0.007812 0.749349 0.013672 0.022135
0 0.075684 0.705078 0.016602 0.024740
0 0.147461 0.755208 0.017578 0.020833
0 0.164062 0.777344 0.015625 0.018229
0 0.177734 0.785807 0.015625 0.022135
0 0.159668 0.829427 0.010742 0.018229
0 0.172363 0.833333 0.014648 0.018229
0 0.212891 0.872396 0.021484 0.033854
0 0.261230 0.850911 0.016602 0.022135
0 0.299316 0.826172 0.016602 0.022135
0 0.290039 0.898438 0.013672 0.020833
0 0.193359 0.734375 0.015625 0.023438
0 0.203613 0.748698 0.018555 0.026042
0 0.356934 0.756510 0.012695 0.018229
0 0.359863 0.775391 0.014648 0.019531
0 0.370117 0.762370 0.011719 0.022135
0 0.452637 0.733724 0.018555 0.024740
0 0.394043 0.722656 0.016602 0.026042
0 0.404297 0.679036 0.015625 0.022135
0 0.451172 0.914062 0.015625 0.023438
1 0.408203 0.860677 0.027344 0.046875
0 0.481445 0.790365 0.013672 0.020833
0 0.115234 0.628906 0.013672 0.013021
0 0.110352 0.614583 0.013672 0.015625
0 0.006836 0.515625 0.011719 0.023438
0 0.056641 0.469401 0.013672 0.022135
0 0.061523 0.496094 0.019531 0.026042
0 0.099121 0.555990 0.014648 0.023438
0 0.112305 0.524089 0.015625 0.022135
0 0.148926 0.522786 0.014648 0.027344
0 0.160156 0.581380 0.015625 0.022135
0 0.207031 0.612630 0.013672 0.016927
0 0.173340 0.529948 0.014648 0.020833
0 0.209961 0.583984 0.017578 0.024740
0 0.319824 0.592448 0.014648 0.018229
0 0.273438 0.569661 0.015625 0.016927
0 0.275391 0.550781 0.015625 0.020833
0 0.220703 0.467448 0.017578 0.023438
0 0.240234 0.474609 0.013672 0.016927
1 0.252441 0.443359 0.038086 0.037760
0 0.171387 0.419271 0.014648 0.020833
0 0.126953 0.395833 0.021484 0.028646
0 0.165039 0.371745 0.021484 0.027344
0 0.451172 0.470703 0.017578 0.022135
0 0.343262 0.414714 0.014648 0.019531
0 0.250488 0.393229 0.016602 0.020833
0 0.281250 0.384766 0.015625 0.022135
0 0.296875 0.384766 0.015625 0.022135
0 0.417480 0.419922 0.014648 0.022135
0 0.429199 0.412109 0.012695 0.022135
0 0.479004 0.408854 0.018555 0.023438
0 0.412109 0.396484 0.015625 0.024740
0 0.106934 0.431641 0.014648 0.019531
0 0.119629 0.423828 0.012695 0.016927
0 0.119629 0.441406 0.012695 0.018229
0 0.137695 0.449219 0.017578 0.018229
0 0.137695 0.427734 0.017578 0.022135
0 0.034180 0.292969 0.017578 0.023438
0 0.028320 0.259766 0.019531 0.027344
0 0.077637 0.302734 0.016602 0.019531
0 0.083008 0.283203 0.015625 0.019531
0 0.248047 0.350911 0.015625 0.022135
0 0.314453 0.328125 0.013672 0.020833
0 0.324219 0.358073 0.017578 0.023438
0 0.321777 0.380208 0.018555 0.020833
0 0.413574 0.354818 0.022461 0.029948
0 0.370605 0.329427 0.016602 0.023438
0 0.205078 0.351562 0.015625 0.015625
0 0.199219 0.335286 0.013672 0.016927
0 0.200195 0.279948 0.013672 0.018229
0 0.422852 0.326823 0.013672 0.018229
0 0.452637 0.354167 0.014648 0.020833
0 0.406250 0.261719 0.015625 0.023438
0 0.343262 0.265625 0.014648 0.018229
0 0.282715 0.220703 0.016602 0.024740
0 0.308594 0.261068 0.015625 0.022135
0 0.324707 0.263021 0.018555 0.023438
0 0.191406 0.243490 0.015625 0.015625
0 0.190918 0.227214 0.014648 0.016927
0 0.360840 0.212891 0.014648 0.019531
0 0.023438 0.158203 0.015625 0.022135
0 0.040527 0.149740 0.014648 0.020833
0 0.046875 0.132161 0.013672 0.016927
0 0.068359 0.119792 0.015625 0.020833
0 0.062988 0.036458 0.016602 0.020833
0 0.176758 0.054036 0.021484 0.029948
0 0.211914 0.175130 0.013672 0.019531
0 0.218262 0.161458 0.012695 0.018229
0 0.235352 0.163411 0.017578 0.024740
0 0.260254 0.128255 0.016602 0.022135
0 0.244141 0.095703 0.011719 0.016927
0 0.255859 0.102865 0.011719 0.018229
1 0.311035 0.080078 0.038086 0.055990
0 0.333984 0.121094 0.017578 0.020833
0 0.392578 0.095052 0.013672 0.020833
0 0.397461 0.132812 0.017578 0.020833
0 0.509766 0.075521 0.017578 0.026042
0 0.577148 0.052083 0.019531 0.028646
0 0.582031 0.093750 0.021484 0.020833
0 0.543457 0.023438 0.016602 0.020833
0 0.557129 0.018880 0.014648 0.022135
0 0.669434 0.020182 0.018555 0.022135
0 0.661621 0.066406 0.016602 0.018229
0 0.815918 0.042318 0.018555 0.024740
0 0.834961 0.027995 0.017578 0.027344
0 0.895996 0.026693 0.012695 0.019531
0 0.905762 0.020182 0.012695 0.019531
0 0.942871 0.014974 0.016602 0.022135
0 0.928223 0.063802 0.014648 0.020833
0 0.958008 0.050781 0.017578 0.020833
0 0.967773 0.066406 0.017578 0.020833
0 0.918945 0.124349 0.023438 0.029948
0 0.939941 0.120443 0.016602 0.019531
0 0.941406 0.138672 0.015625 0.016927
0 0.830566 0.172526 0.020508 0.027344
0 0.625488 0.279948 0.016602 0.020833
0 0.524414 0.287109 0.015625 0.019531
0 0.521484 0.266927 0.019531 0.023438
0 0.588379 0.228516 0.016602 0.022135
0 0.595703 0.208984 0.015625 0.019531
0 0.610352 0.192057 0.015625 0.019531
0 0.906250 0.169922 0.015625 0.022135
0 0.895996 0.183594 0.020508 0.023438
0 0.873047 0.235026 0.013672 0.016927
0 0.879395 0.250651 0.014648 0.022135
0 0.972168 0.228516 0.014648 0.019531
0 0.979492 0.247396 0.019531 0.020833
0 0.691895 0.285156 0.016602 0.023438
0 0.758789 0.273438 0.015625 0.023438
0 0.528809 0.371745 0.016602 0.024740
0 0.503906 0.384115 0.013672 0.018229
0 0.514160 0.376302 0.010742 0.023438
0 0.537598 0.428385 0.014648 0.026042
0 0.527832 0.457682 0.016602 0.024740
0 0.617188 0.484375 0.015625 0.018229
0 0.632812 0.464844 0.013672 0.020833
0 0.641602 0.416667 0.015625 0.018229
0 0.713867 0.304036 0.011719 0.022135
0 0.724121 0.311849 0.014648 0.019531
0 0.832031 0.307943 0.015625 0.022135
0 0.844727 0.311198 0.009766 0.020833
0 0.839355 0.330729 0.016602 0.018229
0 0.784180 0.360677 0.017578 0.026042
0 0.696289 0.400391 0.017578 0.022135
0 0.757812 0.440755 0.015625 0.022135
0 0.800293 0.401042 0.014648 0.018229
0 0.797852 0.429688 0.015625 0.023438
0 0.944824 0.391276 0.018555 0.024740
0 0.949219 0.422526 0.017578 0.024740
0 0.962891 0.393880 0.015625 0.024740
0 0.993652 0.393880 0.012695 0.024740
0 0.824219 0.457682 0.015625 0.024740
0 0.812500 0.462240 0.015625 0.020833
0 0.812012 0.484375 0.018555 0.020833
0 0.859863 0.481120 0.016602 0.019531
0 0.950684 0.541667 0.018555 0.028646
0 0.943848 0.619141 0.016602 0.024740
0 0.891602 0.580729 0.017578 0.023438
0 0.500977 0.512370 0.013672 0.019531
0 0.511719 0.526042 0.013672 0.018229
0 0.566895 0.532552 0.016602 0.020833
0 0.536621 0.557943 0.012695 0.022135
0 0.546875 0.570964 0.017578 0.019531
0 0.566895 0.551432 0.014648 0.016927
0 0.603027 0.545573 0.016602 0.020833
0 0.613281 0.532552 0.015625 0.023438
0 0.594727 0.578776 0.015625 0.022135
0 0.802246 0.559896 0.014648 0.020833
0 0.860840 0.539714 0.016602 0.022135
0 0.886719 0.664062 0.017578 0.023438
0 0.778809 0.569661 0.016602 0.022135
0 0.500977 0.685547 0.015625 0.022135
0 0.519043 0.694010 0.016602 0.023438
0 0.627441 0.719401 0.022461 0.029948
0 0.822266 0.613932 0.015625 0.022135
0 0.833496 0.632161 0.018555 0.024740
0 0.730957 0.682292 0.016602 0.023438
0 0.601562 0.759766 0.015625 0.022135
0 0.835938 0.718750 0.021484 0.031250
0 0.848633 0.790365 0.015625 0.020833
0 0.680176 0.750000 0.020508 0.023438
0 0.515625 0.844401 0.017578 0.022135
0 0.532715 0.830078 0.016602 0.022135
0 0.561523 0.798177 0.015625 0.023438
0 0.596680 0.831380 0.017578 0.022135
0 0.623047 0.857422 0.015625 0.022135
0 0.611816 0.953776 0.016602 0.019531
0 0.639160 0.910156 0.014648 0.020833
0 0.648926 0.901042 0.014648 0.020833
0 0.611328 0.973958 0.019531 0.020833
0 0.765625 0.856771 0.017578 0.023438
0 0.838867 0.888672 0.017578 0.022135
0 0.847656 0.977214 0.015625 0.022135
0 0.881348 0.967448 0.020508 0.028646
0 0.882812 0.782552 0.015625 0.020833
0 0.939453 0.785807 0.015625 0.024740
0 0.966797 0.819010 0.011719 0.023438
0 0.979492 0.815104 0.015625 0.020833
0 0.009277 0.951172 0.016602 0.027344
0 0.202148 0.950521 0.015625 0.026042
0 0.417969 0.977865 0.015625 0.020833
0 0.464844 0.945964 0.013672 0.022135
1 0.230957 0.965495 0.030273 0.040365
