0 0.040527 0.865234 0.014648 0.022135
0 0.060059 0.861328 0.014648 0.016927
0 0.072754 0.858724 0.010742 0.014323
0 0.180664 0.836589 0.013672 0.016927
0 0.187500 0.822266 0.013672 0.019531
0 0.185547 0.938802 0.019531 0.028646
0 0.429199 0.990234 0.014648 0.019531
0 0.374023 0.908854 0.013672 0.018229
0 0.370117 0.891927 0.015625 0.018229
0 0.338379 0.876953 0.014648 0.019531
0 0.350098 0.854167 0.014648 0.020833
0 0.326172 0.822266 0.015625 0.022135
0 0.408203 0.843099 0.015625 0.019531
0 0.274902 0.779948 0.012695 0.015625
0 0.276367 0.763021 0.011719 0.015625
0 0.215332 0.690104 0.012695 0.015625
0 0.223633 0.698568 0.015625 0.016927
0 0.015137 0.642578 0.016602 0.019531
0 0.032715 0.628255 0.018555 0.024740
0 0.502441 0.761719 0.014648 0.020833
0 0.509766 0.720052 0.015625 0.023438
0 0.442871 0.615234 0.016602 0.019531
0 0.529297 0.597005 0.013672 0.019531
0 0.409668 0.535156 0.014648 0.020833
0 0.448242 0.519531 0.013672 0.018229
1 0.536133 0.569661 0.015625 0.022135
0 0.037109 0.509115 0.013672 0.018229
0 0.006348 0.516276 0.010742 0.016927
0 0.121582 0.464844 0.014648 0.018229
0 0.127441 0.513021 0.014648 0.015625
0 0.129395 0.531250 0.014648 0.020833
0 0.318848 0.452474 0.012695 0.016927
0 0.197754 0.444010 0.016602 0.018229
0 0.195801 0.424479 0.014648 0.018229
0 0.280762 0.414062 0.012695 0.018229
0 0.312500 0.410156 0.013672 0.020833
0 0.195801 0.346354 0.018555 0.023438
0 0.258789 0.381510 0.013672 0.018229
0 0.292480 0.305339 0.020508 0.029948
0 0.341797 0.341797 0.021484 0.029948
0 0.367188 0.320964 0.015625 0.016927
0 0.250488 0.290365 0.012695 0.018229
0 0.541504 0.300781 0.014648 0.018229
0 0.057617 0.214193 0.013672 0.022135
0 0.075684 0.201823 0.016602 0.020833
0 0.034180 0.141927 0.017578 0.020833
0 0.166016 0.192057 0.015625 0.019531
0 0.261230 0.199219 0.014648 0.015625
0 0.364258 0.125000 0.015625 0.013021
0 0.431152 0.125000 0.012695 0.018229
0 0.459961 0.084635 0.011719 0.020833
0 0.472168 0.048828 0.014648 0.019531
0 0.508301 0.182943 0.016602 0.024740
0 0.541016 0.201172 0.013672 0.014323
0 0.540039 0.220703 0.015625 0.016927
0 0.626953 0.084635 0.013672 0.018229
0 0.702148 0.042318 0.015625 0.016927
0 0.666992 0.205729 0.015625 0.018229
0 0.746582 0.192057 0.014648 0.016927
0 0.773926 0.184896 0.010742 0.015625
0 0.787109 0.256510 0.015625 0.020833
0 0.882324 0.019531 0.014648 0.020833
0 0.926270 0.080729 0.018555 0.023438
0 0.938477 0.043620 0.009766 0.019531
0 0.948242 0.041667 0.015625 0.018229
0 0.564941 0.111328 0.012695 0.014323
0 0.562988 0.095052 0.010742 0.015625
0 0.991211 0.125000 0.017578 0.023438
1 0.658691 0.405599 0.018555 0.024740
0 0.708496 0.418620 0.018555 0.022135
0 0.691406 0.447917 0.013672 0.018229
0 0.587891 0.494792 0.013672 0.018229
0 0.706543 0.482422 0.012695 0.016927
0 0.728027 0.490885 0.012695 0.018229
0 0.753418 0.498047 0.014648 0.016927
0 0.787598 0.605469 0.016602 0.018229
0 0.669434 0.608724 0.014648 0.019531
0 0.643066 0.699870 0.014648 0.016927
0 0.882324 0.633464 0.014648 0.016927
0 0.611328 0.752604 0.013672 0.018229
0 0.621094 0.763021 0.013672 0.015625
0 0.556152 0.826823 0.014648 0.020833
0 0.522461 0.889323 0.011719 0.013021
0 0.545410 0.921875 0.018555 0.020833
0 0.696777 0.800130 0.012695 0.016927
0 0.704590 0.768229 0.010742 0.015625
0 0.820312 0.655599 0.013672 0.019531
0 0.900879 0.697266 0.014648 0.019531
0 0.802734 0.748047 0.013672 0.016927
0 0.812988 0.736979 0.010742 0.015625
0 0.550293 0.628906 0.018555 0.020833
0 0.552246 0.651693 0.014648 0.016927
0 0.563965 0.639974 0.012695 0.016927
0 0.769043 0.907552 0.014648 0.018229
0 0.757324 0.968750 0.018555 0.023438
0 0.816406 0.913411 0.017578 0.019531
0 0.822266 0.893880 0.015625 0.019531
0 0.855957 0.877604 0.014648 0.018229
0 0.870117 0.884115 0.013672 0.018229
