0 0.039062 0.919271 0.015625 0.020833
0 0.103516 0.876953 0.019531 0.024740
0 0.053711 0.787109 0.017578 0.022135
0 0.038086 0.976562 0.013672 0.020833
0 0.231934 0.960286 0.014648 0.019531
0 0.238281 0.934245 0.017578 0.024740
0 0.322754 0.921224 0.014648 0.019531
0 0.368164 0.960938 0.015625 0.023438
0 0.383789 0.894531 0.017578 0.023438
0 0.376465 0.844401 0.016602 0.022135
0 0.385254 0.860026 0.016602 0.019531
0 0.172852 0.855469 0.015625 0.020833
0 0.260254 0.909505 0.014648 0.014323
0 0.263184 0.895182 0.014648 0.016927
0 0.276367 0.777995 0.015625 0.019531
0 0.296387 0.765625 0.014648 0.020833
0 0.238770 0.738281 0.016602 0.020833
0 0.243164 0.720052 0.011719 0.015625
1 0.262695 0.690755 0.019531 0.024740
0 0.314941 0.718099 0.012695 0.019531
0 0.212891 0.710286 0.013672 0.022135
0 0.039062 0.689453 0.013672 0.019531
0 0.063965 0.637370 0.014648 0.016927
0 0.064941 0.620443 0.014648 0.014323
0 0.114746 0.651042 0.018555 0.018229
0 0.119141 0.669271 0.017578 0.023438
0 0.386230 0.675130 0.016602 0.027344
0 0.450195 0.729167 0.015625 0.026042
0 0.461914 0.740234 0.017578 0.024740
0 0.413086 0.664714 0.017578 0.022135
0 0.417969 0.685547 0.015625 0.016927
0 0.335449 0.602214 0.014648 0.019531
0 0.206543 0.551432 0.016602 0.022135
0 0.040039 0.588542 0.015625 0.018229
0 0.042969 0.571615 0.015625 0.020833
0 0.005371 0.552083 0.008789 0.023438
0 0.012695 0.457682 0.015625 0.022135
0 0.086914 0.466146 0.017578 0.026042
0 0.083984 0.519531 0.017578 0.023438
0 0.232910 0.525391 0.014648 0.019531
0 0.155273 0.563151 0.013672 0.016927
0 0.154785 0.546875 0.012695 0.015625
0 0.334961 0.565104 0.015625 0.020833
0 0.334961 0.535807 0.017578 0.022135
0 0.424316 0.587891 0.014648 0.014323
0 0.422363 0.601562 0.014648 0.015625
0 0.422852 0.519531 0.013672 0.018229
0 0.448730 0.456380 0.014648 0.016927
0 0.447266 0.440755 0.017578 0.014323
0 0.049805 0.386719 0.013672 0.018229
0 0.140625 0.356120 0.015625 0.016927
0 0.116211 0.409505 0.015625 0.019531
0 0.142090 0.427083 0.016602 0.023438
0 0.124023 0.423177 0.015625 0.018229
0 0.016602 0.284505 0.017578 0.022135
0 0.291504 0.333984 0.016602 0.019531
0 0.297363 0.369141 0.014648 0.019531
0 0.349121 0.309896 0.014648 0.023438
0 0.179199 0.400391 0.016602 0.016927
0 0.174805 0.382812 0.017578 0.018229
0 0.244141 0.317057 0.013672 0.027344
0 0.352051 0.439453 0.014648 0.016927
0 0.356445 0.425781 0.013672 0.018229
0 0.546387 0.362630 0.016602 0.019531
0 0.577148 0.373047 0.017578 0.022135
0 0.552734 0.497396 0.015625 0.026042
0 0.546875 0.525391 0.017578 0.019531
0 0.604980 0.515625 0.016602 0.023438
0 0.591309 0.541016 0.016602 0.022135
0 0.692871 0.533203 0.018555 0.024740
0 0.668945 0.660156 0.021484 0.026042
0 0.731445 0.610677 0.015625 0.018229
0 0.733887 0.638021 0.012695 0.018229
0 0.757812 0.652995 0.015625 0.022135
0 0.747070 0.607422 0.015625 0.022135
0 0.760254 0.594401 0.014648 0.019531
0 0.771973 0.544922 0.016602 0.016927
0 0.773926 0.524740 0.018555 0.026042
0 0.798828 0.457031 0.015625 0.020833
0 0.759766 0.388021 0.017578 0.026042
0 0.717773 0.355469 0.013672 0.020833
0 0.771484 0.334635 0.015625 0.018229
0 0.729980 0.279948 0.018555 0.023438
0 0.834961 0.286458 0.013672 0.020833
0 0.927246 0.307943 0.014648 0.022135
0 0.937500 0.415365 0.013672 0.020833
0 0.895020 0.505859 0.016602 0.019531
0 0.868652 0.539714 0.016602 0.019531
0 0.872070 0.558594 0.015625 0.018229
0 0.817871 0.578125 0.010742 0.018229
0 0.829590 0.585286 0.010742 0.022135
0 0.848145 0.608724 0.018555 0.027344
0 0.877441 0.645833 0.016602 0.023438
0 0.895508 0.661458 0.017578 0.023438
0 0.716797 0.680990 0.015625 0.020833
0 0.729980 0.713542 0.014648 0.020833
0 0.612305 0.721354 0.015625 0.020833
0 0.628906 0.716146 0.015625 0.026042
0 0.602051 0.824219 0.014648 0.020833
0 0.546387 0.882812 0.016602 0.020833
0 0.573730 0.951172 0.016602 0.022135
0 0.616211 0.963542 0.015625 0.023438
0 0.638672 0.890625 0.017578 0.020833
0 0.557617 0.813802 0.015625 0.018229
0 0.557129 0.796875 0.016602 0.018229
0 0.699219 0.873698 0.015625 0.020833
0 0.729492 0.899089 0.015625 0.024740
0 0.737305 0.807292 0.017578 0.020833
0 0.766113 0.824870 0.016602 0.019531
1 0.797363 0.667969 0.018555 0.028646
0 0.917480 0.802734 0.014648 0.022135
0 0.935547 0.740885 0.015625 0.020833
0 0.935059 0.906250 0.016602 0.020833
0 0.877930 0.961589 0.017578 0.019531
0 0.880859 0.981120 0.017578 0.019531
0 0.801758 0.934245 0.013672 0.016927
0 0.804199 0.920573 0.012695 0.018229
0 0.965332 0.733724 0.014648 0.019531
0 0.987305 0.735026 0.017578 0.024740
0 0.977539 0.516276 0.017578 0.022135
0 0.958496 0.412760 0.014648 0.020833
0 0.699707 0.220052 0.014648 0.020833
0 0.723145 0.207682 0.016602 0.024740
0 0.781738 0.151042 0.012695 0.020833
0 0.794434 0.150391 0.012695 0.022135
0 0.850098 0.113281 0.014648 0.018229
0 0.880859 0.151693 0.015625 0.022135
0 0.917480 0.155599 0.014648 0.019531
0 0.941406 0.131510 0.013672 0.018229
0 0.943359 0.115234 0.015625 0.019531
0 0.655273 0.093099 0.013672 0.019531
0 0.540527 0.186198 0.016602 0.020833
0 0.445801 0.192708 0.014648 0.020833
0 0.388184 0.210938 0.014648 0.020833
0 0.381836 0.249349 0.017578 0.024740
0 0.251465 0.158854 0.018555 0.023438
0 0.271484 0.118490 0.015625 0.018229
0 0.194824 0.180990 0.010742 0.015625
0 0.564453 0.089844 0.017578 0.018229
0 0.561035 0.069010 0.018555 0.020833
0 0.034180 0.214193 0.015625 0.022135
0 0.075684 0.229167 0.016602 0.020833
0 0.122070 0.160156 0.013672 0.020833
0 0.129883 0.229167 0.013672 0.018229
0 0.141113 0.246745 0.012695 0.019531
0 0.031250 0.029297 0.015625 0.022135
0 0.012207 0.044271 0.014648 0.018229
0 0.835449 0.251302 0.014648 0.018229
0 0.821777 0.748698 0.010742 0.018229
0 0.814941 0.736979 0.012695 0.018229
0 0.828613 0.389323 0.018555 0.020833
0 0.125977 0.298177 0.013672 0.015625
0 0.125000 0.286458 0.013672 0.013021
0 0.521484 0.697266 0.009766 0.014323
0 0.528809 0.689453 0.010742 0.014323
