0 0.046875 0.863932 0.013672 0.016927
0 0.077148 0.810547 0.015625 0.019531
0 0.010742 0.713542 0.013672 0.020833
0 0.098633 0.613932 0.015625 0.022135
0 0.043457 0.567708 0.016602 0.020833
0 0.192383 0.798177 0.011719 0.018229
0 0.254395 0.899740 0.012695 0.018229
0 0.324219 0.956380 0.013672 0.016927
0 0.435059 0.968099 0.014648 0.019531
0 0.442383 0.951823 0.015625 0.020833
0 0.454590 0.964844 0.016602 0.020833
0 0.235840 0.978516 0.014648 0.019531
0 0.136230 0.911458 0.012695 0.013021
0 0.132324 0.897135 0.012695 0.013021
0 0.249023 0.786458 0.011719 0.018229
0 0.268555 0.772786 0.015625 0.022135
0 0.282715 0.794271 0.012695 0.018229
0 0.190430 0.648438 0.013672 0.020833
0 0.089844 0.732422 0.011719 0.016927
0 0.087402 0.714844 0.012695 0.018229
0 0.166992 0.679036 0.013672 0.014323
0 0.167480 0.694661 0.012695 0.016927
0 0.208984 0.683594 0.019531 0.031250
0 0.246094 0.734375 0.013672 0.023438
0 0.328613 0.723958 0.014648 0.020833
0 0.428223 0.852865 0.014648 0.020833
0 0.458984 0.867839 0.013672 0.014323
0 0.460938 0.886068 0.015625 0.022135
0 0.513184 0.967448 0.016602 0.020833
0 0.501465 0.796875 0.012695 0.018229
0 0.506836 0.748698 0.013672 0.018229
0 0.402832 0.714844 0.014648 0.023438
0 0.254395 0.642578 0.012695 0.016927
0 0.289062 0.578125 0.015625 0.020833
0 0.360352 0.609375 0.013672 0.020833
0 0.500000 0.633464 0.013672 0.019531
0 0.521484 0.671224 0.013672 0.016927
0 0.124512 0.408203 0.012695 0.019531
0 0.168945 0.380859 0.015625 0.019531
0 0.226074 0.431641 0.014648 0.022135
0 0.328125 0.470703 0.013672 0.019531
0 0.437012 0.486979 0.014648 0.023438
0 0.444824 0.520182 0.014648 0.019531
0 0.479980 0.513021 0.014648 0.020833
0 0.514160 0.447266 0.014648 0.019531
0 0.513672 0.429688 0.013672 0.018229
0 0.122559 0.492188 0.010742 0.015625
0 0.129395 0.481120 0.012695 0.014323
0 0.131348 0.502604 0.012695 0.015625
0 0.212402 0.515625 0.014648 0.023438
0 0.226562 0.526042 0.013672 0.015625
0 0.239746 0.522135 0.012695 0.018229
0 0.233398 0.541667 0.013672 0.013021
0 0.226562 0.558594 0.011719 0.020833
0 0.245605 0.535807 0.012695 0.016927
0 0.237793 0.555990 0.012695 0.018229
0 0.062500 0.365885 0.015625 0.020833
0 0.059082 0.346354 0.012695 0.015625
0 0.063965 0.333333 0.012695 0.015625
0 0.023438 0.238932 0.015625 0.022135
0 0.025879 0.222656 0.012695 0.018229
0 0.055664 0.219401 0.013672 0.019531
0 0.050781 0.199870 0.011719 0.016927
0 0.138184 0.222656 0.012695 0.020833
0 0.136230 0.285156 0.016602 0.020833
0 0.212402 0.251302 0.012695 0.020833
0 0.226074 0.230469 0.014648 0.020833
0 0.240234 0.270182 0.015625 0.019531
0 0.251465 0.305990 0.012695 0.018229
0 0.322754 0.301432 0.012695 0.014323
0 0.148926 0.130208 0.014648 0.018229
0 0.168945 0.136719 0.013672 0.015625
0 0.173340 0.148438 0.014648 0.015625
0 0.050781 0.095703 0.013672 0.019531
0 0.056152 0.074219 0.014648 0.020833
0 0.016602 0.064453 0.013672 0.019531
0 0.196289 0.104167 0.015625 0.020833
0 0.201660 0.192057 0.014648 0.022135
0 0.333008 0.275391 0.013672 0.019531
0 0.342285 0.264323 0.012695 0.023438
0 0.468750 0.254557 0.013672 0.022135
0 0.475098 0.356120 0.016602 0.024740
0 0.490234 0.364583 0.013672 0.015625
0 0.511230 0.354818 0.018555 0.022135
0 0.507812 0.371745 0.015625 0.014323
0 0.493652 0.389974 0.012695 0.019531
0 0.485840 0.381510 0.012695 0.015625
0 0.273438 0.133464 0.013672 0.019531
0 0.331543 0.125000 0.016602 0.023438
0 0.467285 0.171875 0.012695 0.018229
0 0.472168 0.106120 0.016602 0.024740
0 0.398438 0.072917 0.015625 0.020833
0 0.273438 0.054036 0.015625 0.022135
0 0.172363 0.065104 0.016602 0.020833
0 0.170410 0.044922 0.016602 0.016927
0 0.080078 0.221354 0.015625 0.023438
0 0.516602 0.152995 0.017578 0.016927
0 0.514160 0.171224 0.016602 0.016927
0 0.546387 0.069010 0.016602 0.023438
0 0.591797 0.207031 0.013672 0.020833
0 0.635254 0.240885 0.014648 0.023438
0 0.604980 0.285156 0.012695 0.018229
0 0.606445 0.304036 0.017578 0.016927
0 0.593262 0.352214 0.012695 0.016927
0 0.590820 0.367839 0.011719 0.016927
0 0.601074 0.363932 0.012695 0.016927
0 0.676270 0.389974 0.014648 0.022135
0 0.695801 0.351562 0.016602 0.026042
0 0.691895 0.307292 0.020508 0.023438
0 0.724121 0.253255 0.014648 0.019531
0 0.674316 0.177734 0.016602 0.019531
0 0.698242 0.091797 0.015625 0.019531
0 0.826172 0.110026 0.017578 0.022135
0 0.933594 0.081380 0.013672 0.019531
0 0.924316 0.035807 0.014648 0.022135
0 0.906250 0.007812 0.011719 0.013021
0 0.796875 0.325521 0.015625 0.018229
0 0.748047 0.065755 0.015625 0.019531
0 0.779297 0.012370 0.011719 0.016927
0 0.802246 0.022786 0.012695 0.019531
0 0.816406 0.010417 0.011719 0.015625
0 0.753418 0.401042 0.010742 0.015625
0 0.754883 0.422526 0.015625 0.019531
0 0.800781 0.440755 0.015625 0.022135
0 0.840332 0.436198 0.014648 0.018229
0 0.532227 0.433594 0.013672 0.018229
0 0.535156 0.449219 0.013672 0.015625
0 0.603027 0.450521 0.012695 0.015625
0 0.598633 0.466146 0.013672 0.015625
0 0.878418 0.429688 0.014648 0.018229
0 0.874023 0.445964 0.013672 0.016927
0 0.905762 0.456380 0.020508 0.027344
0 0.918457 0.442708 0.012695 0.020833
0 0.892578 0.219401 0.013672 0.014323
0 0.907715 0.188151 0.012695 0.016927
0 0.896484 0.190755 0.013672 0.016927
0 0.896484 0.206380 0.013672 0.014323
1 0.914062 0.367839 0.017578 0.027344
0 0.951660 0.296224 0.016602 0.022135
0 0.955078 0.315104 0.013672 0.018229
0 0.972168 0.397135 0.014648 0.023438
0 0.988281 0.389323 0.017578 0.023438
0 0.982422 0.410156 0.015625 0.018229
0 0.993164 0.432943 0.009766 0.011719
0 0.992188 0.448568 0.013672 0.016927
0 0.846680 0.464844 0.013672 0.018229
0 0.616699 0.516927 0.016602 0.020833
0 0.633789 0.489583 0.015625 0.018229
0 0.669434 0.485026 0.014648 0.019531
0 0.828125 0.542969 0.015625 0.020833
0 0.854004 0.546224 0.018555 0.022135
0 0.609375 0.595703 0.013672 0.019531
0 0.555664 0.615234 0.015625 0.022135
0 0.554688 0.647786 0.013672 0.019531
0 0.572754 0.653646 0.014648 0.020833
0 0.589355 0.660807 0.014648 0.016927
0 0.587891 0.677083 0.013672 0.015625
0 0.557129 0.719401 0.016602 0.022135
0 0.555176 0.746094 0.016602 0.023438
0 0.635742 0.701823 0.019531 0.026042
0 0.634766 0.734375 0.017578 0.023438
0 0.679199 0.625000 0.016602 0.020833
1 0.638672 0.586589 0.013672 0.016927
0 0.777344 0.580078 0.013672 0.019531
0 0.851074 0.579427 0.014648 0.018229
0 0.794434 0.637370 0.016602 0.019531
0 0.838379 0.633464 0.016602 0.019531
0 0.874023 0.670573 0.013672 0.020833
0 0.984375 0.528646 0.011719 0.018229
0 0.977539 0.537760 0.015625 0.013021
0 0.978027 0.553385 0.014648 0.018229
0 0.952637 0.584635 0.012695 0.018229
0 0.957031 0.606120 0.019531 0.024740
0 0.963867 0.589844 0.011719 0.018229
0 0.918945 0.643229 0.015625 0.020833
0 0.944824 0.651042 0.014648 0.020833
0 0.974609 0.637370 0.015625 0.019531
0 0.861816 0.690755 0.014648 0.016927
0 0.867188 0.701823 0.013672 0.018229
0 0.861816 0.732422 0.014648 0.019531
0 0.649902 0.810547 0.014648 0.019531
0 0.563477 0.840495 0.013672 0.016927
0 0.562012 0.858073 0.014648 0.020833
0 0.585938 0.850911 0.013672 0.019531
0 0.632812 0.895182 0.011719 0.014323
0 0.628906 0.909505 0.011719 0.014323
0 0.668457 0.884115 0.016602 0.020833
0 0.589355 0.964844 0.014648 0.023438
0 0.715332 0.850911 0.012695 0.014323
0 0.714844 0.866536 0.013672 0.016927
0 0.688477 0.917969 0.011719 0.018229
0 0.699707 0.908854 0.014648 0.018229
0 0.699219 0.925781 0.013672 0.020833
0 0.773926 0.975911 0.014648 0.022135
0 0.863281 0.859375 0.013672 0.018229
0 0.870117 0.887370 0.013672 0.016927
0 0.867188 0.912760 0.015625 0.018229
0 0.863281 0.930990 0.015625 0.018229
0 0.892090 0.902344 0.016602 0.018229
0 0.891113 0.920573 0.014648 0.018229
0 0.972168 0.929688 0.014648 0.018229
0 0.967285 0.946615 0.012695 0.018229
0 0.979980 0.945312 0.014648 0.020833
0 0.866699 0.476562 0.012695 0.018229
0 0.878906 0.475260 0.011719 0.020833
0 0.884277 0.491536 0.012695 0.016927
0 0.897461 0.487630 0.013672 0.019531
0 0.911133 0.485677 0.013672 0.018229
0 0.909180 0.505208 0.015625 0.015625
