0 0.066406 0.753255 0.013672 0.016927
0 0.062012 0.722005 0.012695 0.016927
0 0.078125 0.694661 0.013672 0.016927
0 0.082520 0.679036 0.014648 0.016927
0 0.062500 0.645182 0.013672 0.022135
0 0.155762 0.795573 0.018555 0.023438
0 0.268066 0.785156 0.016602 0.020833
0 0.260254 0.860026 0.012695 0.022135
0 0.372559 0.845703 0.014648 0.019531
0 0.375977 0.828776 0.013672 0.019531
0 0.182617 0.723958 0.013672 0.020833
0 0.313477 0.688802 0.013672 0.015625
0 0.337891 0.660807 0.015625 0.024740
0 0.408203 0.722656 0.015625 0.020833
0 0.054199 0.906901 0.016602 0.022135
0 0.171875 0.977865 0.015625 0.020833
0 0.291504 0.908203 0.016602 0.022135
0 0.452637 0.956380 0.014648 0.022135
0 0.250488 0.617188 0.016602 0.023438
0 0.265625 0.616536 0.013672 0.022135
0 0.259277 0.632161 0.014648 0.011719
1 0.016113 0.526693 0.016602 0.022135
0 0.195312 0.530599 0.013672 0.016927
0 0.231934 0.441406 0.016602 0.023438
0 0.391113 0.493490 0.012695 0.015625
0 0.392090 0.478516 0.012695 0.016927
0 0.443848 0.444010 0.014648 0.018229
0 0.451660 0.429036 0.016602 0.022135
0 0.040039 0.477865 0.015625 0.023438
0 0.030762 0.421224 0.010742 0.016927
0 0.043945 0.423177 0.013672 0.020833
0 0.036621 0.406901 0.012695 0.016927
0 0.282715 0.403646 0.012695 0.018229
0 0.123535 0.341146 0.016602 0.020833
0 0.074707 0.294271 0.012695 0.020833
0 0.133789 0.273438 0.015625 0.020833
0 0.243652 0.326172 0.014648 0.016927
0 0.272461 0.298177 0.015625 0.018229
0 0.365234 0.279297 0.015625 0.019531
0 0.462891 0.341797 0.013672 0.022135
0 0.475098 0.333333 0.012695 0.020833
0 0.223145 0.269531 0.014648 0.020833
0 0.139160 0.163411 0.018555 0.022135
0 0.234375 0.167969 0.013672 0.018229
0 0.357422 0.250651 0.015625 0.019531
0 0.305176 0.147786 0.014648 0.016927
0 0.306152 0.165365 0.016602 0.015625
0 0.196289 0.082682 0.015625 0.024740
0 0.159668 0.043620 0.016602 0.024740
0 0.217285 0.044271 0.014648 0.018229
0 0.214844 0.021484 0.013672 0.019531
0 0.336914 0.067708 0.013672 0.018229
0 0.331543 0.031901 0.016602 0.022135
1 0.475586 0.146484 0.015625 0.027344
0 0.517090 0.111328 0.022461 0.029948
0 0.536133 0.258464 0.013672 0.014323
0 0.538086 0.274089 0.015625 0.014323
0 0.594727 0.290365 0.013672 0.018229
0 0.676270 0.186198 0.016602 0.023438
0 0.677246 0.080729 0.016602 0.013021
0 0.674805 0.063802 0.015625 0.018229
0 0.737305 0.144531 0.015625 0.020833
0 0.776367 0.151693 0.013672 0.016927
0 0.781738 0.111979 0.016602 0.023438
0 0.887695 0.048828 0.013672 0.019531
0 0.901367 0.046224 0.013672 0.024740
0 0.957520 0.102865 0.016602 0.023438
0 0.851074 0.283854 0.014648 0.020833
0 0.859375 0.268229 0.015625 0.020833
0 0.872559 0.277995 0.018555 0.022135
0 0.635742 0.358724 0.017578 0.022135
0 0.964355 0.201823 0.016602 0.018229
0 0.966797 0.218750 0.015625 0.015625
0 0.722168 0.364583 0.010742 0.018229
0 0.562012 0.437500 0.014648 0.020833
0 0.992188 0.035807 0.015625 0.022135
0 0.980957 0.281250 0.016602 0.020833
0 0.691895 0.457682 0.014648 0.019531
0 0.746094 0.423177 0.013672 0.020833
0 0.755371 0.412760 0.014648 0.023438
0 0.780762 0.433594 0.016602 0.020833
0 0.859863 0.442057 0.016602 0.024740
0 0.918945 0.441406 0.013672 0.020833
0 0.957031 0.416667 0.013672 0.020833
0 0.930664 0.474609 0.013672 0.019531
0 0.703125 0.574870 0.017578 0.022135
0 0.776855 0.544271 0.014648 0.020833
0 0.974609 0.530599 0.015625 0.022135
0 0.499512 0.670573 0.012695 0.013021
0 0.495605 0.703125 0.016602 0.023438
0 0.498535 0.723307 0.014648 0.022135
0 0.495605 0.761068 0.012695 0.019531
0 0.504883 0.771484 0.017578 0.024740
0 0.512695 0.928385 0.015625 0.018229
0 0.538574 0.844401 0.014648 0.019531
0 0.563477 0.753906 0.013672 0.018229
0 0.583984 0.742188 0.011719 0.018229
0 0.618652 0.791667 0.014648 0.018229
0 0.615234 0.870443 0.013672 0.014323
0 0.619141 0.885417 0.013672 0.018229
0 0.640625 0.843750 0.015625 0.023438
0 0.740234 0.990885 0.017578 0.018229
0 0.775879 0.953776 0.014648 0.016927
0 0.782227 0.941406 0.013672 0.020833
0 0.887695 0.913411 0.013672 0.019531
0 0.982422 0.819661 0.013672 0.016927
0 0.988770 0.830729 0.014648 0.018229
0 0.789062 0.804036 0.017578 0.022135
1 0.836914 0.857422 0.017578 0.024740
0 0.715820 0.743490 0.017578 0.020833
0 0.719238 0.726562 0.014648 0.018229
0 0.741699 0.667318 0.016602 0.019531
0 0.763184 0.621094 0.014648 0.020833
0 0.844727 0.660156 0.015625 0.023438
0 0.903809 0.710938 0.014648 0.020833
0 0.962402 0.731771 0.014648 0.020833
0 0.778320 0.607422 0.017578 0.019531
0 0.781738 0.587891 0.014648 0.016927
