0 0.062500 0.976562 0.011719 0.015625
0 0.066406 0.990234 0.009766 0.014323
0 0.095215 0.860026 0.014648 0.019531
0 0.123047 0.692708 0.011719 0.018229
0 0.320801 0.792969 0.012695 0.015625
0 0.321777 0.809896 0.014648 0.015625
0 0.272949 0.684245 0.014648 0.019531
0 0.272949 0.666667 0.012695 0.015625
0 0.284668 0.665365 0.010742 0.018229
0 0.307129 0.660807 0.012695 0.019531
0 0.411133 0.766276 0.017578 0.024740
0 0.415527 0.748047 0.014648 0.016927
0 0.692871 0.838542 0.016602 0.020833
0 0.663086 0.776693 0.013672 0.019531
0 0.507324 0.723307 0.018555 0.024740
0 0.666016 0.722005 0.015625 0.019531
0 0.519043 0.831380 0.014648 0.019531
0 0.595215 0.648438 0.014648 0.018229
0 0.595703 0.632812 0.011719 0.013021
0 0.778320 0.731120 0.013672 0.016927
0 0.766113 0.662109 0.014648 0.019531
0 0.797363 0.647786 0.012695 0.016927
0 0.804199 0.626953 0.012695 0.011719
0 0.803223 0.611979 0.014648 0.013021
1 0.771484 0.643880 0.015625 0.019531
0 0.732422 0.972656 0.015625 0.020833
0 0.747070 0.976562 0.013672 0.018229
0 0.889648 0.923177 0.015625 0.018229
0 0.940430 0.840495 0.011719 0.014323
0 0.939941 0.824219 0.012695 0.015625
0 0.828613 0.708984 0.010742 0.011719
0 0.828613 0.694661 0.010742 0.009115
0 0.992676 0.591146 0.012695 0.023438
1 0.599121 0.600911 0.018555 0.027344
0 0.598633 0.476562 0.011719 0.015625
1 0.604004 0.460938 0.012695 0.015625
0 0.853516 0.378255 0.011719 0.014323
0 0.958496 0.439453 0.012695 0.014323
0 0.961914 0.456380 0.013672 0.014323
1 0.973145 0.485677 0.018555 0.020833
0 0.405762 0.546875 0.010742 0.013021
0 0.403809 0.562500 0.012695 0.013021
0 0.416016 0.555339 0.011719 0.019531
0 0.422363 0.354818 0.016602 0.019531
0 0.701172 0.045573 0.011719 0.015625
0 0.707520 0.059245 0.012695 0.016927
0 0.752441 0.070312 0.012695 0.018229
0 0.809570 0.040365 0.013672 0.018229
0 0.888672 0.167318 0.015625 0.019531
0 0.080078 0.541016 0.015625 0.019531
0 0.121094 0.369141 0.013672 0.019531
0 0.105957 0.346354 0.012695 0.018229
0 0.160645 0.307292 0.014648 0.020833
0 0.214355 0.361979 0.012695 0.018229
0 0.306152 0.345703 0.014648 0.019531
0 0.340820 0.359375 0.011719 0.015625
0 0.326660 0.304688 0.014648 0.020833
0 0.192383 0.422526 0.013672 0.022135
0 0.206055 0.390625 0.013672 0.020833
0 0.200195 0.408203 0.013672 0.022135
0 0.214355 0.402995 0.012695 0.019531
1 0.379395 0.551432 0.016602 0.022135
0 0.348633 0.500000 0.015625 0.020833
0 0.342773 0.516276 0.013672 0.019531
0 0.146484 0.163411 0.013672 0.016927
0 0.290527 0.072266 0.014648 0.019531
0 0.388672 0.060547 0.013672 0.019531
0 0.410645 0.096354 0.012695 0.023438
0 0.409180 0.027344 0.011719 0.018229
0 0.062500 0.035807 0.013672 0.024740
0 0.069824 0.023438 0.012695 0.018229
0 0.342773 0.432292 0.013672 0.018229
0 0.342285 0.410156 0.014648 0.020833
0 0.352051 0.422526 0.012695 0.019531
