0 0.086426 0.863281 0.016602 0.023438
0 0.034668 0.691406 0.022461 0.028646
0 0.498535 0.738932 0.014648 0.019531
0 0.518066 0.830078 0.018555 0.024740
1 0.396484 0.869792 0.019531 0.028646
0 0.111816 0.556641 0.014648 0.016927
0 0.108398 0.538411 0.015625 0.016927
0 0.479004 0.529948 0.016602 0.023438
0 0.486328 0.448568 0.015625 0.024740
0 0.370605 0.464844 0.014648 0.018229
0 0.375488 0.483724 0.014648 0.016927
0 0.287598 0.386068 0.014648 0.022135
0 0.382812 0.361328 0.015625 0.022135
0 0.133789 0.216146 0.013672 0.018229
0 0.047852 0.335938 0.013672 0.018229
0 0.161621 0.310547 0.014648 0.019531
0 0.160645 0.332682 0.014648 0.022135
1 0.068848 0.275391 0.012695 0.022135
0 0.642578 0.395833 0.015625 0.023438
0 0.568848 0.558594 0.016602 0.020833
0 0.582520 0.514323 0.014648 0.020833
0 0.629883 0.481771 0.017578 0.018229
0 0.720215 0.434245 0.012695 0.016927
0 0.950684 0.298177 0.014648 0.018229
0 0.675293 0.481771 0.014648 0.015625
0 0.678223 0.495443 0.014648 0.016927
0 0.619629 0.688802 0.014648 0.018229
0 0.532227 0.647786 0.013672 0.019531
0 0.530273 0.629557 0.013672 0.019531
0 0.697266 0.615885 0.013672 0.018229
0 0.696289 0.598958 0.017578 0.020833
0 0.913574 0.606771 0.016602 0.020833
0 0.956055 0.683594 0.019531 0.026042
0 0.908691 0.795573 0.016602 0.023438
0 0.650879 0.836589 0.014648 0.024740
0 0.598145 0.942708 0.016602 0.023438
0 0.696777 0.941406 0.014648 0.018229
