0 0.422852 0.845703 0.027344 0.035156
0 0.430176 0.893880 0.014648 0.022135
0 0.509766 0.947917 0.019531 0.028646
0 0.519043 0.985677 0.020508 0.026042
0 0.435059 0.930339 0.018555 0.027344
0 0.453613 0.926432 0.018555 0.024740
0 0.541016 0.706380 0.017578 0.022135
0 0.390137 0.623698 0.016602 0.020833
0 0.311035 0.647786 0.016602 0.022135
0 0.188965 0.654297 0.012695 0.016927
0 0.194824 0.641276 0.014648 0.019531
0 0.316895 0.559245 0.014648 0.022135
0 0.401367 0.591797 0.015625 0.024740
0 0.392090 0.557292 0.020508 0.020833
0 0.037598 0.544922 0.018555 0.022135
0 0.067871 0.486979 0.014648 0.020833
0 0.045898 0.432292 0.019531 0.028646
0 0.161133 0.448568 0.013672 0.019531
0 0.425293 0.491536 0.022461 0.032552
0 0.347168 0.448568 0.022461 0.027344
0 0.208008 0.470703 0.017578 0.022135
0 0.207520 0.447917 0.018555 0.020833
0 0.231934 0.421224 0.014648 0.022135
0 0.269531 0.395182 0.017578 0.022135
0 0.307617 0.435547 0.015625 0.022135
0 0.403809 0.416667 0.016602 0.023438
0 0.271484 0.356120 0.015625 0.019531
0 0.133789 0.311198 0.015625 0.018229
0 0.541016 0.449219 0.017578 0.023438
0 0.289551 0.317708 0.016602 0.023438
0 0.136719 0.268880 0.015625 0.022135
0 0.117676 0.220703 0.014648 0.016927
0 0.123047 0.236979 0.009766 0.015625
0 0.447266 0.216797 0.015625 0.022135
0 0.572266 0.365234 0.015625 0.019531
0 0.644043 0.339193 0.024414 0.029948
0 0.647949 0.311849 0.018555 0.029948
0 0.698730 0.302734 0.018555 0.022135
0 0.590820 0.235026 0.019531 0.027344
0 0.823730 0.413411 0.020508 0.027344
0 0.660645 0.391927 0.014648 0.020833
0 0.720703 0.288411 0.017578 0.022135
0 0.727051 0.270182 0.016602 0.019531
0 0.771973 0.266276 0.016602 0.024740
0 0.840332 0.300781 0.014648 0.020833
0 0.842773 0.280599 0.013672 0.019531
0 0.897461 0.324870 0.015625 0.022135
0 0.911133 0.304688 0.015625 0.015625
0 0.915039 0.286458 0.015625 0.018229
0 0.890625 0.406250 0.017578 0.023438
0 0.883301 0.498047 0.016602 0.016927
0 0.883301 0.516927 0.016602 0.018229
1 0.933105 0.547526 0.014648 0.022135
0 0.764648 0.539062 0.017578 0.023438
0 0.679199 0.541667 0.018555 0.026042
0 0.712891 0.583333 0.013672 0.020833
0 0.713379 0.604167 0.016602 0.018229
0 0.769043 0.593750 0.014648 0.018229
0 0.807617 0.580729 0.019531 0.026042
0 0.583984 0.681641 0.017578 0.022135
0 0.744629 0.597656 0.016602 0.020833
0 0.744629 0.616536 0.016602 0.016927
0 0.804199 0.669922 0.016602 0.019531
0 0.804199 0.688802 0.016602 0.018229
0 0.862793 0.719401 0.018555 0.022135
0 0.897949 0.703125 0.016602 0.018229
0 0.898926 0.720052 0.014648 0.018229
0 0.799805 0.759115 0.017578 0.020833
0 0.812988 0.783854 0.014648 0.023438
0 0.818848 0.831380 0.014648 0.019531
0 0.767578 0.861328 0.019531 0.024740
0 0.817871 0.892578 0.014648 0.019531
0 0.844727 0.992188 0.013672 0.015625
0 0.101074 0.194661 0.014648 0.024740
0 0.120605 0.162109 0.022461 0.029948
0 0.241699 0.159505 0.016602 0.022135
0 0.190918 0.057292 0.020508 0.026042
0 0.214844 0.060547 0.017578 0.024740
0 0.160645 0.093099 0.016602 0.019531
1 0.155762 0.110026 0.016602 0.019531
1 0.023926 0.200521 0.018555 0.023438
0 0.374512 0.197917 0.018555 0.026042
0 0.120117 0.053385 0.013672 0.015625
0 0.120605 0.037760 0.012695 0.018229
0 0.375000 0.047526 0.017578 0.024740
0 0.377930 0.090495 0.017578 0.024740
0 0.546387 0.111328 0.016602 0.022135
0 0.600586 0.016927 0.017578 0.020833
0 0.685547 0.121094 0.017578 0.023438
0 0.616211 0.190755 0.017578 0.027344
0 0.615234 0.217448 0.019531 0.023438
0 0.593262 0.208984 0.020508 0.027344
0 0.846191 0.110677 0.020508 0.028646
0 0.854004 0.145182 0.018555 0.024740
0 0.940918 0.143229 0.016602 0.026042
