0 0.108887 0.968750 0.016602 0.018229
0 0.110352 0.949870 0.013672 0.016927
0 0.282227 0.869141 0.015625 0.022135
0 0.298828 0.929688 0.013672 0.018229
0 0.318848 0.897786 0.014648 0.019531
0 0.318359 0.914714 0.013672 0.014323
0 0.141602 0.750000 0.013672 0.015625
0 0.143555 0.765625 0.013672 0.015625
0 0.187500 0.787109 0.013672 0.016927
0 0.192383 0.776042 0.013672 0.015625
0 0.204590 0.668620 0.014648 0.014323
0 0.208008 0.684896 0.015625 0.015625
0 0.348633 0.690755 0.013672 0.019531
0 0.353027 0.677083 0.012695 0.015625
0 0.285156 0.587891 0.017578 0.022135
0 0.441895 0.621745 0.014648 0.019531
0 0.419434 0.606771 0.012695 0.015625
0 0.418945 0.590495 0.013672 0.016927
0 0.223145 0.602214 0.012695 0.016927
0 0.225586 0.587891 0.013672 0.014323
0 0.304199 0.538411 0.012695 0.022135
0 0.057617 0.518229 0.017578 0.026042
0 0.430176 0.507161 0.014648 0.016927
0 0.430664 0.488932 0.013672 0.016927
0 0.197754 0.426432 0.014648 0.019531
0 0.204590 0.413411 0.014648 0.016927
0 0.328613 0.372396 0.014648 0.020833
0 0.301758 0.404297 0.013672 0.016927
0 0.300781 0.417969 0.013672 0.015625
0 0.126953 0.322266 0.013672 0.019531
0 0.020508 0.281250 0.013672 0.015625
0 0.021484 0.266276 0.013672 0.016927
0 0.117676 0.269531 0.016602 0.020833
0 0.119629 0.250651 0.014648 0.014323
0 0.229492 0.229818 0.013672 0.016927
0 0.234863 0.214844 0.012695 0.018229
0 0.207520 0.175781 0.012695 0.015625
0 0.054688 0.174479 0.013672 0.023438
0 0.127441 0.201172 0.010742 0.014323
0 0.122070 0.186849 0.013672 0.016927
0 0.129883 0.174479 0.013672 0.018229
0 0.031738 0.067057 0.010742 0.019531
0 0.287598 0.113932 0.012695 0.016927
0 0.286133 0.096354 0.011719 0.015625
0 0.273438 0.091146 0.013672 0.018229
0 0.281738 0.079427 0.014648 0.015625
0 0.284180 0.067708 0.011719 0.015625
0 0.484863 0.268880 0.018555 0.024740
0 0.476562 0.294922 0.015625 0.019531
0 0.604004 0.192708 0.012695 0.018229
0 0.715332 0.123698 0.014648 0.018229
0 0.716797 0.142578 0.015625 0.016927
0 0.758789 0.208984 0.015625 0.022135
0 0.802734 0.098307 0.015625 0.019531
0 0.875977 0.190755 0.013672 0.016927
1 0.691406 0.264974 0.019531 0.024740
0 0.462891 0.461589 0.015625 0.019531
0 0.561035 0.444010 0.014648 0.020833
0 0.630371 0.503906 0.016602 0.026042
0 0.826172 0.424479 0.013672 0.015625
0 0.868652 0.447917 0.014648 0.020833
0 0.674316 0.571615 0.014648 0.018229
0 0.556152 0.627604 0.012695 0.015625
0 0.776855 0.602865 0.014648 0.020833
0 0.624023 0.582682 0.015625 0.016927
0 0.619141 0.568359 0.011719 0.016927
0 0.788086 0.694010 0.013672 0.015625
0 0.788574 0.710286 0.014648 0.016927
0 0.881348 0.675130 0.016602 0.022135
0 0.846191 0.817057 0.014648 0.022135
0 0.936523 0.943359 0.013672 0.022135
0 0.991211 0.902995 0.015625 0.022135
0 0.913574 0.494792 0.014648 0.015625
0 0.914062 0.477865 0.013672 0.018229
0 0.901855 0.232422 0.014648 0.022135
0 0.969238 0.160807 0.014648 0.019531
0 0.908203 0.100911 0.015625 0.016927
0 0.904297 0.084635 0.015625 0.018229
