0 0.124023 0.808594 0.011719 0.018229
0 0.042480 0.965495 0.012695 0.019531
0 0.206055 0.986979 0.011719 0.018229
0 0.236328 0.972005 0.011719 0.014323
0 0.236328 0.989583 0.011719 0.015625
0 0.278320 0.915365 0.013672 0.020833
0 0.395508 0.922526 0.013672 0.019531
0 0.413086 0.972005 0.011719 0.016927
0 0.424805 0.970052 0.009766 0.015625
0 0.432617 0.929688 0.013672 0.018229
0 0.446777 0.912760 0.016602 0.020833
0 0.452148 0.894531 0.015625 0.018229
0 0.500000 0.867188 0.015625 0.020833
0 0.280762 0.824219 0.014648 0.018229
0 0.316895 0.814453 0.012695 0.016927
0 0.351562 0.772786 0.011719 0.014323
0 0.351562 0.789062 0.011719 0.015625
0 0.479004 0.753906 0.012695 0.018229
0 0.224609 0.748698 0.011719 0.015625
0 0.090820 0.738932 0.011719 0.011719
0 0.087891 0.722656 0.013672 0.015625
0 0.061523 0.700521 0.011719 0.015625
0 0.109375 0.669922 0.011719 0.016927
0 0.160156 0.693359 0.011719 0.014323
0 0.172852 0.667318 0.013672 0.016927
0 0.066406 0.619792 0.013672 0.015625
0 0.289551 0.726562 0.010742 0.015625
0 0.297852 0.693359 0.011719 0.016927
0 0.296875 0.674479 0.011719 0.015625
0 0.311523 0.676432 0.013672 0.019531
0 0.453613 0.635417 0.010742 0.015625
0 0.475098 0.626302 0.014648 0.015625
0 0.477539 0.608724 0.017578 0.016927
0 0.374023 0.597656 0.011719 0.013021
0 0.284668 0.606771 0.012695 0.015625
0 0.058594 0.576172 0.015625 0.016927
0 0.210938 0.613932 0.013672 0.014323
0 0.210938 0.626953 0.011719 0.014323
0 0.222656 0.635417 0.011719 0.018229
0 0.223145 0.617188 0.012695 0.018229
0 0.088379 0.554688 0.010742 0.015625
0 0.093750 0.470052 0.011719 0.015625
0 0.053223 0.408854 0.012695 0.015625
0 0.055664 0.425781 0.013672 0.015625
0 0.081543 0.424479 0.012695 0.018229
0 0.174805 0.533203 0.011719 0.014323
0 0.181152 0.550781 0.012695 0.018229
0 0.255859 0.452474 0.011719 0.016927
0 0.138672 0.326172 0.011719 0.016927
0 0.371094 0.516276 0.011719 0.014323
0 0.391602 0.435547 0.013672 0.016927
0 0.475098 0.524740 0.012695 0.018229
0 0.493652 0.455729 0.012695 0.015625
0 0.407227 0.364583 0.011719 0.015625
0 0.216309 0.262370 0.012695 0.019531
0 0.207031 0.249349 0.013672 0.016927
0 0.288574 0.222656 0.012695 0.015625
0 0.383789 0.294922 0.011719 0.014323
0 0.388184 0.283854 0.012695 0.015625
0 0.447266 0.345703 0.015625 0.022135
0 0.483887 0.346354 0.012695 0.015625
0 0.493164 0.356120 0.011719 0.014323
0 0.489746 0.316406 0.016602 0.018229
0 0.493652 0.297526 0.014648 0.019531
0 0.032227 0.035807 0.011719 0.019531
0 0.037109 0.054036 0.013672 0.016927
0 0.127441 0.069010 0.014648 0.018229
0 0.223633 0.141927 0.013672 0.015625
0 0.230469 0.186198 0.013672 0.013021
0 0.238281 0.175781 0.011719 0.015625
0 0.371094 0.223958 0.013672 0.018229
0 0.422852 0.223307 0.011719 0.011719
0 0.413086 0.218099 0.011719 0.014323
0 0.415039 0.201172 0.013672 0.019531
0 0.486328 0.229818 0.011719 0.016927
0 0.483398 0.212891 0.013672 0.019531
0 0.258789 0.042318 0.011719 0.014323
0 0.398438 0.042969 0.011719 0.015625
0 0.392578 0.057292 0.011719 0.015625
0 0.388184 0.103516 0.012695 0.016927
0 0.424805 0.110677 0.011719 0.015625
0 0.744141 0.072266 0.013672 0.019531
0 0.917969 0.041667 0.013672 0.018229
0 0.934570 0.011719 0.011719 0.015625
0 0.942871 0.133464 0.010742 0.016927
0 0.786133 0.175130 0.011719 0.016927
0 0.717285 0.204427 0.012695 0.015625
0 0.573242 0.185547 0.011719 0.014323
0 0.570312 0.202474 0.013672 0.016927
0 0.544434 0.358724 0.012695 0.014323
0 0.765137 0.270833 0.010742 0.018229
0 0.653809 0.358073 0.014648 0.018229
0 0.656250 0.376302 0.013672 0.018229
0 0.666992 0.369792 0.011719 0.015625
0 0.667969 0.386719 0.015625 0.018229
0 0.708008 0.393880 0.013672 0.019531
0 0.729980 0.313802 0.016602 0.018229
0 0.727539 0.333333 0.015625 0.018229
0 0.754395 0.363281 0.014648 0.018229
0 0.763672 0.350260 0.013672 0.018229
0 0.766602 0.388672 0.013672 0.014323
0 0.843750 0.453125 0.015625 0.018229
0 0.831055 0.462240 0.011719 0.015625
1 0.844238 0.471354 0.016602 0.020833
0 0.550293 0.501302 0.014648 0.020833
0 0.647461 0.473307 0.011719 0.014323
0 0.657227 0.477865 0.011719 0.015625
0 0.666992 0.432943 0.011719 0.016927
0 0.677734 0.436849 0.009766 0.014323
0 0.673828 0.452474 0.013672 0.014323
0 0.673828 0.466797 0.013672 0.014323
0 0.724121 0.544922 0.010742 0.014323
0 0.730469 0.559245 0.011719 0.014323
0 0.563965 0.614583 0.012695 0.018229
0 0.842285 0.505208 0.010742 0.013021
0 0.833984 0.516276 0.009766 0.016927
0 0.843262 0.527344 0.010742 0.015625
0 0.877930 0.606771 0.011719 0.018229
0 0.641113 0.772135 0.012695 0.018229
0 0.631348 0.714844 0.012695 0.018229
0 0.641113 0.705729 0.012695 0.018229
0 0.687012 0.686198 0.012695 0.015625
0 0.736328 0.657552 0.013672 0.015625
0 0.736816 0.642578 0.014648 0.016927
0 0.708984 0.718099 0.013672 0.016927
0 0.708496 0.736979 0.014648 0.015625
0 0.747070 0.836589 0.013672 0.016927
0 0.598633 0.905599 0.013672 0.019531
0 0.740234 0.928385 0.013672 0.018229
0 0.778809 0.820312 0.010742 0.015625
0 0.788086 0.807943 0.013672 0.016927
0 0.790527 0.825521 0.012695 0.013021
0 0.907227 0.735026 0.013672 0.019531
0 0.939453 0.804688 0.013672 0.018229
0 0.793457 0.855469 0.012695 0.018229
0 0.791016 0.875000 0.015625 0.018229
0 0.880859 0.852214 0.013672 0.016927
0 0.892578 0.822266 0.011719 0.014323
0 0.907715 0.817057 0.010742 0.014323
0 0.902344 0.829427 0.009766 0.013021
0 0.855469 0.912109 0.011719 0.014323
0 0.854980 0.928385 0.012695 0.015625
0 0.681152 0.968099 0.012695 0.019531
0 0.669922 0.980469 0.013672 0.018229
1 0.709961 0.957031 0.017578 0.026042
0 0.857422 0.132161 0.013672 0.016927
0 0.860840 0.145833 0.014648 0.015625
0 0.819336 0.408203 0.013672 0.016927
