0 0.165414 0.020050 0.052632 0.035088
0 0.188910 0.319549 0.039474 0.057644
0 0.196429 0.583960 0.039474 0.055138
0 0.146617 0.725564 0.045113 0.067669
0 0.364662 0.630326 0.048872 0.057644
0 0.433271 0.517544 0.054511 0.067669
0 0.478383 0.294486 0.039474 0.062657
0 0.377820 0.047619 0.045113 0.055138
0 0.631579 0.169173 0.045113 0.062657
0 0.701128 0.177945 0.048872 0.065163
0 0.726504 0.215539 0.035714 0.075188
0 0.921053 0.244361 0.045113 0.057644
0 0.676692 0.527569 0.037594 0.057644
0 0.702068 0.904762 0.046992 0.055138
0 0.507519 0.942356 0.041353 0.065163
1 0.507519 0.036341 0.041353 0.057644
1 0.614662 0.045113 0.052632 0.065163
1 0.631579 0.111529 0.045113 0.057644
1 0.283835 0.187970 0.063910 0.065163
1 0.558271 0.300752 0.041353 0.055138
1 0.254699 0.413534 0.039474 0.055138
1 0.452068 0.932331 0.050752 0.055138
1 0.665414 0.949875 0.045113 0.060150
0 0.546053 0.385965 0.046992 0.055138
1 0.739662 0.695489 0.050752 0.062657
1 0.077068 0.026316 0.060150 0.047619
1 0.434211 0.196742 0.067669 0.077694
1 0.468045 0.416040 0.052632 0.065163
1 0.421053 0.377193 0.067669 0.072682
1 0.924812 0.659148 0.052632 0.060150
0 0.569549 0.259398 0.015038 0.022556
