1 0.461364 0.559091 0.040909 0.057576
1 0.182955 0.639394 0.043182 0.060606
1 0.023864 0.678788 0.038636 0.042424
1 0.514773 0.206061 0.038636 0.048485
0 0.339773 0.248485 0.029545 0.042424
0 0.127273 0.637879 0.054545 0.063636
0 0.127273 0.687879 0.045455 0.048485
0 0.236364 0.586364 0.036364 0.051515
0 0.252273 0.789394 0.040909 0.051515
0 0.186364 0.898485 0.040909 0.057576
0 0.548864 0.986364 0.029545 0.027273
0 0.902273 0.569697 0.050000 0.060606
0 0.577273 0.548485 0.027273 0.042424
0 0.384091 0.489394 0.031818 0.039394
1 0.369318 0.045455 0.025000 0.036364
1 0.586364 0.812121 0.027273 0.036364
1 0.673864 0.440909 0.043182 0.057576
1 0.090909 0.416667 0.027273 0.033333
1 0.068182 0.169697 0.022727 0.030303
