1 0.484962 0.104010 0.037594 0.052632
0 0.138158 0.033835 0.028195 0.032581
0 0.252820 0.036341 0.024436 0.027569
0 0.040414 0.109023 0.024436 0.032581
0 0.096805 0.304511 0.031955 0.042607
0 0.051692 0.402256 0.028195 0.032581
0 0.104323 0.481203 0.024436 0.035088
0 0.184211 0.439850 0.030075 0.042607
0 0.158835 0.441103 0.028195 0.045113
0 0.124060 0.626566 0.030075 0.045113
0 0.122180 0.535088 0.033835 0.047619
0 0.071429 0.943609 0.026316 0.032581
0 0.358083 0.837093 0.031955 0.040100
0 0.465226 0.675439 0.024436 0.037594
0 0.507519 0.724311 0.030075 0.030075
0 0.609023 0.968672 0.030075 0.037594
0 0.764098 0.967419 0.031955 0.040100
0 0.578008 0.620301 0.031955 0.037594
0 0.783835 0.771930 0.030075 0.040100
0 0.813910 0.620301 0.030075 0.037594
0 0.801692 0.505013 0.024436 0.037594
0 0.844925 0.479950 0.031955 0.047619
0 0.735902 0.449875 0.028195 0.032581
0 0.698308 0.393484 0.031955 0.045113
0 0.627820 0.206767 0.030075 0.037594
0 0.499060 0.150376 0.028195 0.040100
0 0.589286 0.461153 0.028195 0.045113
0 0.620301 0.452381 0.030075 0.037594
0 0.639098 0.489975 0.026316 0.027569
0 0.645677 0.458647 0.031955 0.045113
1 0.609023 0.488722 0.026316 0.040100
1 0.601504 0.439850 0.026316 0.037594
1 0.707707 0.588972 0.024436 0.035088
1 0.477444 0.423559 0.037594 0.055138
1 0.372180 0.365915 0.037594 0.040100
1 0.164474 0.763158 0.039474 0.052632
1 0.094925 0.796992 0.020677 0.025063
