0 0.842105 0.101504 0.045113 0.047619
0 0.777256 0.271930 0.031955 0.037594
0 0.366541 0.246867 0.033835 0.042607
0 0.387218 0.397243 0.041353 0.042607
0 0.171992 0.803258 0.039474 0.052632
0 0.202068 0.875940 0.043233 0.047619
0 0.196429 0.913534 0.039474 0.047619
0 0.368421 0.853383 0.033835 0.047619
0 0.668233 0.799499 0.031955 0.045113
0 0.027256 0.592732 0.039474 0.057644
1 0.421992 0.070175 0.043233 0.055138
1 0.165414 0.177945 0.041353 0.055138
1 0.110902 0.586466 0.052632 0.060150
1 0.269737 0.734336 0.043233 0.055138
1 0.464286 0.705514 0.052632 0.067669
1 0.492481 0.968672 0.048872 0.062657
1 0.146617 0.931078 0.026316 0.037594
1 0.141917 0.984962 0.043233 0.030075
1 0.789474 0.545113 0.030075 0.037594
1 0.926692 0.384712 0.041353 0.052632
1 0.920113 0.281955 0.043233 0.047619
1 0.860902 0.266917 0.033835 0.047619
1 0.933271 0.197995 0.039474 0.060150
1 0.621241 0.167920 0.039474 0.050125
1 0.963346 0.756892 0.031955 0.045113
