1 0.651316 0.028822 0.043233 0.052632
1 0.255639 0.270677 0.041353 0.070175
1 0.351504 0.271930 0.033835 0.047619
1 0.390977 0.441103 0.037594 0.055138
1 0.408835 0.781955 0.028195 0.045113
1 0.703008 0.319549 0.033835 0.047619
1 0.612782 0.615288 0.033835 0.042607
0 0.121241 0.112782 0.028195 0.035088
0 0.102444 0.189223 0.024436 0.042607
0 0.283835 0.177945 0.030075 0.040100
0 0.120301 0.309524 0.026316 0.037594
0 0.071429 0.627820 0.037594 0.037594
0 0.196429 0.600251 0.031955 0.037594
1 0.152256 0.442356 0.033835 0.037594
0 0.046053 0.844612 0.028195 0.035088
0 0.226504 0.780702 0.028195 0.037594
0 0.366541 0.680451 0.030075 0.042607
0 0.415414 0.677945 0.026316 0.047619
0 0.336466 0.882206 0.041353 0.055138
0 0.432331 0.961153 0.030075 0.037594
0 0.646617 0.961153 0.030075 0.037594
0 0.638158 0.883459 0.020677 0.027569
0 0.758459 0.952381 0.016917 0.025063
0 0.790414 0.781955 0.035714 0.045113
0 0.821429 0.819549 0.026316 0.040100
0 0.934211 0.892231 0.026316 0.045113
0 0.934211 0.667920 0.030075 0.047619
0 0.896617 0.629073 0.033835 0.045113
0 0.927632 0.402256 0.031955 0.037594
0 0.973684 0.377193 0.030075 0.037594
0 0.609023 0.486216 0.033835 0.045113
0 0.664474 0.452381 0.028195 0.037594
0 0.777256 0.537594 0.024436 0.037594
0 0.765038 0.365915 0.030075 0.045113
0 0.782895 0.355890 0.031955 0.035088
0 0.840226 0.141604 0.026316 0.037594
0 0.439850 0.271930 0.026316 0.037594
0 0.714286 0.299499 0.037594 0.042607
1 0.310150 0.522556 0.033835 0.047619
