0 0.683594 0.148438 0.025391 0.031250
0 0.744629 0.201823 0.020508 0.026042
0 0.667480 0.251302 0.018555 0.023438
0 0.641113 0.271484 0.018555 0.024740
0 0.633301 0.315755 0.018555 0.024740
0 0.799805 0.335938 0.019531 0.026042
0 0.926270 0.021484 0.026367 0.035156
0 0.976074 0.177734 0.022461 0.027344
0 0.538086 0.314453 0.021484 0.029948
0 0.518555 0.319661 0.017578 0.022135
0 0.366211 0.195312 0.021484 0.031250
0 0.319824 0.328125 0.020508 0.026042
0 0.374023 0.510417 0.019531 0.026042
0 0.584473 0.427083 0.024414 0.028646
0 0.677734 0.498047 0.019531 0.024740
0 0.609375 0.570312 0.019531 0.026042
0 0.767578 0.638672 0.023438 0.029948
0 0.889648 0.646484 0.025391 0.035156
0 0.808594 0.421875 0.019531 0.026042
0 0.828125 0.431641 0.017578 0.027344
0 0.983887 0.380859 0.018555 0.027344
0 0.995605 0.365234 0.008789 0.027344
0 0.690918 0.827474 0.018555 0.024740
0 0.904785 0.957682 0.024414 0.032552
0 0.482422 0.856120 0.021484 0.027344
0 0.511230 0.895182 0.022461 0.029948
0 0.559570 0.872396 0.019531 0.026042
0 0.364258 0.820312 0.017578 0.026042
0 0.544434 0.681641 0.016602 0.024740
0 0.585938 0.692708 0.021484 0.023438
0 0.244141 0.435547 0.017578 0.022135
0 0.138184 0.404297 0.022461 0.029948
0 0.139648 0.438802 0.021484 0.026042
0 0.158691 0.539062 0.016602 0.020833
0 0.164062 0.081380 0.017578 0.024740
0 0.101074 0.065755 0.016602 0.022135
0 0.052246 0.246094 0.020508 0.023438
0 0.011719 0.268229 0.019531 0.028646
0 0.044434 0.309896 0.016602 0.026042
0 0.057617 0.298177 0.017578 0.020833
0 0.060059 0.319661 0.014648 0.019531
0 0.089844 0.355469 0.021484 0.026042
0 0.041504 0.739583 0.014648 0.020833
0 0.057617 0.747396 0.015625 0.020833
0 0.021484 0.802083 0.017578 0.026042
0 0.096191 0.948568 0.018555 0.027344
0 0.007324 0.943359 0.012695 0.032552
0 0.135254 0.557943 0.014648 0.022135
0 0.150879 0.563151 0.014648 0.024740
0 0.514648 0.559896 0.019531 0.028646
0 0.533691 0.560547 0.016602 0.037760
0 0.323730 0.074219 0.014648 0.020833
0 0.345215 0.062500 0.018555 0.026042
0 0.996582 0.759115 0.006836 0.023438
1 0.194336 0.151042 0.015625 0.015625
1 0.273438 0.574870 0.023438 0.029948
1 0.480469 0.449870 0.013672 0.024740
1 0.462891 0.319010 0.013672 0.020833
1 0.490723 0.139974 0.010742 0.016927
1 0.557129 0.269531 0.014648 0.018229
1 0.718262 0.505859 0.016602 0.022135
1 0.808105 0.508464 0.018555 0.022135
1 0.483887 0.704427 0.012695 0.018229
1 0.530762 0.722005 0.014648 0.022135
1 0.063965 0.847656 0.014648 0.015625
1 0.167480 0.972656 0.018555 0.020833
1 0.040039 0.270182 0.017578 0.022135
1 0.996094 0.194010 0.007812 0.020833
1 0.426270 0.006510 0.018555 0.010417
0 0.592285 0.727214 0.020508 0.022135
