0 0.603027 0.447266 0.022461 0.032552
0 0.637207 0.336589 0.016602 0.024740
0 0.646973 0.454427 0.014648 0.020833
0 0.662598 0.420573 0.018555 0.023438
0 0.687988 0.404948 0.014648 0.020833
0 0.749512 0.403646 0.016602 0.020833
0 0.743164 0.367839 0.015625 0.022135
0 0.757324 0.355469 0.018555 0.023438
0 0.775391 0.380859 0.017578 0.027344
0 0.804688 0.425781 0.015625 0.020833
0 0.913086 0.413411 0.015625 0.024740
0 0.856445 0.442057 0.013672 0.019531
0 0.867676 0.455078 0.014648 0.019531
0 0.980469 0.451823 0.015625 0.023438
0 0.784668 0.507161 0.016602 0.022135
0 0.788086 0.483073 0.015625 0.018229
0 0.668457 0.617839 0.016602 0.024740
0 0.621094 0.712240 0.017578 0.020833
0 0.768555 0.679688 0.015625 0.020833
0 0.777832 0.851562 0.014648 0.023438
0 0.749023 0.791667 0.015625 0.023438
0 0.695801 0.900391 0.016602 0.022135
0 0.604004 0.863281 0.016602 0.018229
0 0.708984 0.826823 0.013672 0.018229
0 0.724121 0.837891 0.012695 0.019531
0 0.918945 0.781250 0.019531 0.026042
0 0.951172 0.727214 0.015625 0.022135
0 0.986816 0.737630 0.012695 0.019531
0 0.848633 0.893229 0.015625 0.023438
0 0.964844 0.872396 0.015625 0.026042
0 0.958008 0.925781 0.015625 0.018229
0 0.985352 0.921875 0.013672 0.023438
0 0.877441 0.955078 0.012695 0.019531
0 0.852051 0.530599 0.016602 0.024740
0 0.979492 0.553385 0.019531 0.023438
0 0.974121 0.577474 0.014648 0.016927
0 0.920410 0.311198 0.014648 0.018229
0 0.930664 0.255208 0.023438 0.028646
0 0.816406 0.182943 0.015625 0.022135
0 0.725586 0.177083 0.013672 0.023438
0 0.835449 0.224609 0.012695 0.024740
0 0.816406 0.082031 0.015625 0.020833
0 0.875977 0.108073 0.015625 0.023438
0 0.878418 0.130208 0.014648 0.018229
0 0.916992 0.082682 0.013672 0.016927
0 0.918457 0.047526 0.016602 0.027344
0 0.942383 0.018880 0.013672 0.019531
0 0.960938 0.035807 0.013672 0.016927
0 0.950195 0.071615 0.015625 0.018229
0 0.994629 0.072266 0.008789 0.019531
0 0.562500 0.039062 0.019531 0.026042
0 0.775879 0.035807 0.014648 0.022135
0 0.607422 0.134115 0.019531 0.026042
0 0.652832 0.115234 0.016602 0.016927
0 0.584473 0.219401 0.018555 0.022135
0 0.548828 0.302734 0.015625 0.022135
0 0.538086 0.361328 0.021484 0.024740
0 0.540039 0.233724 0.017578 0.024740
0 0.519531 0.236979 0.017578 0.023438
0 0.482910 0.520833 0.018555 0.026042
0 0.454102 0.482422 0.019531 0.024740
0 0.506836 0.473307 0.015625 0.019531
0 0.456543 0.582031 0.016602 0.020833
0 0.522461 0.567708 0.015625 0.018229
0 0.493164 0.613281 0.013672 0.020833
0 0.500000 0.632161 0.015625 0.019531
0 0.490234 0.735677 0.017578 0.020833
0 0.429199 0.731120 0.016602 0.022135
0 0.315918 0.611328 0.016602 0.019531
0 0.300293 0.581380 0.014648 0.019531
0 0.285645 0.526042 0.014648 0.018229
0 0.270508 0.745443 0.015625 0.022135
0 0.287109 0.733073 0.011719 0.018229
0 0.360352 0.764974 0.013672 0.019531
0 0.183105 0.818359 0.016602 0.022135
0 0.133301 0.819010 0.016602 0.020833
0 0.105469 0.895833 0.015625 0.023438
0 0.153809 0.899089 0.014648 0.022135
0 0.210449 0.914714 0.014648 0.019531
0 0.239746 0.921224 0.016602 0.019531
0 0.283203 0.897135 0.011719 0.020833
0 0.296875 0.909505 0.011719 0.019531
0 0.322266 0.959635 0.013672 0.020833
0 0.053711 0.666016 0.013672 0.019531
0 0.037109 0.563151 0.015625 0.016927
0 0.139160 0.530599 0.012695 0.016927
0 0.139160 0.511719 0.014648 0.015625
0 0.179688 0.445964 0.023438 0.027344
0 0.149414 0.442708 0.015625 0.018229
0 0.267578 0.364583 0.013672 0.020833
0 0.239258 0.272786 0.015625 0.019531
0 0.184570 0.281250 0.013672 0.018229
0 0.191895 0.258464 0.014648 0.016927
0 0.039551 0.356120 0.016602 0.022135
0 0.092773 0.358724 0.011719 0.019531
0 0.010254 0.294271 0.014648 0.020833
0 0.296875 0.223958 0.015625 0.023438
0 0.344727 0.186849 0.013672 0.019531
0 0.329590 0.089193 0.016602 0.022135
0 0.343262 0.025391 0.020508 0.027344
0 0.293945 0.033854 0.017578 0.023438
0 0.413086 0.020182 0.013672 0.019531
0 0.506348 0.166016 0.014648 0.022135
0 0.162598 0.073568 0.014648 0.019531
0 0.116699 0.017578 0.014648 0.022135
0 0.061035 0.022135 0.014648 0.020833
1 0.116211 0.673828 0.019531 0.024740
1 0.308594 0.133464 0.015625 0.019531
1 0.408203 0.194661 0.017578 0.019531
1 0.022949 0.809245 0.018555 0.024740
1 0.259766 0.697917 0.011719 0.026042
1 0.636719 0.748047 0.013672 0.019531
1 0.909180 0.470703 0.015625 0.022135
1 0.028320 0.707031 0.013672 0.015625
1 0.044922 0.696615 0.019531 0.015625
