0 0.403320 0.247396 0.027344 0.033854
0 0.443359 0.309245 0.025391 0.032552
0 0.644043 0.227865 0.024414 0.033854
0 0.704102 0.153646 0.017578 0.023438
0 0.660645 0.093750 0.020508 0.031250
0 0.818848 0.059896 0.018555 0.026042
0 0.759766 0.009115 0.021484 0.015625
0 0.918457 0.333984 0.020508 0.024740
0 0.818359 0.341146 0.023438 0.031250
0 0.874512 0.380859 0.018555 0.024740
0 0.920898 0.408854 0.021484 0.026042
0 0.854980 0.481771 0.020508 0.023438
0 0.814453 0.636068 0.021484 0.032552
0 0.799805 0.668620 0.023438 0.027344
0 0.739746 0.675781 0.018555 0.026042
0 0.830566 0.777344 0.022461 0.031250
0 0.988281 0.726562 0.021484 0.033854
0 0.753906 0.860677 0.027344 0.041667
0 0.979004 0.837891 0.020508 0.027344
0 0.693848 0.944661 0.020508 0.029948
0 0.899414 0.935547 0.021484 0.032552
0 0.656738 0.615234 0.020508 0.027344
0 0.499023 0.604818 0.021484 0.027344
0 0.623535 0.682292 0.018555 0.026042
0 0.627930 0.727865 0.017578 0.026042
0 0.632324 0.704427 0.022461 0.020833
0 0.637207 0.810547 0.022461 0.029948
0 0.479980 0.850260 0.024414 0.033854
0 0.417480 0.835938 0.018555 0.020833
0 0.361816 0.729818 0.024414 0.029948
0 0.520020 0.419271 0.026367 0.028646
0 0.480469 0.116536 0.021484 0.027344
0 0.353027 0.149740 0.020508 0.023438
0 0.270020 0.016927 0.022461 0.031250
0 0.181152 0.293620 0.020508 0.027344
0 0.187988 0.445964 0.020508 0.024740
0 0.339355 0.476562 0.020508 0.028646
0 0.097168 0.261068 0.020508 0.024740
0 0.037598 0.113281 0.022461 0.028646
0 0.012695 0.426432 0.023438 0.037760
0 0.098633 0.607422 0.017578 0.022135
0 0.009766 0.727865 0.017578 0.026042
0 0.114258 0.805990 0.021484 0.026042
0 0.257324 0.731120 0.016602 0.024740
0 0.256348 0.757812 0.016602 0.023438
0 0.244141 0.899740 0.025391 0.036458
0 0.123047 0.936198 0.023438 0.031250
0 0.155762 0.988932 0.018555 0.022135
0 0.005859 0.941406 0.009766 0.028646
0 0.991699 0.007812 0.016602 0.013021
1 0.981934 0.281250 0.018555 0.020833
1 0.959473 0.342448 0.018555 0.023438
1 0.847656 0.331380 0.013672 0.016927
1 0.779785 0.298177 0.020508 0.023438
1 0.908691 0.214193 0.014648 0.019531
1 0.924316 0.222005 0.012695 0.019531
1 0.878906 0.102214 0.015625 0.022135
1 0.847656 0.083984 0.015625 0.019531
1 0.763184 0.035807 0.014648 0.016927
1 0.742676 0.111328 0.016602 0.022135
1 0.773438 0.132812 0.017578 0.023438
1 0.727051 0.210938 0.020508 0.026042
1 0.689453 0.336589 0.019531 0.027344
1 0.735840 0.448568 0.016602 0.024740
1 0.763672 0.427083 0.019531 0.023438
1 0.856445 0.444661 0.021484 0.022135
1 0.868164 0.520833 0.017578 0.020833
1 0.801270 0.537109 0.014648 0.019531
1 0.821289 0.566406 0.017578 0.028646
1 0.872070 0.563151 0.021484 0.027344
1 0.891602 0.585286 0.023438 0.027344
1 0.929688 0.607422 0.017578 0.022135
1 0.976074 0.693359 0.016602 0.022135
1 0.848145 0.740234 0.030273 0.037760
1 0.764160 0.766927 0.014648 0.020833
1 0.776855 0.792318 0.014648 0.019531
1 0.901855 0.886719 0.014648 0.020833
1 0.958008 0.883464 0.021484 0.027344
1 0.988281 0.779297 0.017578 0.022135
1 0.968262 0.797526 0.022461 0.029948
1 0.989258 0.988932 0.021484 0.022135
1 0.935059 0.784505 0.024414 0.037760
1 0.731934 0.947266 0.012695 0.019531
1 0.626465 0.977865 0.014648 0.020833
1 0.605957 0.989583 0.022461 0.020833
1 0.572266 0.915365 0.013672 0.015625
1 0.574219 0.848307 0.015625 0.022135
1 0.833984 0.597656 0.017578 0.023438
1 0.786621 0.603516 0.016602 0.019531
1 0.713867 0.586589 0.023438 0.027344
1 0.692871 0.675781 0.010742 0.023438
1 0.666992 0.671875 0.019531 0.026042
1 0.729492 0.495443 0.015625 0.022135
1 0.592285 0.649740 0.012695 0.020833
1 0.582520 0.673828 0.014648 0.019531
1 0.589844 0.535156 0.015625 0.020833
1 0.627441 0.440104 0.020508 0.026042
1 0.596191 0.370443 0.014648 0.019531
1 0.532227 0.233724 0.019531 0.024740
1 0.617188 0.139323 0.013672 0.020833
1 0.632324 0.123047 0.014648 0.016927
1 0.633301 0.079427 0.016602 0.026042
1 0.564453 0.038411 0.015625 0.019531
1 0.526367 0.080078 0.013672 0.019531
1 0.436035 0.101562 0.020508 0.026042
1 0.337402 0.295573 0.018555 0.023438
1 0.234375 0.203776 0.019531 0.022135
1 0.244629 0.139974 0.012695 0.016927
1 0.283691 0.341797 0.018555 0.024740
1 0.298340 0.373698 0.022461 0.026042
1 0.247559 0.364583 0.020508 0.026042
1 0.248047 0.406901 0.013672 0.019531
1 0.186523 0.324219 0.031250 0.028646
1 0.032715 0.233724 0.018555 0.027344
1 0.041992 0.371745 0.019531 0.022135
1 0.030762 0.484375 0.016602 0.026042
1 0.107422 0.067057 0.015625 0.022135
1 0.124512 0.083984 0.024414 0.035156
1 0.047363 0.027995 0.018555 0.019531
1 0.083984 0.565104 0.017578 0.018229
1 0.093262 0.554036 0.020508 0.024740
1 0.365234 0.606771 0.015625 0.020833
1 0.425781 0.683594 0.013672 0.015625
1 0.296875 0.646484 0.017578 0.024740
1 0.185059 0.597005 0.016602 0.016927
1 0.185547 0.619792 0.013672 0.018229
1 0.069824 0.658854 0.014648 0.020833
1 0.097168 0.666667 0.036133 0.044271
1 0.148438 0.722656 0.017578 0.018229
1 0.166992 0.778646 0.013672 0.020833
1 0.081055 0.792318 0.019531 0.019531
1 0.007324 0.819010 0.012695 0.028646
1 0.230469 0.792318 0.017578 0.027344
1 0.299805 0.781901 0.019531 0.024740
1 0.308105 0.825521 0.018555 0.026042
1 0.269531 0.841797 0.021484 0.024740
1 0.288574 0.887370 0.020508 0.027344
1 0.187012 0.954427 0.020508 0.028646
1 0.071289 0.901042 0.013672 0.015625
1 0.048340 0.968750 0.020508 0.020833
1 0.056641 0.948568 0.013672 0.019531
1 0.392578 0.912760 0.017578 0.026042
1 0.479492 0.975911 0.017578 0.019531
0 0.186523 0.878906 0.033203 0.039062
1 0.200684 0.848958 0.014648 0.018229
0 0.354980 0.324219 0.020508 0.028646
