0 0.546875 0.326823 0.025391 0.039062
0 0.479492 0.270182 0.023438 0.032552
0 0.503418 0.234375 0.022461 0.031250
0 0.729492 0.279948 0.025391 0.033854
0 0.775391 0.300781 0.021484 0.028646
0 0.554199 0.191406 0.020508 0.033854
0 0.533691 0.154948 0.018555 0.023438
0 0.396973 0.352865 0.022461 0.031250
0 0.337402 0.253255 0.022461 0.032552
0 0.669922 0.240234 0.025391 0.032552
0 0.697266 0.106771 0.019531 0.028646
0 0.576172 0.070964 0.025391 0.029948
0 0.580078 0.152344 0.031250 0.041667
0 0.791504 0.180339 0.020508 0.032552
0 0.704590 0.055339 0.018555 0.027344
0 0.501465 0.051432 0.022461 0.035156
0 0.537598 0.053385 0.024414 0.031250
0 0.383789 0.070312 0.017578 0.028646
0 0.298340 0.088542 0.022461 0.028646
0 0.216797 0.104167 0.021484 0.028646
0 0.150879 0.121745 0.018555 0.029948
0 0.215332 0.145833 0.018555 0.028646
0 0.274414 0.149740 0.021484 0.031250
0 0.180664 0.216146 0.025391 0.033854
0 0.206055 0.273438 0.023438 0.031250
0 0.128906 0.310547 0.017578 0.022135
0 0.055664 0.294271 0.023438 0.031250
0 0.048828 0.255208 0.027344 0.033854
0 0.163574 0.410156 0.024414 0.033854
0 0.149902 0.486328 0.016602 0.024740
0 0.068848 0.493490 0.016602 0.026042
0 0.036621 0.410156 0.020508 0.026042
0 0.020996 0.447266 0.018555 0.024740
0 0.022949 0.019531 0.024414 0.036458
0 0.012695 0.064453 0.021484 0.029948
0 0.097168 0.576172 0.024414 0.032552
0 0.153320 0.566406 0.023438 0.028646
0 0.196289 0.561198 0.019531 0.023438
0 0.292969 0.413411 0.017578 0.027344
0 0.415527 0.445964 0.022461 0.032552
0 0.493652 0.436849 0.020508 0.029948
0 0.454590 0.474609 0.020508 0.032552
0 0.539551 0.438802 0.022461 0.026042
0 0.609863 0.433594 0.018555 0.028646
0 0.134766 0.618490 0.017578 0.028646
0 0.152832 0.618490 0.012695 0.020833
0 0.200195 0.684245 0.019531 0.022135
0 0.225098 0.681641 0.016602 0.022135
0 0.259277 0.686198 0.020508 0.031250
0 0.254883 0.746745 0.029297 0.040365
0 0.225098 0.777995 0.018555 0.027344
0 0.219727 0.820964 0.023438 0.032552
0 0.193359 0.875000 0.023438 0.026042
0 0.094727 0.901042 0.021484 0.028646
0 0.009277 0.791016 0.014648 0.029948
0 0.026855 0.932943 0.020508 0.027344
0 0.059082 0.961589 0.020508 0.027344
0 0.173340 0.985026 0.016602 0.022135
0 0.244141 0.867839 0.019531 0.024740
0 0.244629 0.904297 0.016602 0.022135
0 0.284180 0.857422 0.025391 0.029948
0 0.304199 0.764974 0.022461 0.029948
0 0.362793 0.852214 0.020508 0.032552
0 0.331543 0.697917 0.018555 0.023438
0 0.329590 0.644531 0.016602 0.023438
0 0.273438 0.618490 0.019531 0.026042
0 0.286621 0.592448 0.016602 0.023438
0 0.315918 0.457682 0.018555 0.024740
0 0.241699 0.481771 0.016602 0.020833
0 0.014160 0.264974 0.018555 0.027344
0 0.391602 0.608724 0.023438 0.027344
0 0.433594 0.760417 0.019531 0.028646
0 0.462402 0.924479 0.022461 0.031250
0 0.506836 0.841797 0.021484 0.029948
0 0.519043 0.873047 0.024414 0.027344
0 0.517090 0.931641 0.022461 0.029948
0 0.478516 0.983073 0.023438 0.031250
0 0.539551 0.697266 0.026367 0.035156
0 0.644531 0.707682 0.025391 0.032552
0 0.752441 0.686849 0.020508 0.029948
0 0.813477 0.617839 0.019531 0.027344
0 0.836914 0.674479 0.019531 0.031250
0 0.888672 0.701172 0.021484 0.029948
0 0.921875 0.600260 0.017578 0.031250
0 0.751465 0.809245 0.026367 0.037760
0 0.648438 0.878255 0.023438 0.032552
0 0.812500 0.865234 0.023438 0.032552
0 0.685547 0.850911 0.021484 0.029948
0 0.764648 0.934896 0.019531 0.033854
0 0.854492 0.910156 0.021484 0.028646
0 0.793945 0.794922 0.021484 0.027344
0 0.946289 0.235677 0.019531 0.031250
0 0.916504 0.326823 0.022461 0.028646
0 0.956055 0.348307 0.017578 0.022135
0 0.838379 0.015625 0.016602 0.023438
0 0.801270 0.388021 0.024414 0.033854
0 0.833008 0.399089 0.025391 0.045573
0 0.852051 0.423828 0.024414 0.027344
0 0.772461 0.435547 0.017578 0.024740
0 0.781250 0.479818 0.021484 0.029948
0 0.816406 0.472005 0.019531 0.024740
0 0.926758 0.455078 0.023438 0.035156
0 0.941406 0.477214 0.015625 0.022135
0 0.624512 0.036458 0.030273 0.041667
0 0.645020 0.018880 0.020508 0.027344
0 0.784180 0.233073 0.015625 0.026042
1 0.435059 0.625000 0.036133 0.044271
1 0.706543 0.742839 0.028320 0.042969
1 0.693848 0.675781 0.020508 0.026042
1 0.633789 0.659505 0.019531 0.035156
1 0.706543 0.605469 0.020508 0.023438
1 0.482910 0.581380 0.020508 0.027344
1 0.663086 0.203776 0.025391 0.032552
1 0.655762 0.593099 0.012695 0.019531
1 0.594238 0.555990 0.016602 0.020833
1 0.493164 0.487630 0.013672 0.019531
1 0.842773 0.190104 0.019531 0.026042
1 0.907227 0.195964 0.021484 0.022135
1 0.958984 0.265625 0.019531 0.026042
1 0.760254 0.410156 0.020508 0.031250
1 0.922852 0.488932 0.019531 0.024740
1 0.988281 0.618490 0.015625 0.020833
1 0.990234 0.568359 0.015625 0.024740
1 0.990723 0.692708 0.016602 0.028646
1 0.941406 0.755859 0.021484 0.022135
1 0.913086 0.840495 0.021484 0.029948
1 0.848145 0.781901 0.016602 0.027344
1 0.845703 0.866536 0.027344 0.037760
1 0.740234 0.850260 0.019531 0.023438
1 0.745605 0.987630 0.020508 0.024740
1 0.560547 0.813151 0.021484 0.022135
1 0.571289 0.701823 0.027344 0.031250
1 0.323730 0.808594 0.016602 0.020833
1 0.263672 0.793620 0.017578 0.022135
1 0.197266 0.841797 0.015625 0.016927
1 0.131348 0.966797 0.022461 0.029948
1 0.775879 0.689453 0.012695 0.024740
1 0.432129 0.380859 0.022461 0.027344
1 0.336914 0.363281 0.019531 0.026042
1 0.205078 0.484375 0.021484 0.028646
1 0.205566 0.455729 0.022461 0.026042
1 0.237305 0.459635 0.015625 0.023438
1 0.219238 0.404948 0.014648 0.020833
1 0.320312 0.310547 0.015625 0.019531
1 0.308594 0.494141 0.013672 0.019531
1 0.085938 0.625651 0.019531 0.029948
1 0.014160 0.561198 0.020508 0.028646
1 0.106934 0.509115 0.018555 0.020833
1 0.134766 0.419922 0.015625 0.022135
1 0.166016 0.328776 0.017578 0.024740
1 0.202637 0.302083 0.016602 0.018229
1 0.786621 0.768229 0.016602 0.020833
1 0.067871 0.207682 0.016602 0.024740
1 0.261719 0.190755 0.015625 0.019531
1 0.421875 0.049479 0.015625 0.020833
1 0.454102 0.080729 0.015625 0.020833
1 0.697266 0.024089 0.019531 0.032552
1 0.751465 0.063802 0.020508 0.023438
1 0.816406 0.014974 0.013672 0.022135
1 0.899414 0.016927 0.019531 0.028646
1 0.898438 0.015625 0.019531 0.028646
1 0.986328 0.744792 0.009766 0.018229
1 0.785645 0.039062 0.018555 0.031250
1 0.358398 0.154948 0.019531 0.026042
0 0.008789 0.367839 0.015625 0.024740
0 0.283691 0.991536 0.022461 0.016927
0 0.539551 0.955729 0.020508 0.023438
1 0.668945 0.871094 0.017578 0.020833
0 0.768555 0.225911 0.015625 0.024740
0 0.412598 0.160156 0.024414 0.028646
0 0.828125 0.554688 0.019531 0.018229
1 0.537598 0.852865 0.030273 0.039062
1 0.359863 0.594401 0.018555 0.024740
