0 0.194336 0.149740 0.017578 0.023438
0 0.375000 0.155599 0.025391 0.037760
0 0.375488 0.283203 0.014648 0.024740
0 0.363281 0.246094 0.019531 0.023438
0 0.308594 0.282552 0.017578 0.020833
0 0.462402 0.244141 0.018555 0.024740
0 0.478516 0.198568 0.017578 0.024740
0 0.434570 0.204427 0.013672 0.020833
0 0.375488 0.219401 0.014648 0.019531
0 0.469238 0.419922 0.020508 0.027344
0 0.520020 0.430990 0.020508 0.023438
0 0.491211 0.279948 0.013672 0.015625
0 0.397461 0.113932 0.019531 0.029948
0 0.687988 0.329427 0.016602 0.020833
0 0.411621 0.154297 0.020508 0.029948
0 0.429199 0.164062 0.014648 0.023438
0 0.433594 0.139323 0.021484 0.026042
0 0.362793 0.094401 0.012695 0.022135
0 0.379883 0.089193 0.017578 0.024740
0 0.297852 0.493490 0.019531 0.023438
0 0.209961 0.214844 0.021484 0.031250
0 0.507812 0.343750 0.017578 0.026042
0 0.790039 0.214844 0.017578 0.023438
0 0.773438 0.183594 0.015625 0.026042
0 0.751465 0.158203 0.018555 0.024740
0 0.821777 0.042969 0.016602 0.023438
0 0.962402 0.204427 0.018555 0.031250
0 0.847168 0.285156 0.016602 0.026042
0 0.853516 0.259766 0.019531 0.024740
0 0.787598 0.404297 0.016602 0.024740
0 0.859375 0.405599 0.015625 0.022135
0 0.860840 0.383464 0.016602 0.022135
0 0.739258 0.406250 0.017578 0.028646
0 0.729492 0.100911 0.017578 0.024740
0 0.896484 0.539062 0.017578 0.026042
0 0.832031 0.520182 0.015625 0.024740
0 0.844238 0.503255 0.018555 0.022135
0 0.717285 0.606120 0.018555 0.022135
0 0.773926 0.682292 0.016602 0.020833
0 0.948242 0.671875 0.015625 0.026042
0 0.953125 0.752604 0.019531 0.023438
0 0.947754 0.885417 0.020508 0.028646
0 0.783691 0.822266 0.014648 0.022135
0 0.733887 0.718750 0.016602 0.023438
0 0.619629 0.722656 0.018555 0.026042
0 0.471680 0.699870 0.017578 0.027344
0 0.583008 0.770182 0.019531 0.024740
0 0.789551 0.903646 0.016602 0.023438
0 0.819336 0.451172 0.015625 0.022135
0 0.744141 0.457682 0.017578 0.024740
0 0.757812 0.464193 0.015625 0.024740
0 0.783203 0.464193 0.013672 0.022135
0 0.800293 0.460286 0.014648 0.024740
0 0.620605 0.236328 0.012695 0.022135
0 0.638672 0.240234 0.013672 0.022135
0 0.810547 0.133464 0.017578 0.024740
0 0.822266 0.115885 0.015625 0.020833
0 0.904785 0.132161 0.016602 0.024740
0 0.920410 0.147135 0.016602 0.026042
0 0.990723 0.166016 0.016602 0.024740
0 0.939453 0.132161 0.013672 0.019531
0 0.953613 0.165365 0.014648 0.018229
0 0.960449 0.544271 0.016602 0.028646
0 0.917480 0.980469 0.020508 0.028646
0 0.674316 0.105469 0.018555 0.026042
0 0.695312 0.122396 0.013672 0.018229
0 0.695801 0.103516 0.014648 0.019531
0 0.754883 0.117188 0.015625 0.020833
0 0.739258 0.120443 0.015625 0.024740
0 0.762695 0.292318 0.021484 0.027344
0 0.774414 0.276042 0.017578 0.023438
0 0.813477 0.361979 0.013672 0.023438
0 0.828125 0.348958 0.017578 0.023438
0 0.831055 0.372396 0.015625 0.023438
0 0.869629 0.595703 0.016602 0.024740
0 0.881348 0.585286 0.014648 0.022135
0 0.798340 0.504557 0.016602 0.024740
0 0.791992 0.525391 0.017578 0.024740
0 0.708496 0.529297 0.020508 0.029948
0 0.718750 0.502604 0.019531 0.026042
0 0.651367 0.904948 0.015625 0.023438
0 0.666992 0.897135 0.015625 0.023438
0 0.646973 0.773438 0.016602 0.026042
0 0.664062 0.766276 0.017578 0.027344
0 0.804199 0.623047 0.014648 0.024740
0 0.821777 0.626302 0.016602 0.028646
0 0.635742 0.583333 0.017578 0.023438
0 0.614746 0.624349 0.020508 0.027344
0 0.628418 0.608073 0.014648 0.023438
0 0.646973 0.604167 0.018555 0.026042
0 0.423340 0.725911 0.018555 0.024740
0 0.462891 0.777995 0.013672 0.019531
0 0.518066 0.855469 0.018555 0.026042
0 0.478027 0.794271 0.016602 0.026042
0 0.496094 0.816406 0.017578 0.023438
0 0.505859 0.798177 0.017578 0.026042
0 0.724121 0.845703 0.016602 0.027344
0 0.738281 0.830078 0.017578 0.024740
0 0.715820 0.885417 0.017578 0.020833
0 0.705078 0.904948 0.015625 0.020833
0 0.709473 0.951172 0.018555 0.027344
0 0.729004 0.950521 0.016602 0.026042
0 0.893555 0.889323 0.017578 0.023438
0 0.898438 0.867839 0.017578 0.022135
0 0.405762 0.551432 0.020508 0.024740
0 0.415039 0.529297 0.013672 0.019531
0 0.417480 0.511068 0.014648 0.016927
0 0.398438 0.461589 0.015625 0.024740
0 0.380859 0.464193 0.013672 0.024740
0 0.369141 0.481771 0.017578 0.023438
0 0.365234 0.458984 0.017578 0.022135
0 0.344238 0.612630 0.018555 0.027344
0 0.412109 0.796875 0.017578 0.026042
0 0.330078 0.635417 0.015625 0.018229
0 0.323730 0.651693 0.016602 0.022135
0 0.149414 0.486979 0.017578 0.026042
0 0.393066 0.820312 0.014648 0.023438
0 0.211426 0.398438 0.014648 0.018229
0 0.339355 0.763021 0.016602 0.023438
0 0.420410 0.882812 0.016602 0.023438
0 0.437988 0.882812 0.014648 0.026042
0 0.503906 0.962240 0.021484 0.028646
0 0.479980 0.977214 0.018555 0.022135
0 0.463379 0.986328 0.020508 0.024740
0 0.281738 0.194661 0.020508 0.027344
0 0.269531 0.212240 0.017578 0.026042
0 0.209961 0.305990 0.017578 0.026042
0 0.223633 0.287760 0.017578 0.023438
0 0.082031 0.027344 0.015625 0.026042
0 0.146973 0.012370 0.020508 0.022135
0 0.108887 0.072266 0.016602 0.024740
0 0.042480 0.094401 0.020508 0.032552
0 0.092285 0.100260 0.020508 0.028646
0 0.069824 0.149740 0.014648 0.023438
0 0.034180 0.166016 0.015625 0.019531
0 0.044922 0.171875 0.013672 0.023438
0 0.049316 0.238932 0.016602 0.027344
0 0.066895 0.237630 0.014648 0.024740
0 0.144531 0.264974 0.017578 0.024740
0 0.151367 0.282552 0.015625 0.023438
0 0.157227 0.570964 0.015625 0.022135
0 0.176270 0.561849 0.020508 0.027344
0 0.267090 0.752604 0.018555 0.028646
0 0.283203 0.776042 0.015625 0.023438
0 0.080566 0.658854 0.020508 0.026042
0 0.026855 0.623698 0.014648 0.020833
0 0.066406 0.602865 0.017578 0.026042
0 0.082031 0.598958 0.017578 0.023438
0 0.015625 0.473958 0.015625 0.023438
0 0.020020 0.529297 0.016602 0.024740
0 0.321777 0.707031 0.018555 0.026042
0 0.338867 0.709635 0.021484 0.028646
0 0.063477 0.750000 0.015625 0.023438
0 0.035645 0.765625 0.016602 0.023438
0 0.016602 0.683594 0.019531 0.023438
0 0.019531 0.707682 0.017578 0.019531
0 0.025879 0.947266 0.014648 0.022135
0 0.040039 0.935547 0.015625 0.022135
0 0.351074 0.888672 0.018555 0.024740
0 0.387695 0.963542 0.013672 0.020833
0 0.025879 0.391276 0.016602 0.029948
0 0.043457 0.402344 0.014648 0.028646
0 0.057129 0.412109 0.016602 0.027344
0 0.074707 0.419271 0.016602 0.028646
0 0.169922 0.382161 0.017578 0.022135
0 0.183105 0.371745 0.014648 0.019531
0 0.208984 0.662760 0.015625 0.020833
0 0.208984 0.641276 0.011719 0.022135
0 0.222656 0.637370 0.013672 0.019531
0 0.224121 0.658854 0.016602 0.018229
0 0.381348 0.023438 0.014648 0.023438
0 0.398438 0.020182 0.013672 0.027344
0 0.480469 0.080078 0.017578 0.022135
0 0.484863 0.102865 0.018555 0.020833
0 0.527344 0.102865 0.015625 0.020833
0 0.525879 0.083333 0.014648 0.020833
0 0.977051 0.268880 0.016602 0.024740
0 0.580566 0.022135 0.016602 0.020833
0 0.677246 0.055990 0.012695 0.018229
0 0.678711 0.074870 0.013672 0.019531
0 0.690430 0.034505 0.013672 0.019531
0 0.708984 0.038411 0.015625 0.022135
0 0.703613 0.014323 0.020508 0.026042
0 0.696777 0.370443 0.014648 0.024740
0 0.593750 0.332031 0.019531 0.026042
0 0.588867 0.279297 0.017578 0.027344
0 0.600586 0.302083 0.017578 0.023438
0 0.609375 0.274740 0.019531 0.023438
0 0.621094 0.297526 0.017578 0.024740
0 0.557129 0.058594 0.012695 0.020833
0 0.845703 0.846354 0.017578 0.023438
1 0.346191 0.324219 0.014648 0.026042
0 0.992676 0.019531 0.014648 0.028646
0 0.949219 0.010417 0.017578 0.018229
0 0.949219 0.146484 0.015625 0.016927
0 0.080078 0.814453 0.015625 0.019531
0 0.094238 0.816406 0.012695 0.018229
0 0.083984 0.832031 0.009766 0.018229
0 0.097656 0.837891 0.013672 0.019531
0 0.540527 0.905599 0.018555 0.022135
0 0.535156 0.923177 0.017578 0.013021
0 0.533203 0.943359 0.015625 0.016927
0 0.551758 0.943359 0.017578 0.027344
0 0.911133 0.791667 0.013672 0.020833
0 0.920410 0.776042 0.016602 0.018229
0 0.925293 0.796875 0.014648 0.020833
0 0.561035 0.792969 0.012695 0.018229
0 0.571289 0.799479 0.013672 0.018229
0 0.616699 0.027344 0.012695 0.020833
0 0.625977 0.018880 0.013672 0.022135
0 0.586426 0.007161 0.016602 0.011719
0 0.994629 0.740885 0.008789 0.026042
0 0.952637 0.988932 0.016602 0.016927
0 0.381836 0.984375 0.013672 0.020833
0 0.399414 0.988281 0.015625 0.020833
0 0.567871 0.042318 0.014648 0.022135
0 0.574219 0.060547 0.015625 0.019531
