0 0.514648 0.384115 0.027344 0.031250
0 0.322754 0.291016 0.020508 0.024740
0 0.438477 0.319661 0.019531 0.029948
0 0.473633 0.272135 0.019531 0.028646
0 0.503906 0.294271 0.021484 0.031250
0 0.399414 0.108724 0.021484 0.032552
0 0.437500 0.063802 0.023438 0.028646
0 0.536621 0.100260 0.022461 0.031250
0 0.567383 0.201823 0.021484 0.026042
0 0.562988 0.154948 0.018555 0.028646
0 0.591309 0.151693 0.022461 0.029948
0 0.603027 0.113281 0.022461 0.031250
0 0.598145 0.080078 0.018555 0.029948
0 0.529297 0.020182 0.019531 0.027344
0 0.434082 0.013672 0.016602 0.024740
0 0.452637 0.025391 0.018555 0.024740
0 0.630859 0.016927 0.023438 0.028646
0 0.671387 0.057943 0.022461 0.029948
0 0.696289 0.128906 0.017578 0.026042
0 0.718750 0.130208 0.019531 0.028646
0 0.793945 0.083984 0.019531 0.027344
0 0.827148 0.102865 0.027344 0.031250
0 0.888184 0.106771 0.024414 0.028646
0 0.959473 0.104167 0.018555 0.023438
0 0.803711 0.259115 0.021484 0.031250
0 0.694824 0.176432 0.018555 0.029948
0 0.725098 0.272135 0.016602 0.023438
0 0.858887 0.335286 0.016602 0.027344
0 0.891602 0.359375 0.017578 0.026042
0 0.929199 0.348307 0.024414 0.035156
0 0.968262 0.308594 0.016602 0.026042
0 0.962402 0.434245 0.022461 0.029948
0 0.868164 0.470052 0.019531 0.028646
0 0.984375 0.472005 0.015625 0.022135
0 0.841309 0.502604 0.022461 0.026042
0 0.804688 0.517578 0.019531 0.027344
0 0.799316 0.591146 0.022461 0.026042
0 0.948242 0.626953 0.019531 0.027344
0 0.966309 0.604818 0.022461 0.024740
0 0.837891 0.662760 0.025391 0.036458
0 0.822754 0.712891 0.028320 0.035156
0 0.735840 0.696615 0.020508 0.028646
0 0.748047 0.741536 0.023438 0.029948
0 0.738770 0.779948 0.022461 0.031250
0 0.778809 0.768229 0.022461 0.031250
0 0.827148 0.815104 0.029297 0.036458
0 0.918945 0.856120 0.019531 0.027344
0 0.886719 0.871745 0.029297 0.032552
0 0.987793 0.962240 0.024414 0.031250
0 0.966309 0.985677 0.026367 0.028646
0 0.646973 0.295573 0.022461 0.033854
0 0.663574 0.322266 0.018555 0.024740
0 0.608398 0.294271 0.021484 0.026042
0 0.625977 0.320964 0.023438 0.027344
0 0.612793 0.349609 0.024414 0.032552
0 0.584961 0.332031 0.023438 0.031250
0 0.760742 0.847005 0.019531 0.024740
0 0.652832 0.444661 0.018555 0.024740
0 0.604980 0.457682 0.018555 0.027344
0 0.654785 0.546224 0.018555 0.027344
0 0.651367 0.780599 0.023438 0.032552
0 0.572266 0.819661 0.017578 0.040365
0 0.446777 0.447266 0.018555 0.027344
0 0.525879 0.595703 0.024414 0.029948
0 0.593262 0.640625 0.022461 0.031250
0 0.416504 0.657552 0.022461 0.028646
0 0.404297 0.424479 0.023438 0.031250
0 0.370605 0.443359 0.024414 0.032552
0 0.361328 0.482422 0.025391 0.029948
0 0.347168 0.610677 0.016602 0.023438
0 0.444824 0.775391 0.018555 0.027344
0 0.467773 0.795573 0.025391 0.028646
0 0.487305 0.950521 0.021484 0.026042
0 0.307617 0.735026 0.019531 0.029948
0 0.234863 0.839193 0.024414 0.027344
0 0.417969 0.930990 0.019531 0.026042
0 0.371094 0.928385 0.021484 0.028646
0 0.300781 0.503255 0.019531 0.024740
0 0.353027 0.967448 0.022461 0.031250
0 0.300781 0.985026 0.019531 0.024740
0 0.068848 0.930990 0.020508 0.026042
0 0.122070 0.844401 0.015625 0.024740
0 0.165039 0.802083 0.017578 0.026042
0 0.228516 0.680990 0.025391 0.033854
0 0.105469 0.761719 0.021484 0.028646
0 0.074219 0.779297 0.017578 0.024740
0 0.015137 0.716146 0.020508 0.031250
0 0.041992 0.667318 0.025391 0.035156
0 0.032227 0.581380 0.017578 0.024740
0 0.145996 0.598307 0.020508 0.024740
0 0.251953 0.514323 0.025391 0.033854
0 0.279297 0.582031 0.042969 0.054688
0 0.168457 0.518229 0.018555 0.028646
0 0.201172 0.464844 0.019531 0.031250
0 0.092285 0.516927 0.022461 0.033854
0 0.108887 0.447917 0.022461 0.028646
0 0.784180 0.968099 0.017578 0.024740
0 0.801270 0.979818 0.020508 0.029948
0 0.327148 0.415365 0.019531 0.020833
0 0.195801 0.244141 0.022461 0.024740
0 0.265625 0.144531 0.025391 0.031250
0 0.216309 0.175781 0.024414 0.031250
0 0.229492 0.151693 0.019531 0.027344
0 0.260254 0.055339 0.018555 0.024740
0 0.198242 0.060547 0.025391 0.035156
0 0.156250 0.119141 0.025391 0.035156
0 0.071777 0.136068 0.020508 0.032552
0 0.048828 0.048177 0.023438 0.028646
0 0.009766 0.018880 0.017578 0.029948
0 0.067383 0.026042 0.017578 0.023438
1 0.285645 0.077474 0.022461 0.029948
1 0.165527 0.169922 0.018555 0.035156
1 0.146484 0.225260 0.019531 0.028646
1 0.235840 0.210938 0.018555 0.026042
1 0.022949 0.194010 0.016602 0.023438
1 0.003418 0.145833 0.004883 0.023438
1 0.008301 0.552083 0.014648 0.020833
1 0.014160 0.587240 0.016602 0.026042
1 0.103027 0.867188 0.018555 0.023438
1 0.081543 0.881510 0.012695 0.023438
1 0.175293 0.607422 0.012695 0.019531
1 0.187988 0.530599 0.014648 0.024740
1 0.231445 0.357422 0.015625 0.024740
1 0.297363 0.376302 0.018555 0.020833
1 0.546387 0.264323 0.022461 0.028646
1 0.553711 0.391927 0.017578 0.026042
1 0.484375 0.024089 0.029297 0.035156
1 0.578613 0.064453 0.018555 0.029948
1 0.708496 0.027344 0.016602 0.026042
1 0.761719 0.171224 0.021484 0.022135
1 0.906738 0.142578 0.018555 0.024740
1 0.835449 0.290365 0.022461 0.033854
1 0.724609 0.301432 0.013672 0.022135
1 0.773926 0.247396 0.014648 0.018229
1 0.651855 0.348958 0.014648 0.020833
1 0.596191 0.397135 0.018555 0.026042
1 0.637695 0.496745 0.017578 0.022135
1 0.805176 0.369141 0.018555 0.027344
1 0.532227 0.477214 0.013672 0.019531
1 0.476562 0.451823 0.017578 0.020833
1 0.390625 0.505208 0.015625 0.023438
1 0.330078 0.460938 0.015625 0.020833
1 0.315430 0.593750 0.021484 0.033854
1 0.324707 0.666016 0.016602 0.024740
1 0.207520 0.747396 0.026367 0.031250
1 0.453613 0.572266 0.016602 0.024740
1 0.459961 0.876953 0.017578 0.022135
1 0.330566 0.971354 0.016602 0.023438
1 0.597168 0.876302 0.016602 0.023438
1 0.661621 0.881510 0.016602 0.023438
1 0.706055 0.844401 0.019531 0.027344
1 0.811523 0.903646 0.015625 0.020833
1 0.798340 0.817057 0.016602 0.024740
1 0.710449 0.755859 0.014648 0.022135
1 0.704590 0.722656 0.016602 0.023438
1 0.729492 0.621745 0.017578 0.027344
1 0.456055 0.648438 0.011719 0.015625
1 0.672363 0.567057 0.010742 0.014323
1 0.708008 0.552734 0.023438 0.029948
1 0.757812 0.527344 0.015625 0.020833
1 0.887695 0.583333 0.023438 0.028646
1 0.957031 0.832031 0.013672 0.018229
1 0.970215 0.897135 0.016602 0.023438
1 0.770020 0.392578 0.014648 0.022135
1 0.575684 0.644531 0.014648 0.023438
1 0.378418 0.625000 0.020508 0.028646
1 0.715332 0.888672 0.016602 0.024740
1 0.553223 0.027995 0.020508 0.029948
1 0.090820 0.141927 0.015625 0.023438
1 0.812012 0.740885 0.014648 0.023438
1 0.708496 0.961589 0.028320 0.035156
0 0.708984 0.985677 0.019531 0.026042
0 0.569336 0.684245 0.021484 0.027344
0 0.557129 0.662760 0.018555 0.031250
0 0.764160 0.014323 0.034180 0.026042
0 0.053223 0.012370 0.018555 0.022135
0 0.523438 0.497396 0.021484 0.023438
0 0.540039 0.510417 0.019531 0.026042
0 0.657715 0.690755 0.026367 0.035156
0 0.987305 0.771484 0.023438 0.024740
0 0.990723 0.747396 0.016602 0.023438
