0 0.343262 0.054688 0.020508 0.028646
0 0.241211 0.097656 0.023438 0.028646
0 0.037109 0.074219 0.023438 0.028646
0 0.233887 0.140625 0.020508 0.023438
0 0.453125 0.094401 0.021484 0.024740
0 0.593262 0.135417 0.020508 0.026042
0 0.723633 0.117188 0.021484 0.028646
0 0.746582 0.128255 0.020508 0.029948
0 0.779297 0.118490 0.021484 0.031250
0 0.708008 0.214844 0.019531 0.028646
0 0.655273 0.186198 0.019531 0.028646
0 0.622070 0.199219 0.019531 0.031250
0 0.560059 0.194010 0.016602 0.020833
0 0.529297 0.172526 0.017578 0.027344
0 0.545410 0.172526 0.018555 0.024740
0 0.913574 0.227214 0.020508 0.032552
0 0.452148 0.272135 0.025391 0.031250
0 0.369141 0.240234 0.023438 0.032552
0 0.343262 0.250000 0.018555 0.028646
0 0.243164 0.195312 0.021484 0.031250
0 0.260254 0.240885 0.020508 0.028646
0 0.328125 0.285156 0.021484 0.031250
0 0.308594 0.310547 0.019531 0.027344
0 0.343750 0.325521 0.019531 0.023438
0 0.232910 0.286458 0.022461 0.028646
0 0.193359 0.313151 0.021484 0.024740
0 0.187500 0.354818 0.023438 0.032552
0 0.407227 0.337891 0.019531 0.032552
0 0.437988 0.423177 0.022461 0.028646
0 0.489258 0.376953 0.017578 0.024740
0 0.528809 0.362630 0.016602 0.024740
0 0.295898 0.488932 0.015625 0.022135
0 0.314453 0.498047 0.013672 0.022135
0 0.249512 0.546875 0.018555 0.026042
0 0.115723 0.505859 0.022461 0.027344
0 0.066406 0.492839 0.023438 0.032552
0 0.071777 0.397786 0.020508 0.027344
0 0.070801 0.297526 0.022461 0.032552
0 0.064453 0.183594 0.023438 0.026042
0 0.034668 0.222656 0.018555 0.028646
0 0.209961 0.590495 0.013672 0.022135
0 0.238770 0.638672 0.018555 0.027344
0 0.220703 0.694010 0.021484 0.031250
0 0.174316 0.712240 0.020508 0.023438
0 0.275879 0.630208 0.024414 0.031250
0 0.295898 0.651693 0.027344 0.035156
0 0.263184 0.806641 0.020508 0.029948
0 0.340332 0.855469 0.022461 0.031250
0 0.073242 0.809245 0.017578 0.019531
0 0.053223 0.824219 0.022461 0.033854
0 0.493164 0.577474 0.023438 0.035156
0 0.504395 0.542969 0.026367 0.039062
0 0.758301 0.361328 0.022461 0.029948
0 0.736328 0.402344 0.021484 0.026042
0 0.805176 0.384115 0.024414 0.028646
0 0.832520 0.413411 0.024414 0.032552
0 0.852539 0.381510 0.025391 0.031250
0 0.876953 0.428385 0.023438 0.036458
0 0.984375 0.353516 0.023438 0.029948
0 0.681641 0.498047 0.017578 0.022135
0 0.770020 0.703776 0.028320 0.037760
0 0.811523 0.628906 0.021484 0.031250
0 0.837891 0.580078 0.017578 0.027344
0 0.821777 0.792318 0.016602 0.024740
0 0.880371 0.786458 0.020508 0.028646
0 0.934570 0.548828 0.019531 0.029948
0 0.960449 0.708984 0.022461 0.029948
0 0.961426 0.862630 0.020508 0.029948
0 0.915527 0.934896 0.018555 0.026042
0 0.774414 0.877604 0.027344 0.036458
0 0.559570 0.853516 0.017578 0.027344
0 0.553711 0.704427 0.017578 0.023438
0 0.560547 0.682943 0.017578 0.019531
0 0.601562 0.671224 0.019531 0.027344
0 0.828613 0.027344 0.018555 0.028646
0 0.878418 0.751953 0.016602 0.024740
0 0.863281 0.736979 0.019531 0.028646
0 0.939941 0.737630 0.022461 0.027344
0 0.743164 0.562500 0.023438 0.033854
0 0.755859 0.581380 0.021484 0.024740
0 0.514648 0.245443 0.021484 0.027344
0 0.533203 0.634766 0.019531 0.035156
1 0.457520 0.042318 0.016602 0.019531
1 0.628418 0.557292 0.016602 0.023438
1 0.657715 0.645833 0.014648 0.020833
1 0.705078 0.516927 0.017578 0.023438
1 0.812500 0.572917 0.017578 0.028646
1 0.384277 0.532552 0.014648 0.020833
1 0.337891 0.595703 0.019531 0.029948
1 0.440430 0.792318 0.021484 0.032552
1 0.452637 0.919922 0.016602 0.022135
1 0.938477 0.679036 0.017578 0.027344
1 0.854004 0.014974 0.016602 0.024740
1 0.102051 0.166667 0.018555 0.028646
1 0.029785 0.348307 0.014648 0.022135
1 0.445801 0.350260 0.018555 0.028646
0 0.181641 0.983724 0.021484 0.032552
0 0.009766 0.158203 0.017578 0.029948
0 0.980957 0.016276 0.018555 0.027344
0 0.406250 0.157552 0.019531 0.023438
0 0.414551 0.173177 0.020508 0.020833
0 0.920410 0.858073 0.016602 0.023438
0 0.922852 0.832031 0.019531 0.023438
0 0.783691 0.007812 0.022461 0.013021
0 0.825684 0.006510 0.024414 0.010417
1 0.806152 0.014323 0.010742 0.018229
1 0.551758 0.647786 0.017578 0.024740
0 0.727539 0.005859 0.019531 0.009115
