0 0.322754 0.281250 0.022461 0.031250
0 0.255371 0.176432 0.016602 0.019531
0 0.182617 0.244141 0.019531 0.024740
0 0.135254 0.235677 0.022461 0.028646
0 0.134766 0.194010 0.013672 0.018229
0 0.087891 0.292969 0.015625 0.018229
0 0.038086 0.346354 0.017578 0.023438
0 0.294922 0.141276 0.017578 0.022135
0 0.293457 0.113281 0.014648 0.020833
0 0.272461 0.066406 0.017578 0.023438
0 0.248535 0.086589 0.012695 0.024740
0 0.231934 0.078776 0.016602 0.024740
0 0.176758 0.072917 0.023438 0.033854
0 0.155762 0.072266 0.018555 0.024740
0 0.071289 0.051432 0.019531 0.027344
0 0.066406 0.074219 0.015625 0.018229
0 0.218262 0.337891 0.016602 0.032552
0 0.183594 0.398438 0.025391 0.031250
0 0.132812 0.418620 0.019531 0.029948
0 0.085449 0.431641 0.018555 0.024740
0 0.093262 0.533203 0.014648 0.024740
0 0.223633 0.469401 0.015625 0.027344
0 0.261230 0.440755 0.016602 0.029948
0 0.254395 0.368490 0.018555 0.020833
0 0.214844 0.533854 0.017578 0.023438
0 0.300293 0.555339 0.018555 0.024740
0 0.325195 0.467448 0.025391 0.033854
0 0.344238 0.453125 0.014648 0.023438
0 0.435547 0.395833 0.017578 0.023438
0 0.446289 0.373698 0.017578 0.018229
0 0.455078 0.391276 0.017578 0.024740
0 0.505859 0.394531 0.017578 0.023438
0 0.472656 0.442708 0.017578 0.026042
0 0.508301 0.353516 0.016602 0.024740
0 0.529297 0.345703 0.019531 0.024740
0 0.529785 0.283203 0.018555 0.022135
0 0.512207 0.250000 0.022461 0.020833
0 0.494141 0.155599 0.017578 0.022135
0 0.479980 0.076823 0.020508 0.026042
0 0.422363 0.104167 0.020508 0.023438
0 0.421875 0.076172 0.021484 0.027344
0 0.349121 0.022786 0.016602 0.022135
0 0.409180 0.026042 0.013672 0.018229
0 0.548340 0.218750 0.018555 0.028646
0 0.578613 0.178385 0.020508 0.026042
0 0.579102 0.217448 0.021484 0.028646
0 0.611328 0.236979 0.017578 0.026042
0 0.534668 0.095703 0.018555 0.022135
0 0.562500 0.118490 0.011719 0.018229
0 0.560547 0.033203 0.015625 0.027344
0 0.573242 0.009115 0.019531 0.015625
0 0.621582 0.046224 0.022461 0.029948
0 0.658691 0.014323 0.018555 0.023438
0 0.669922 0.039062 0.015625 0.018229
0 0.649414 0.059896 0.017578 0.023438
0 0.652832 0.095052 0.018555 0.023438
0 0.740723 0.110026 0.018555 0.024740
0 0.774902 0.039714 0.012695 0.022135
0 0.846680 0.111979 0.021484 0.026042
0 0.896484 0.143229 0.021484 0.026042
0 0.939941 0.045573 0.018555 0.026042
0 0.955566 0.074219 0.016602 0.023438
0 0.964355 0.207031 0.022461 0.028646
0 0.742676 0.197917 0.020508 0.028646
0 0.769043 0.190755 0.018555 0.029948
0 0.674805 0.216146 0.023438 0.031250
0 0.686523 0.233724 0.013672 0.022135
0 0.707520 0.264323 0.020508 0.028646
0 0.789062 0.259766 0.021484 0.027344
0 0.763672 0.335286 0.023438 0.029948
0 0.783691 0.367839 0.022461 0.032552
0 0.837402 0.429688 0.016602 0.023438
0 0.719727 0.455729 0.023438 0.028646
0 0.813477 0.483724 0.019531 0.027344
0 0.841309 0.468750 0.014648 0.028646
0 0.874512 0.512370 0.018555 0.027344
0 0.940918 0.399740 0.012695 0.020833
0 0.972656 0.470703 0.021484 0.027344
0 0.873047 0.628255 0.023438 0.035156
0 0.906250 0.654948 0.017578 0.026042
0 0.974609 0.675130 0.015625 0.022135
0 0.814453 0.761719 0.019531 0.023438
0 0.826660 0.833984 0.018555 0.027344
0 0.902344 0.840495 0.019531 0.029948
0 0.982422 0.802083 0.015625 0.023438
0 0.965820 0.819010 0.015625 0.020833
0 0.928711 0.906901 0.019531 0.024740
0 0.879883 0.928385 0.017578 0.026042
0 0.891113 0.946615 0.018555 0.023438
0 0.872559 0.984375 0.020508 0.020833
0 0.784180 0.973307 0.025391 0.032552
0 0.818848 0.890625 0.022461 0.031250
0 0.779297 0.885417 0.015625 0.020833
0 0.786133 0.861979 0.017578 0.023438
0 0.789062 0.590495 0.015625 0.024740
0 0.760742 0.618490 0.017578 0.023438
0 0.705078 0.793620 0.019531 0.027344
0 0.704590 0.749349 0.016602 0.022135
0 0.624023 0.691406 0.017578 0.023438
0 0.610840 0.639323 0.016602 0.023438
0 0.614258 0.783203 0.019531 0.022135
0 0.577637 0.698568 0.018555 0.027344
0 0.559570 0.722656 0.019531 0.026042
0 0.502441 0.676432 0.018555 0.024740
0 0.545410 0.623047 0.018555 0.024740
0 0.519531 0.607422 0.015625 0.022135
0 0.588867 0.518229 0.017578 0.026042
0 0.563965 0.500000 0.016602 0.020833
0 0.618164 0.485026 0.017578 0.027344
0 0.626953 0.464193 0.015625 0.016927
0 0.651855 0.459635 0.016602 0.020833
0 0.618652 0.338542 0.014648 0.018229
0 0.630371 0.353516 0.014648 0.024740
0 0.444824 0.634766 0.020508 0.022135
0 0.419434 0.669922 0.018555 0.024740
0 0.408203 0.602214 0.017578 0.022135
0 0.412598 0.578776 0.016602 0.024740
0 0.433105 0.574219 0.020508 0.026042
0 0.343750 0.608073 0.015625 0.026042
0 0.323242 0.623698 0.017578 0.026042
0 0.234863 0.625000 0.022461 0.028646
0 0.258789 0.666667 0.017578 0.023438
0 0.210938 0.679688 0.015625 0.020833
0 0.168945 0.635417 0.023438 0.031250
0 0.144531 0.654297 0.019531 0.024740
0 0.147949 0.755859 0.016602 0.024740
0 0.072754 0.804036 0.018555 0.027344
0 0.083984 0.855469 0.019531 0.028646
0 0.128906 0.861328 0.021484 0.024740
0 0.088379 0.928385 0.014648 0.020833
0 0.028809 0.646484 0.016602 0.019531
0 0.016602 0.661458 0.013672 0.018229
0 0.017090 0.686198 0.020508 0.020833
0 0.042969 0.813802 0.019531 0.020833
0 0.005371 0.764323 0.008789 0.020833
0 0.008301 0.863932 0.014648 0.029948
0 0.208008 0.947917 0.019531 0.018229
0 0.280762 0.908854 0.018555 0.028646
0 0.336914 0.838542 0.019531 0.028646
0 0.311523 0.769531 0.021484 0.026042
0 0.333008 0.707682 0.021484 0.027344
0 0.253906 0.737630 0.017578 0.027344
0 0.418457 0.813802 0.020508 0.026042
0 0.321289 0.743490 0.023438 0.023438
0 0.397949 0.865234 0.016602 0.024740
0 0.434082 0.863932 0.018555 0.024740
0 0.336914 0.942057 0.019531 0.024740
0 0.369629 0.886068 0.016602 0.029948
0 0.489258 0.904948 0.019531 0.026042
0 0.374023 0.988281 0.013672 0.020833
0 0.465332 0.985026 0.022461 0.027344
0 0.553223 0.983724 0.018555 0.022135
0 0.640625 0.989583 0.021484 0.020833
0 0.692383 0.968099 0.019531 0.024740
1 0.114746 0.371745 0.016602 0.022135
1 0.102051 0.399089 0.012695 0.016927
1 0.231934 0.416016 0.016602 0.027344
1 0.298828 0.384766 0.015625 0.016927
1 0.543457 0.421224 0.016602 0.022135
1 0.395508 0.505208 0.009766 0.018229
1 0.369629 0.642578 0.014648 0.019531
1 0.193359 0.631510 0.013672 0.020833
1 0.105957 0.641927 0.016602 0.026042
1 0.055176 0.686198 0.020508 0.023438
1 0.202148 0.777344 0.017578 0.023438
1 0.062012 0.778646 0.014648 0.018229
1 0.026855 0.824219 0.014648 0.020833
1 0.033691 0.941406 0.020508 0.026042
1 0.250000 0.934245 0.017578 0.022135
1 0.363770 0.380208 0.016602 0.018229
1 0.510742 0.785807 0.019531 0.022135
1 0.544922 0.886068 0.019531 0.027344
1 0.393066 0.968750 0.016602 0.023438
1 0.616699 0.879557 0.016602 0.019531
1 0.582520 0.604167 0.014648 0.020833
1 0.610840 0.589193 0.016602 0.019531
1 0.718262 0.378255 0.018555 0.024740
1 0.630859 0.243490 0.013672 0.023438
1 0.391113 0.028646 0.012695 0.018229
1 0.620605 0.017578 0.020508 0.027344
1 0.762695 0.148438 0.023438 0.028646
1 0.832520 0.162760 0.014648 0.023438
1 0.949707 0.011068 0.018555 0.019531
1 0.891113 0.339844 0.018555 0.028646
1 0.808594 0.567708 0.017578 0.026042
1 0.799805 0.919271 0.019531 0.020833
1 0.960449 0.848307 0.020508 0.027344
1 0.966797 0.416016 0.017578 0.019531
1 0.979980 0.432943 0.014648 0.027344
1 0.307617 0.886719 0.013672 0.026042
1 0.566895 0.142578 0.020508 0.027344
0 0.773438 0.471354 0.019531 0.020833
1 0.768066 0.498047 0.028320 0.027344
1 0.989258 0.828125 0.019531 0.026042
