0 0.526367 0.483073 0.015625 0.023438
0 0.538086 0.399740 0.015625 0.023438
0 0.583984 0.389974 0.017578 0.019531
0 0.588867 0.419271 0.013672 0.018229
0 0.630859 0.438151 0.015625 0.024740
0 0.680664 0.408854 0.011719 0.018229
0 0.556641 0.460286 0.013672 0.019531
0 0.570312 0.449870 0.013672 0.016927
0 0.581543 0.470703 0.012695 0.019531
0 0.616699 0.534505 0.012695 0.016927
0 0.644043 0.552734 0.014648 0.019531
0 0.649902 0.574870 0.012695 0.019531
0 0.691406 0.468750 0.013672 0.018229
0 0.721680 0.469401 0.011719 0.016927
0 0.726074 0.531901 0.012695 0.016927
0 0.739746 0.569661 0.014648 0.019531
0 0.750977 0.625651 0.015625 0.019531
0 0.772949 0.598307 0.016602 0.019531
0 0.747559 0.375000 0.014648 0.018229
0 0.726562 0.371745 0.011719 0.016927
0 0.776367 0.347005 0.017578 0.024740
0 0.745117 0.485677 0.011719 0.018229
0 0.753418 0.472005 0.008789 0.014323
0 0.693359 0.579427 0.015625 0.018229
0 0.686523 0.606771 0.013672 0.020833
0 0.698730 0.611979 0.010742 0.015625
0 0.707031 0.598958 0.015625 0.018229
0 0.719238 0.632812 0.016602 0.020833
0 0.615234 0.611328 0.013672 0.016927
0 0.615723 0.628906 0.014648 0.018229
0 0.629883 0.666016 0.013672 0.019531
0 0.642090 0.644531 0.010742 0.018229
0 0.672363 0.645182 0.014648 0.014323
0 0.672363 0.673177 0.012695 0.015625
0 0.691895 0.640625 0.012695 0.018229
0 0.708496 0.682292 0.014648 0.018229
0 0.804199 0.585938 0.016602 0.020833
0 0.830566 0.636068 0.014648 0.019531
0 0.814453 0.695964 0.013672 0.022135
0 0.835449 0.709635 0.014648 0.020833
0 0.859375 0.681641 0.013672 0.014323
0 0.754883 0.715495 0.013672 0.019531
0 0.819336 0.746094 0.015625 0.020833
0 0.806641 0.767578 0.013672 0.016927
0 0.831543 0.783854 0.012695 0.015625
0 0.859863 0.813151 0.016602 0.019531
0 0.895996 0.732422 0.012695 0.016927
0 0.913574 0.715495 0.014648 0.019531
0 0.937012 0.694010 0.014648 0.018229
0 0.931641 0.649740 0.013672 0.018229
0 0.956055 0.672526 0.013672 0.014323
0 0.909180 0.613932 0.013672 0.016927
0 0.826660 0.569661 0.012695 0.016927
0 0.837402 0.561849 0.014648 0.016927
0 0.884277 0.559896 0.014648 0.015625
0 0.884766 0.527995 0.011719 0.016927
0 0.903320 0.465495 0.013672 0.024740
0 0.914062 0.496745 0.013672 0.019531
0 0.936035 0.455729 0.016602 0.018229
0 0.931641 0.390625 0.017578 0.018229
0 0.966797 0.413411 0.013672 0.019531
0 0.984863 0.422526 0.016602 0.019531
0 0.980957 0.508464 0.014648 0.022135
0 0.993652 0.545573 0.010742 0.020833
0 0.977539 0.574219 0.013672 0.018229
0 0.937012 0.583984 0.012695 0.022135
0 0.938965 0.552083 0.014648 0.018229
0 0.940918 0.518880 0.010742 0.016927
0 0.953125 0.526042 0.013672 0.018229
0 0.965332 0.754557 0.010742 0.019531
0 0.988770 0.757812 0.010742 0.018229
0 0.963379 0.804036 0.014648 0.019531
0 0.937988 0.805339 0.014648 0.016927
0 0.965820 0.837240 0.011719 0.015625
0 0.982910 0.833984 0.014648 0.022135
0 0.994629 0.835286 0.008789 0.019531
0 0.993652 0.867188 0.012695 0.023438
0 0.854980 0.860677 0.014648 0.020833
0 0.886719 0.869792 0.009766 0.015625
0 0.897949 0.867839 0.012695 0.014323
0 0.912598 0.902995 0.014648 0.022135
0 0.941895 0.893880 0.012695 0.014323
0 0.926270 0.861979 0.010742 0.018229
0 0.932129 0.847005 0.012695 0.016927
0 0.856934 0.904297 0.012695 0.016927
0 0.853027 0.942057 0.010742 0.019531
0 0.875977 0.949870 0.011719 0.019531
0 0.884277 0.966797 0.014648 0.024740
0 0.897949 0.970703 0.012695 0.022135
0 0.913574 0.966797 0.014648 0.016927
0 0.766602 0.931641 0.013672 0.019531
0 0.791016 0.942708 0.015625 0.018229
0 0.800293 0.955729 0.010742 0.015625
0 0.816895 0.962891 0.016602 0.016927
0 0.839844 0.983073 0.013672 0.020833
0 0.799805 0.908203 0.011719 0.016927
0 0.804199 0.890625 0.014648 0.020833
0 0.798828 0.840495 0.015625 0.022135
0 0.722168 0.826172 0.014648 0.019531
0 0.734375 0.841146 0.015625 0.018229
0 0.750000 0.817708 0.015625 0.023438
0 0.757324 0.852214 0.014648 0.019531
0 0.660156 0.854818 0.013672 0.016927
0 0.660156 0.831380 0.013672 0.019531
0 0.678711 0.839844 0.013672 0.018229
0 0.687988 0.809896 0.016602 0.018229
0 0.699707 0.788411 0.018555 0.019531
0 0.734375 0.787109 0.013672 0.019531
0 0.699707 0.835938 0.012695 0.018229
0 0.696777 0.872396 0.012695 0.015625
0 0.688965 0.884766 0.014648 0.019531
0 0.701172 0.949870 0.013672 0.019531
0 0.700195 0.975260 0.015625 0.015625
0 0.604980 0.866536 0.014648 0.019531
0 0.603516 0.894531 0.011719 0.013021
0 0.647461 0.900391 0.011719 0.024740
0 0.648926 0.944661 0.012695 0.016927
0 0.650391 0.970703 0.017578 0.022135
0 0.647461 0.780599 0.013672 0.019531
0 0.660156 0.717448 0.013672 0.015625
0 0.675293 0.746094 0.012695 0.023438
0 0.675293 0.701172 0.012695 0.016927
0 0.698730 0.717448 0.016602 0.015625
0 0.704102 0.733073 0.011719 0.015625
0 0.715820 0.762370 0.011719 0.016927
0 0.727051 0.763021 0.012695 0.015625
0 0.606934 0.756510 0.016602 0.018229
0 0.617676 0.705729 0.012695 0.018229
0 0.844238 0.423828 0.016602 0.022135
0 0.838867 0.338542 0.011719 0.015625
0 0.866699 0.375651 0.018555 0.022135
0 0.896973 0.359375 0.010742 0.015625
0 0.936523 0.328776 0.013672 0.016927
0 0.933105 0.292318 0.014648 0.019531
0 0.965820 0.267578 0.017578 0.014323
0 0.877930 0.416667 0.015625 0.020833
0 0.840332 0.527995 0.014648 0.014323
0 0.841797 0.512370 0.015625 0.014323
0 0.821777 0.462891 0.012695 0.016927
0 0.833008 0.471354 0.009766 0.015625
0 0.845703 0.473958 0.013672 0.020833
0 0.810547 0.380859 0.011719 0.014323
0 0.847656 0.400391 0.009766 0.022135
0 0.762695 0.274740 0.015625 0.015625
0 0.739746 0.255208 0.012695 0.018229
0 0.716797 0.236979 0.011719 0.018229
0 0.653809 0.317057 0.012695 0.016927
0 0.667480 0.272135 0.010742 0.018229
0 0.746094 0.212891 0.013672 0.016927
0 0.770020 0.194661 0.010742 0.016927
0 0.779297 0.253255 0.015625 0.019531
0 0.789551 0.270182 0.016602 0.019531
0 0.810547 0.218099 0.013672 0.024740
0 0.833008 0.235026 0.015625 0.016927
0 0.802734 0.178385 0.015625 0.018229
0 0.819824 0.149740 0.016602 0.020833
0 0.838379 0.126302 0.012695 0.015625
0 0.854980 0.139323 0.014648 0.020833
0 0.863281 0.130859 0.011719 0.011719
0 0.884766 0.148438 0.013672 0.018229
0 0.937988 0.149089 0.012695 0.019531
0 0.854980 0.183594 0.012695 0.018229
0 0.876953 0.210286 0.015625 0.019531
0 0.889160 0.216146 0.014648 0.023438
0 0.873047 0.304036 0.015625 0.016927
0 0.883789 0.297526 0.015625 0.016927
0 0.877441 0.323568 0.012695 0.019531
0 0.786621 0.457682 0.014648 0.019531
0 0.883301 0.027995 0.012695 0.019531
0 0.942383 0.057943 0.013672 0.019531
0 0.955078 0.077474 0.013672 0.014323
0 0.977051 0.062500 0.012695 0.018229
0 0.747559 0.100260 0.016602 0.020833
0 0.717773 0.168620 0.017578 0.022135
0 0.730957 0.147135 0.010742 0.018229
0 0.734863 0.177734 0.012695 0.016927
0 0.687012 0.124349 0.010742 0.019531
0 0.654785 0.128255 0.012695 0.022135
0 0.639160 0.100260 0.016602 0.015625
0 0.636230 0.050130 0.012695 0.024740
0 0.633789 0.029297 0.013672 0.016927
0 0.687988 0.012370 0.012695 0.019531
0 0.682129 0.044922 0.014648 0.019531
0 0.713379 0.048828 0.014648 0.016927
0 0.705078 0.080078 0.011719 0.016927
0 0.748535 0.028646 0.012695 0.018229
0 0.734863 0.007812 0.012695 0.013021
0 0.576660 0.052734 0.012695 0.016927
0 0.603516 0.164062 0.013672 0.018229
0 0.622070 0.180990 0.013672 0.020833
0 0.632324 0.225260 0.012695 0.015625
0 0.638184 0.194661 0.010742 0.019531
0 0.649414 0.192708 0.011719 0.018229
0 0.658203 0.156250 0.013672 0.018229
0 0.657715 0.177083 0.010742 0.015625
0 0.667480 0.186198 0.010742 0.015625
0 0.673340 0.207682 0.016602 0.016927
0 0.545898 0.209635 0.011719 0.023438
0 0.505371 0.243490 0.016602 0.015625
0 0.516602 0.363281 0.015625 0.020833
0 0.521973 0.319010 0.010742 0.018229
0 0.531738 0.292318 0.012695 0.019531
0 0.551270 0.286458 0.012695 0.018229
0 0.564941 0.262370 0.014648 0.014323
0 0.566895 0.305990 0.014648 0.020833
0 0.563965 0.326172 0.014648 0.016927
0 0.564453 0.348307 0.011719 0.019531
0 0.479980 0.382161 0.018555 0.022135
0 0.490234 0.520833 0.011719 0.020833
0 0.501953 0.515625 0.013672 0.018229
0 0.485352 0.567057 0.015625 0.019531
0 0.478516 0.434245 0.013672 0.016927
0 0.518066 0.551432 0.014648 0.016927
0 0.519043 0.587240 0.014648 0.020833
0 0.539062 0.583333 0.013672 0.018229
0 0.526855 0.604818 0.012695 0.014323
0 0.554688 0.699219 0.011719 0.018229
0 0.575684 0.710286 0.012695 0.019531
0 0.575684 0.746094 0.014648 0.020833
0 0.590820 0.642578 0.013672 0.016927
0 0.578613 0.658854 0.008789 0.015625
0 0.588379 0.673828 0.010742 0.016927
0 0.589844 0.855469 0.011719 0.020833
0 0.484863 0.656901 0.010742 0.019531
0 0.473145 0.705078 0.012695 0.019531
0 0.501465 0.691406 0.010742 0.015625
0 0.505371 0.781901 0.010742 0.016927
0 0.509766 0.832682 0.015625 0.016927
0 0.541504 0.869792 0.012695 0.015625
0 0.523926 0.925130 0.018555 0.019531
0 0.513672 0.936849 0.011719 0.016927
0 0.513672 0.972656 0.013672 0.015625
0 0.532715 0.975260 0.014648 0.020833
0 0.562988 0.955078 0.012695 0.019531
0 0.615723 0.983724 0.016602 0.016927
0 0.585938 0.991536 0.013672 0.016927
0 0.599609 0.989583 0.011719 0.020833
0 0.474609 0.891927 0.013672 0.018229
0 0.461426 0.973958 0.012695 0.015625
0 0.439941 0.945964 0.014648 0.022135
0 0.446777 0.936198 0.012695 0.020833
0 0.377930 0.982422 0.011719 0.019531
0 0.395508 0.962240 0.011719 0.018229
0 0.412109 0.960938 0.015625 0.018229
0 0.428223 0.781901 0.012695 0.016927
0 0.437500 0.808594 0.013672 0.015625
0 0.442871 0.857422 0.012695 0.019531
0 0.409668 0.861328 0.012695 0.014323
0 0.418945 0.883464 0.015625 0.016927
0 0.425781 0.899089 0.017578 0.014323
0 0.465820 0.814453 0.013672 0.016927
0 0.479492 0.817057 0.013672 0.027344
0 0.431641 0.748698 0.011719 0.020833
0 0.444824 0.755859 0.014648 0.022135
0 0.381348 0.713542 0.012695 0.015625
0 0.360352 0.682943 0.011719 0.019531
0 0.401855 0.649740 0.012695 0.018229
0 0.420898 0.565755 0.011719 0.019531
0 0.423828 0.598958 0.015625 0.020833
0 0.446777 0.615234 0.016602 0.014323
0 0.447754 0.631510 0.012695 0.013021
0 0.451172 0.649740 0.013672 0.018229
0 0.438477 0.673828 0.013672 0.014323
0 0.421875 0.663411 0.011719 0.019531
0 0.433594 0.643880 0.011719 0.016927
0 0.350098 0.532552 0.012695 0.020833
0 0.354004 0.506510 0.010742 0.018229
0 0.368164 0.478516 0.017578 0.019531
0 0.370605 0.509115 0.016602 0.020833
0 0.394531 0.466797 0.013672 0.014323
0 0.427246 0.455729 0.010742 0.015625
0 0.449707 0.417969 0.014648 0.023438
0 0.448242 0.438151 0.011719 0.014323
0 0.445801 0.455078 0.016602 0.019531
0 0.431641 0.480469 0.013672 0.015625
0 0.421875 0.508464 0.011719 0.014323
0 0.435059 0.516927 0.014648 0.018229
0 0.395996 0.404297 0.014648 0.016927
0 0.414551 0.305990 0.012695 0.018229
0 0.430176 0.343750 0.012695 0.018229
0 0.461914 0.347005 0.015625 0.016927
0 0.492188 0.324219 0.013672 0.018229
0 0.451660 0.376953 0.014648 0.019531
0 0.373047 0.367839 0.013672 0.014323
0 0.349609 0.346354 0.017578 0.026042
0 0.341309 0.373047 0.012695 0.016927
0 0.364258 0.395833 0.013672 0.015625
0 0.311523 0.442708 0.011719 0.020833
0 0.321777 0.430990 0.012695 0.015625
0 0.344727 0.436849 0.017578 0.016927
0 0.359375 0.419922 0.009766 0.014323
0 0.371094 0.315755 0.013672 0.016927
0 0.403809 0.227214 0.014648 0.019531
0 0.433594 0.197266 0.015625 0.014323
0 0.437988 0.225260 0.012695 0.020833
0 0.450195 0.288411 0.011719 0.014323
0 0.466309 0.295573 0.014648 0.015625
0 0.417969 0.281901 0.009766 0.014323
0 0.421387 0.266276 0.012695 0.019531
0 0.392578 0.169271 0.013672 0.018229
0 0.425781 0.134115 0.015625 0.020833
0 0.447754 0.130208 0.014648 0.018229
0 0.435547 0.163411 0.013672 0.022135
0 0.449707 0.172526 0.012695 0.014323
0 0.452148 0.101562 0.013672 0.020833
0 0.463379 0.063151 0.012695 0.016927
0 0.491211 0.062500 0.011719 0.015625
0 0.366699 0.157552 0.014648 0.026042
0 0.354980 0.180339 0.014648 0.019531
0 0.344727 0.069661 0.011719 0.019531
0 0.386230 0.011719 0.014648 0.018229
0 0.268066 0.179688 0.010742 0.018229
0 0.287598 0.201823 0.018555 0.023438
0 0.207520 0.128906 0.010742 0.018229
0 0.193359 0.078776 0.009766 0.014323
0 0.252441 0.075521 0.014648 0.015625
0 0.210938 0.025391 0.013672 0.016927
0 0.212402 0.011068 0.012695 0.019531
0 0.206543 0.264974 0.016602 0.022135
0 0.200684 0.234375 0.014648 0.013021
0 0.233887 0.227865 0.012695 0.015625
0 0.273438 0.226562 0.023438 0.020833
0 0.255859 0.270182 0.017578 0.016927
0 0.240234 0.290365 0.015625 0.015625
0 0.181152 0.297526 0.014648 0.014323
0 0.199219 0.315104 0.013672 0.020833
0 0.233398 0.335286 0.011719 0.011719
0 0.271973 0.361979 0.014648 0.023438
0 0.282715 0.312500 0.014648 0.018229
0 0.178711 0.364583 0.011719 0.020833
0 0.149414 0.390625 0.015625 0.010417
0 0.229492 0.405599 0.013672 0.016927
0 0.212891 0.423177 0.017578 0.018229
0 0.241699 0.376953 0.014648 0.019531
0 0.197754 0.358724 0.010742 0.016927
0 0.209473 0.360677 0.012695 0.018229
0 0.166992 0.422526 0.013672 0.019531
0 0.181641 0.455078 0.013672 0.019531
0 0.202148 0.479818 0.013672 0.027344
0 0.293457 0.481771 0.014648 0.020833
0 0.297852 0.539062 0.011719 0.018229
0 0.324219 0.519531 0.011719 0.020833
0 0.153320 0.227865 0.015625 0.020833
0 0.179199 0.239583 0.012695 0.013021
0 0.143066 0.280599 0.012695 0.016927
0 0.137207 0.351562 0.014648 0.018229
0 0.157715 0.343750 0.012695 0.015625
0 0.079590 0.336589 0.016602 0.019531
0 0.077148 0.371094 0.011719 0.020833
0 0.076660 0.391927 0.008789 0.013021
0 0.112305 0.377604 0.015625 0.018229
0 0.103516 0.351562 0.011719 0.018229
0 0.088867 0.255208 0.013672 0.018229
0 0.112793 0.266276 0.014648 0.022135
0 0.080566 0.230469 0.010742 0.013021
0 0.092285 0.197917 0.012695 0.018229
0 0.107422 0.214844 0.009766 0.015625
0 0.107910 0.139974 0.012695 0.019531
0 0.112305 0.105469 0.013672 0.020833
0 0.146973 0.106120 0.012695 0.024740
0 0.155762 0.149740 0.014648 0.018229
0 0.165527 0.092448 0.014648 0.015625
0 0.172852 0.103516 0.011719 0.019531
0 0.067871 0.081380 0.012695 0.014323
0 0.056641 0.100260 0.009766 0.013021
0 0.078125 0.106771 0.013672 0.020833
0 0.091309 0.106120 0.012695 0.014323
0 0.063965 0.155599 0.014648 0.019531
0 0.065918 0.136068 0.010742 0.014323
0 0.016602 0.151042 0.013672 0.018229
0 0.012207 0.116536 0.010742 0.019531
0 0.025879 0.070964 0.014648 0.016927
0 0.022949 0.056641 0.010742 0.016927
0 0.048828 0.032552 0.013672 0.018229
0 0.082031 0.027344 0.015625 0.018229
0 0.035156 0.227214 0.013672 0.019531
0 0.012207 0.249349 0.012695 0.014323
0 0.014160 0.266276 0.012695 0.019531
0 0.017578 0.319010 0.009766 0.018229
0 0.044434 0.305339 0.010742 0.019531
0 0.015137 0.360026 0.014648 0.014323
0 0.040039 0.417969 0.015625 0.018229
0 0.078613 0.482422 0.010742 0.014323
0 0.093262 0.472656 0.014648 0.015625
0 0.098145 0.449219 0.014648 0.018229
0 0.118164 0.429036 0.015625 0.019531
0 0.130859 0.422526 0.013672 0.016927
0 0.101562 0.514323 0.015625 0.018229
0 0.123535 0.526693 0.012695 0.019531
0 0.137695 0.527995 0.011719 0.019531
0 0.144043 0.546875 0.012695 0.018229
0 0.159180 0.522786 0.011719 0.019531
0 0.171387 0.513021 0.012695 0.018229
0 0.132812 0.589193 0.013672 0.022135
0 0.031738 0.586589 0.014648 0.016927
0 0.054199 0.541667 0.014648 0.018229
0 0.063965 0.559896 0.014648 0.018229
0 0.011230 0.557943 0.014648 0.022135
0 0.040039 0.601562 0.013672 0.013021
0 0.046387 0.618490 0.012695 0.018229
0 0.029297 0.670573 0.015625 0.018229
0 0.010742 0.647786 0.013672 0.014323
0 0.016602 0.632812 0.011719 0.018229
0 0.167969 0.556641 0.011719 0.014323
0 0.170898 0.539714 0.013672 0.019531
0 0.081055 0.663411 0.015625 0.019531
0 0.067383 0.705729 0.013672 0.018229
0 0.109375 0.669922 0.011719 0.016927
0 0.118164 0.657552 0.013672 0.020833
0 0.194824 0.564453 0.012695 0.014323
0 0.205078 0.580078 0.013672 0.016927
0 0.251465 0.598958 0.012695 0.018229
0 0.266602 0.613281 0.013672 0.018229
0 0.291016 0.602865 0.013672 0.015625
0 0.312988 0.619792 0.014648 0.020833
0 0.335938 0.613281 0.013672 0.020833
0 0.336426 0.632161 0.012695 0.016927
0 0.343750 0.670573 0.011719 0.010417
0 0.203125 0.647135 0.013672 0.015625
0 0.228027 0.678385 0.012695 0.015625
0 0.200195 0.679688 0.009766 0.015625
0 0.199707 0.733073 0.010742 0.015625
0 0.159180 0.706380 0.013672 0.016927
0 0.129883 0.680339 0.015625 0.024740
0 0.140137 0.697917 0.016602 0.018229
0 0.137695 0.723958 0.011719 0.018229
0 0.158691 0.743490 0.012695 0.015625
0 0.016113 0.740234 0.012695 0.016927
0 0.034668 0.770182 0.012695 0.016927
0 0.061523 0.784505 0.019531 0.027344
0 0.076172 0.780599 0.013672 0.019531
0 0.081543 0.804688 0.012695 0.015625
0 0.099121 0.825521 0.014648 0.018229
0 0.107910 0.781901 0.014648 0.016927
0 0.123047 0.798177 0.011719 0.015625
0 0.146973 0.792318 0.014648 0.022135
0 0.109863 0.757161 0.012695 0.016927
0 0.119629 0.747396 0.012695 0.020833
0 0.131348 0.746745 0.010742 0.022135
0 0.008301 0.842448 0.014648 0.015625
0 0.038574 0.857422 0.012695 0.019531
0 0.019531 0.828125 0.009766 0.013021
0 0.027344 0.823568 0.011719 0.016927
0 0.054688 0.816406 0.013672 0.013021
0 0.060547 0.832031 0.017578 0.018229
0 0.006836 0.882812 0.011719 0.015625
0 0.114258 0.854818 0.013672 0.016927
0 0.168945 0.807943 0.017578 0.019531
0 0.170898 0.823568 0.011719 0.011719
0 0.171875 0.844401 0.015625 0.016927
0 0.188965 0.867839 0.018555 0.027344
0 0.187500 0.888672 0.017578 0.024740
0 0.216797 0.894531 0.013672 0.018229
0 0.082520 0.880859 0.012695 0.014323
0 0.092773 0.892578 0.011719 0.019531
0 0.076172 0.919271 0.009766 0.018229
0 0.011230 0.975260 0.016602 0.020833
0 0.006348 0.945312 0.010742 0.018229
0 0.041504 0.992188 0.012695 0.015625
0 0.063477 0.977865 0.015625 0.020833
0 0.126465 0.945964 0.014648 0.014323
0 0.155273 0.954427 0.011719 0.015625
0 0.166992 0.923828 0.015625 0.019531
0 0.134766 0.972005 0.013672 0.016927
0 0.148438 0.975911 0.013672 0.019531
0 0.176270 0.969401 0.014648 0.019531
0 0.199707 0.972656 0.016602 0.026042
0 0.219238 0.956380 0.012695 0.014323
0 0.231934 0.990885 0.018555 0.018229
0 0.245117 0.923177 0.011719 0.018229
0 0.263672 0.899089 0.011719 0.016927
0 0.293945 0.821615 0.015625 0.018229
0 0.284668 0.780599 0.014648 0.019531
0 0.258301 0.732422 0.012695 0.024740
0 0.259277 0.755859 0.014648 0.016927
0 0.250000 0.779297 0.015625 0.016927
0 0.230957 0.793620 0.012695 0.011719
0 0.242676 0.802734 0.010742 0.016927
0 0.221680 0.817057 0.009766 0.011719
0 0.220215 0.832682 0.014648 0.016927
0 0.303223 0.911458 0.014648 0.018229
0 0.327637 0.914062 0.016602 0.026042
0 0.326660 0.949219 0.016602 0.020833
0 0.319824 0.975911 0.014648 0.019531
0 0.355957 0.957031 0.012695 0.018229
0 0.346680 0.927083 0.013672 0.015625
0 0.356934 0.904297 0.014648 0.019531
0 0.337402 0.832682 0.014648 0.016927
0 0.313477 0.893880 0.013672 0.014323
0 0.365234 0.794922 0.011719 0.019531
0 0.333008 0.768229 0.011719 0.015625
0 0.336914 0.785807 0.011719 0.014323
0 0.354492 0.827474 0.011719 0.016927
0 0.367676 0.830729 0.014648 0.018229
0 0.354004 0.871094 0.010742 0.015625
0 0.371582 0.856120 0.014648 0.019531
0 0.386230 0.850260 0.010742 0.018229
0 0.369141 0.885417 0.013672 0.013021
0 0.356445 0.758464 0.013672 0.019531
1 0.766113 0.758464 0.012695 0.019531
1 0.937012 0.823568 0.012695 0.014323
1 0.818359 0.859375 0.015625 0.023438
1 0.735840 0.938151 0.014648 0.022135
1 0.620117 0.947917 0.025391 0.033854
1 0.747559 0.881510 0.008789 0.020833
1 0.605469 0.666667 0.013672 0.018229
1 0.662598 0.430339 0.018555 0.027344
1 0.607910 0.296875 0.010742 0.023438
1 0.718262 0.294271 0.012695 0.015625
1 0.757812 0.169271 0.015625 0.031250
1 0.580566 0.112630 0.012695 0.019531
1 0.522949 0.022135 0.014648 0.018229
1 0.488281 0.012370 0.015625 0.019531
1 0.469727 0.460286 0.011719 0.016927
1 0.354980 0.603516 0.014648 0.019531
1 0.412109 0.990885 0.011719 0.018229
1 0.298828 0.863281 0.013672 0.015625
1 0.256348 0.708984 0.012695 0.019531
1 0.136719 0.893229 0.013672 0.015625
1 0.126465 0.848307 0.008789 0.019531
1 0.459961 0.877604 0.011719 0.020833
1 0.590332 0.814453 0.016602 0.016927
1 0.061035 0.592448 0.014648 0.020833
1 0.082520 0.498698 0.014648 0.010417
1 0.041504 0.381510 0.010742 0.020833
1 0.058594 0.350260 0.015625 0.015625
1 0.171875 0.145182 0.013672 0.019531
1 0.193359 0.123047 0.009766 0.019531
1 0.254395 0.096354 0.014648 0.020833
0 0.926270 0.742839 0.014648 0.019531
0 0.393555 0.932943 0.013672 0.016927
0 0.386230 0.917969 0.014648 0.018229
