0 0.509766 0.306641 0.013672 0.019531
0 0.379883 0.313802 0.015625 0.018229
0 0.443848 0.322266 0.010742 0.016927
0 0.438477 0.291667 0.011719 0.015625
0 0.405762 0.348307 0.012695 0.014323
0 0.407715 0.370443 0.014648 0.016927
0 0.413574 0.427083 0.012695 0.023438
0 0.431641 0.396484 0.011719 0.016927
0 0.441895 0.444010 0.014648 0.015625
0 0.476562 0.409505 0.013672 0.019531
0 0.496094 0.388021 0.013672 0.018229
0 0.513184 0.389974 0.012695 0.016927
0 0.505859 0.427083 0.013672 0.015625
0 0.460938 0.434245 0.013672 0.019531
0 0.456543 0.458333 0.012695 0.020833
0 0.526367 0.425781 0.011719 0.015625
0 0.543457 0.430339 0.012695 0.016927
0 0.518555 0.444010 0.015625 0.018229
0 0.512695 0.468750 0.011719 0.018229
0 0.531250 0.464193 0.011719 0.019531
0 0.588867 0.442057 0.021484 0.024740
0 0.407715 0.550130 0.010742 0.016927
0 0.412598 0.495443 0.012695 0.019531
0 0.426758 0.495443 0.011719 0.019531
0 0.537109 0.495443 0.015625 0.019531
0 0.572266 0.481771 0.011719 0.015625
0 0.574707 0.500000 0.014648 0.020833
0 0.604980 0.485677 0.012695 0.018229
0 0.609375 0.346354 0.015625 0.023438
0 0.602051 0.371745 0.010742 0.014323
0 0.612793 0.398438 0.014648 0.018229
0 0.634277 0.415365 0.014648 0.020833
0 0.644043 0.432943 0.010742 0.016927
0 0.624023 0.464193 0.009766 0.011719
0 0.623047 0.482422 0.013672 0.016927
0 0.654297 0.460938 0.013672 0.020833
0 0.664062 0.516927 0.011719 0.015625
0 0.653320 0.529948 0.011719 0.018229
0 0.521973 0.522135 0.012695 0.015625
0 0.518555 0.548177 0.009766 0.015625
0 0.454590 0.598307 0.012695 0.016927
0 0.567871 0.572917 0.008789 0.015625
0 0.615723 0.290365 0.016602 0.020833
0 0.600098 0.248047 0.014648 0.016927
0 0.544922 0.300781 0.013672 0.015625
0 0.539062 0.343099 0.015625 0.019531
0 0.559570 0.273438 0.015625 0.018229
0 0.568359 0.257161 0.013672 0.016927
0 0.588379 0.194661 0.012695 0.016927
0 0.572754 0.179688 0.014648 0.015625
0 0.601074 0.119792 0.014648 0.020833
0 0.661133 0.184245 0.013672 0.019531
0 0.670410 0.202474 0.010742 0.014323
0 0.713379 0.162109 0.014648 0.022135
0 0.721680 0.222005 0.009766 0.014323
0 0.754395 0.181641 0.012695 0.016927
0 0.693359 0.294922 0.015625 0.019531
0 0.690430 0.321615 0.011719 0.015625
0 0.738281 0.296875 0.011719 0.015625
0 0.721191 0.408203 0.014648 0.019531
0 0.740723 0.439453 0.016602 0.019531
0 0.725098 0.503906 0.014648 0.018229
0 0.814941 0.434245 0.012695 0.019531
0 0.797363 0.396484 0.014648 0.016927
0 0.764648 0.354818 0.011719 0.014323
0 0.768066 0.315755 0.014648 0.016927
0 0.769531 0.279948 0.011719 0.015625
0 0.779297 0.242188 0.011719 0.015625
0 0.801758 0.230469 0.015625 0.018229
0 0.789551 0.272135 0.012695 0.018229
0 0.797852 0.259766 0.011719 0.019531
0 0.840820 0.167969 0.013672 0.023438
0 0.791992 0.184245 0.011719 0.014323
0 0.845703 0.250651 0.017578 0.019531
0 0.897461 0.233073 0.015625 0.018229
0 0.856934 0.295573 0.012695 0.013021
0 0.827148 0.351562 0.011719 0.015625
0 0.791992 0.355469 0.011719 0.015625
0 0.818359 0.381510 0.013672 0.015625
0 0.904785 0.315755 0.012695 0.016927
0 0.895508 0.413411 0.015625 0.022135
0 0.902344 0.364583 0.015625 0.020833
0 0.840820 0.427734 0.011719 0.016927
0 0.834961 0.475260 0.011719 0.015625
0 0.858887 0.467448 0.012695 0.018229
0 0.873047 0.444661 0.011719 0.019531
0 0.955078 0.310547 0.013672 0.016927
0 0.955078 0.272786 0.013672 0.014323
0 0.965820 0.254557 0.015625 0.019531
0 0.993164 0.205729 0.011719 0.020833
0 0.935059 0.125000 0.014648 0.020833
0 0.956543 0.150391 0.010742 0.016927
0 0.973145 0.151693 0.012695 0.016927
0 0.974609 0.126302 0.009766 0.015625
0 0.949219 0.081380 0.013672 0.016927
0 0.893066 0.074870 0.010742 0.016927
0 0.848145 0.085286 0.012695 0.016927
0 0.831543 0.029948 0.012695 0.018229
0 0.853516 0.024740 0.013672 0.018229
0 0.867676 0.008464 0.020508 0.014323
0 0.879395 0.035156 0.012695 0.015625
0 0.952637 0.008464 0.010742 0.014323
0 0.977051 0.033854 0.010742 0.018229
0 0.913574 0.474609 0.010742 0.019531
0 0.850586 0.505859 0.011719 0.016927
0 0.875000 0.526042 0.013672 0.023438
0 0.992188 0.491536 0.015625 0.019531
0 0.948242 0.474609 0.011719 0.016927
0 0.921875 0.593750 0.019531 0.020833
0 0.765625 0.529297 0.015625 0.019531
0 0.759277 0.554688 0.016602 0.018229
0 0.815430 0.610677 0.013672 0.020833
0 0.820801 0.634115 0.010742 0.013021
0 0.806152 0.643880 0.012695 0.019531
0 0.833984 0.651693 0.015625 0.019531
0 0.867676 0.652995 0.014648 0.024740
0 0.825684 0.684896 0.012695 0.015625
0 0.824707 0.710938 0.014648 0.018229
0 0.896484 0.743490 0.013672 0.018229
0 0.852539 0.730469 0.009766 0.018229
0 0.866699 0.726562 0.012695 0.018229
0 0.941895 0.722656 0.012695 0.020833
0 0.936523 0.770833 0.011719 0.018229
0 0.963379 0.746745 0.012695 0.022135
0 0.994629 0.710938 0.010742 0.018229
0 0.993652 0.628906 0.012695 0.018229
0 0.964355 0.598307 0.012695 0.016927
0 0.948242 0.688802 0.011719 0.018229
0 0.864258 0.823568 0.013672 0.022135
0 0.904785 0.826823 0.014648 0.023438
0 0.921875 0.856120 0.011719 0.016927
0 0.916016 0.887370 0.013672 0.014323
0 0.973145 0.808594 0.014648 0.018229
0 0.980957 0.826823 0.012695 0.013021
0 0.969727 0.853516 0.013672 0.019531
0 0.985840 0.859375 0.012695 0.018229
0 0.981934 0.886068 0.018555 0.022135
0 0.897461 0.912109 0.013672 0.016927
0 0.878418 0.933594 0.014648 0.020833
0 0.901855 0.944010 0.012695 0.018229
0 0.878906 0.994141 0.015625 0.011719
0 0.742188 0.980469 0.011719 0.018229
0 0.745117 0.951172 0.013672 0.016927
0 0.777832 0.850911 0.008789 0.016927
0 0.793457 0.848958 0.010742 0.018229
0 0.822266 0.852214 0.015625 0.016927
0 0.829590 0.895182 0.012695 0.014323
0 0.784668 0.897135 0.012695 0.015625
0 0.707031 0.884766 0.015625 0.022135
0 0.778320 0.772786 0.013672 0.016927
0 0.733398 0.794922 0.013672 0.014323
0 0.740723 0.841146 0.012695 0.020833
0 0.713867 0.844401 0.015625 0.022135
0 0.699707 0.837240 0.012695 0.015625
0 0.652832 0.845052 0.014648 0.020833
0 0.659668 0.915365 0.012695 0.015625
0 0.641602 0.972656 0.015625 0.018229
0 0.752930 0.777995 0.011719 0.014323
0 0.651367 0.593750 0.011719 0.018229
0 0.651367 0.564453 0.011719 0.019531
0 0.692871 0.569661 0.014648 0.019531
0 0.710938 0.560547 0.011719 0.016927
0 0.669922 0.615885 0.011719 0.015625
0 0.680176 0.633464 0.014648 0.019531
0 0.688477 0.673177 0.013672 0.023438
0 0.707031 0.679036 0.013672 0.019531
0 0.743652 0.736328 0.014648 0.016927
0 0.748047 0.759766 0.013672 0.019531
0 0.693359 0.710286 0.015625 0.022135
0 0.637695 0.755859 0.013672 0.016927
0 0.599609 0.727214 0.015625 0.024740
0 0.652832 0.703125 0.012695 0.020833
0 0.667480 0.699219 0.012695 0.020833
0 0.562012 0.647786 0.018555 0.019531
0 0.590332 0.632812 0.014648 0.015625
0 0.602539 0.680990 0.011719 0.018229
0 0.621094 0.678385 0.011719 0.018229
0 0.567871 0.768229 0.016602 0.023438
0 0.594238 0.832031 0.010742 0.015625
0 0.609863 0.819010 0.012695 0.018229
0 0.633789 0.802734 0.009766 0.016927
0 0.647461 0.797526 0.011719 0.016927
0 0.520996 0.722005 0.016602 0.019531
0 0.522949 0.866536 0.016602 0.022135
0 0.555176 0.851562 0.012695 0.015625
0 0.504883 0.890625 0.011719 0.013021
0 0.519531 0.937500 0.013672 0.015625
0 0.484863 0.977865 0.012695 0.015625
0 0.521973 0.986979 0.012695 0.015625
0 0.600098 0.992839 0.012695 0.014323
0 0.457520 0.683594 0.010742 0.018229
0 0.571777 0.807943 0.008789 0.014323
0 0.581543 0.798177 0.006836 0.013021
0 0.479004 0.780599 0.012695 0.019531
0 0.516113 0.804036 0.012695 0.016927
0 0.485352 0.857422 0.013672 0.014323
0 0.466797 0.888672 0.011719 0.016927
0 0.421875 0.825521 0.013672 0.015625
0 0.432617 0.845703 0.015625 0.019531
0 0.411621 0.860026 0.012695 0.019531
0 0.416016 0.906250 0.015625 0.018229
0 0.441406 0.910807 0.011719 0.016927
0 0.460449 0.918620 0.016602 0.022135
0 0.434082 0.721354 0.010742 0.015625
0 0.368164 0.738281 0.009766 0.018229
0 0.326660 0.687500 0.014648 0.018229
0 0.298828 0.721354 0.017578 0.020833
0 0.337402 0.793620 0.016602 0.022135
0 0.344727 0.819661 0.015625 0.022135
0 0.421875 0.788411 0.013672 0.014323
0 0.431152 0.806641 0.014648 0.019531
0 0.380859 0.916667 0.011719 0.018229
0 0.406250 0.958333 0.013672 0.015625
0 0.429688 0.973958 0.011719 0.018229
0 0.444824 0.976562 0.012695 0.018229
0 0.356934 0.935547 0.014648 0.019531
0 0.336426 0.955729 0.010742 0.015625
0 0.333984 0.904948 0.011719 0.013021
0 0.345703 0.914062 0.013672 0.018229
0 0.362305 0.877604 0.017578 0.026042
0 0.360352 0.852865 0.013672 0.015625
0 0.286621 0.854818 0.016602 0.019531
0 0.245117 0.944661 0.013672 0.019531
0 0.273438 0.938802 0.013672 0.018229
0 0.235840 0.972005 0.012695 0.016927
0 0.272461 0.982422 0.015625 0.016927
0 0.295410 0.988932 0.016602 0.022135
0 0.172852 0.974609 0.013672 0.016927
0 0.133301 0.993490 0.014648 0.013021
0 0.113281 0.965495 0.013672 0.019531
0 0.100098 0.925781 0.012695 0.018229
0 0.230469 0.776042 0.011719 0.018229
0 0.247070 0.787760 0.013672 0.013021
0 0.275879 0.745443 0.010742 0.019531
0 0.267578 0.699870 0.013672 0.019531
0 0.125977 0.849609 0.011719 0.019531
0 0.163086 0.839193 0.011719 0.019531
0 0.119629 0.882161 0.012695 0.019531
0 0.135742 0.875651 0.013672 0.019531
0 0.136719 0.895182 0.013672 0.014323
0 0.124023 0.907552 0.011719 0.015625
0 0.054688 0.984375 0.011719 0.018229
0 0.059082 0.930339 0.012695 0.019531
0 0.005371 0.904948 0.008789 0.023438
0 0.005859 0.939453 0.009766 0.016927
0 0.016113 0.873047 0.012695 0.016927
0 0.057617 0.865234 0.011719 0.019531
0 0.039551 0.876953 0.010742 0.014323
0 0.048340 0.891927 0.014648 0.015625
0 0.125977 0.800130 0.015625 0.019531
0 0.166992 0.763021 0.011719 0.018229
0 0.191895 0.753255 0.014648 0.019531
0 0.258301 0.601562 0.014648 0.020833
0 0.188965 0.656250 0.014648 0.018229
0 0.240723 0.664714 0.014648 0.014323
0 0.144043 0.732422 0.012695 0.016927
0 0.126953 0.746745 0.015625 0.016927
0 0.119141 0.723307 0.009766 0.016927
0 0.023926 0.795573 0.012695 0.018229
0 0.045410 0.770182 0.010742 0.016927
0 0.012695 0.723307 0.011719 0.019531
0 0.031738 0.694010 0.014648 0.020833
0 0.075684 0.681641 0.012695 0.016927
0 0.053711 0.653646 0.015625 0.020833
0 0.084961 0.665365 0.013672 0.015625
0 0.091797 0.637370 0.011719 0.014323
0 0.100586 0.669271 0.011719 0.020833
0 0.145996 0.644531 0.016602 0.020833
0 0.151855 0.587240 0.014648 0.015625
0 0.229004 0.598307 0.014648 0.016927
0 0.225098 0.541016 0.014648 0.016927
0 0.235352 0.510417 0.015625 0.018229
0 0.330078 0.526042 0.013672 0.018229
0 0.333984 0.583333 0.011719 0.018229
0 0.379883 0.618490 0.013672 0.015625
0 0.349609 0.539714 0.011719 0.016927
0 0.366211 0.546224 0.011719 0.016927
0 0.354492 0.583333 0.013672 0.018229
0 0.368164 0.588542 0.013672 0.023438
0 0.333496 0.460286 0.012695 0.016927
0 0.255859 0.464844 0.011719 0.013021
0 0.266602 0.478516 0.015625 0.022135
0 0.157715 0.522786 0.012695 0.019531
0 0.067383 0.520833 0.009766 0.018229
0 0.081543 0.525391 0.010742 0.016927
0 0.098633 0.558594 0.011719 0.018229
0 0.084473 0.576823 0.014648 0.018229
0 0.111816 0.562500 0.012695 0.015625
0 0.118652 0.533203 0.012695 0.022135
0 0.106445 0.492188 0.013672 0.015625
0 0.032715 0.483724 0.016602 0.019531
0 0.028320 0.440104 0.011719 0.018229
0 0.103027 0.433594 0.016602 0.018229
0 0.066895 0.439453 0.008789 0.011719
0 0.098145 0.404297 0.014648 0.019531
0 0.128906 0.464844 0.013672 0.013021
0 0.150391 0.460286 0.015625 0.019531
0 0.172852 0.432292 0.013672 0.013021
0 0.277344 0.372396 0.013672 0.015625
0 0.299805 0.392578 0.013672 0.016927
0 0.175781 0.398438 0.011719 0.018229
0 0.184570 0.383464 0.011719 0.011719
0 0.181152 0.365234 0.012695 0.014323
0 0.166992 0.339193 0.017578 0.024740
0 0.120117 0.363281 0.015625 0.018229
0 0.100586 0.328776 0.015625 0.019531
0 0.014160 0.354818 0.016602 0.019531
0 0.115723 0.296875 0.014648 0.020833
0 0.082031 0.296875 0.011719 0.015625
0 0.044922 0.274740 0.015625 0.020833
0 0.019531 0.263021 0.013672 0.018229
0 0.005371 0.259115 0.008789 0.020833
0 0.051270 0.212240 0.012695 0.015625
0 0.132324 0.236979 0.010742 0.013021
0 0.129883 0.199870 0.013672 0.019531
0 0.154297 0.205078 0.013672 0.019531
0 0.177734 0.225911 0.017578 0.019531
0 0.141113 0.249349 0.016602 0.016927
0 0.192871 0.294922 0.012695 0.014323
0 0.215332 0.263672 0.014648 0.019531
0 0.239746 0.298177 0.018555 0.023438
0 0.293945 0.300781 0.015625 0.015625
0 0.329590 0.270833 0.010742 0.015625
0 0.352539 0.274740 0.015625 0.018229
0 0.393066 0.268880 0.014648 0.016927
0 0.472168 0.235026 0.014648 0.016927
0 0.503906 0.198568 0.011719 0.019531
0 0.511719 0.174479 0.011719 0.018229
0 0.380371 0.228516 0.016602 0.019531
0 0.339844 0.229167 0.013672 0.018229
0 0.311523 0.180990 0.015625 0.015625
0 0.369141 0.178385 0.011719 0.013021
0 0.395508 0.173177 0.013672 0.015625
0 0.431641 0.192708 0.013672 0.020833
0 0.467285 0.189453 0.010742 0.014323
0 0.469238 0.170573 0.014648 0.018229
0 0.477051 0.130208 0.012695 0.018229
0 0.490234 0.121094 0.011719 0.015625
0 0.489258 0.145182 0.013672 0.022135
0 0.658691 0.118490 0.014648 0.018229
0 0.638184 0.134766 0.016602 0.022135
0 0.683105 0.115885 0.014648 0.018229
0 0.747559 0.103516 0.014648 0.019531
0 0.787109 0.149089 0.011719 0.014323
0 0.732422 0.067708 0.015625 0.018229
0 0.670898 0.074219 0.011719 0.018229
0 0.708496 0.050781 0.012695 0.015625
0 0.686035 0.041016 0.018555 0.022135
0 0.676758 0.011068 0.015625 0.019531
0 0.646484 0.042318 0.015625 0.022135
0 0.655273 0.013021 0.011719 0.018229
0 0.550293 0.053385 0.012695 0.018229
0 0.569824 0.009766 0.016602 0.016927
0 0.466309 0.080078 0.012695 0.014323
0 0.507324 0.090495 0.014648 0.011719
0 0.509766 0.106771 0.013672 0.018229
0 0.455078 0.036458 0.013672 0.015625
0 0.467773 0.012370 0.011719 0.014323
0 0.508789 0.018229 0.011719 0.015625
0 0.375977 0.044271 0.015625 0.018229
0 0.395996 0.064453 0.012695 0.022135
0 0.400879 0.031901 0.012695 0.016927
0 0.416504 0.052734 0.014648 0.016927
0 0.307129 0.065104 0.012695 0.018229
0 0.288574 0.113281 0.012695 0.018229
0 0.327637 0.112630 0.012695 0.019531
0 0.352051 0.139323 0.014648 0.020833
0 0.354004 0.158854 0.012695 0.018229
0 0.338379 0.154297 0.008789 0.016927
0 0.202148 0.149740 0.013672 0.018229
0 0.215332 0.141276 0.012695 0.014323
0 0.230469 0.100260 0.011719 0.018229
0 0.303223 0.011719 0.016602 0.020833
0 0.325684 0.023438 0.012695 0.018229
0 0.332520 0.005859 0.014648 0.009115
0 0.207520 0.042969 0.012695 0.018229
0 0.218750 0.021484 0.013672 0.019531
0 0.177734 0.084635 0.013672 0.020833
0 0.199219 0.111328 0.009766 0.014323
0 0.250000 0.116536 0.011719 0.022135
0 0.154785 0.079427 0.012695 0.018229
0 0.161133 0.024740 0.013672 0.013021
0 0.101074 0.048177 0.014648 0.020833
0 0.121582 0.076823 0.014648 0.020833
0 0.110840 0.107422 0.014648 0.016927
0 0.064453 0.134115 0.015625 0.020833
0 0.036133 0.138672 0.015625 0.022135
0 0.020996 0.105469 0.012695 0.015625
0 0.492676 0.602865 0.014648 0.023438
0 0.492676 0.628255 0.018555 0.024740
1 0.017090 0.219401 0.014648 0.019531
1 0.024414 0.387370 0.019531 0.024740
1 0.014648 0.496094 0.009766 0.015625
1 0.057617 0.479167 0.009766 0.013021
1 0.064453 0.566406 0.009766 0.015625
1 0.020508 0.571615 0.011719 0.015625
1 0.026367 0.657552 0.011719 0.015625
1 0.025879 0.721354 0.008789 0.013021
1 0.081543 0.714193 0.012695 0.016927
1 0.068848 0.764974 0.010742 0.011719
1 0.012695 0.829427 0.019531 0.023438
1 0.022461 0.916667 0.011719 0.015625
1 0.067383 0.898438 0.013672 0.018229
1 0.054199 0.968099 0.010742 0.014323
1 0.076172 0.970052 0.011719 0.015625
1 0.096680 0.960938 0.011719 0.013021
1 0.130371 0.927083 0.010742 0.015625
1 0.152832 0.859375 0.012695 0.013021
1 0.175781 0.841146 0.009766 0.018229
1 0.158203 0.916667 0.015625 0.023438
1 0.163086 0.887370 0.013672 0.014323
1 0.193848 0.919922 0.012695 0.016927
1 0.233398 0.796875 0.011719 0.015625
1 0.220703 0.688802 0.013672 0.018229
1 0.249023 0.773438 0.011719 0.013021
1 0.310547 0.801432 0.011719 0.016927
1 0.294922 0.871745 0.011719 0.014323
1 0.287598 0.885417 0.014648 0.018229
1 0.308594 0.878906 0.011719 0.013021
1 0.326660 0.944010 0.008789 0.013021
1 0.366699 0.992839 0.014648 0.014323
1 0.180176 0.569010 0.012695 0.018229
1 0.178711 0.608073 0.011719 0.013021
1 0.157715 0.549479 0.014648 0.020833
1 0.178711 0.489583 0.011719 0.015625
1 0.190430 0.688802 0.011719 0.015625
1 0.012695 0.758464 0.011719 0.016927
1 0.109863 0.195312 0.010742 0.018229
1 0.105957 0.241536 0.008789 0.019531
1 0.011230 0.296875 0.008789 0.015625
1 0.137695 0.283203 0.011719 0.011719
1 0.177246 0.311849 0.014648 0.016927
1 0.196289 0.250651 0.013672 0.022135
1 0.175293 0.183594 0.006836 0.010417
1 0.155762 0.146484 0.010742 0.014323
1 0.045898 0.113932 0.013672 0.014323
1 0.181641 0.008464 0.011719 0.014323
1 0.163574 0.116536 0.018555 0.024740
1 0.202148 0.382161 0.011719 0.014323
1 0.288086 0.411458 0.011719 0.015625
1 0.295898 0.441406 0.011719 0.018229
1 0.297852 0.460938 0.011719 0.013021
1 0.307617 0.742188 0.011719 0.015625
1 0.383301 0.826823 0.008789 0.015625
1 0.396973 0.730469 0.014648 0.018229
1 0.407715 0.783854 0.010742 0.013021
1 0.444824 0.932943 0.018555 0.024740
1 0.434570 0.687500 0.009766 0.015625
1 0.418945 0.645182 0.011719 0.014323
1 0.359863 0.615885 0.012695 0.018229
1 0.328125 0.548177 0.009766 0.013021
1 0.352051 0.516927 0.012695 0.015625
1 0.369629 0.419271 0.016602 0.020833
1 0.274414 0.286458 0.011719 0.015625
1 0.285156 0.022786 0.009766 0.014323
1 0.398438 0.248698 0.011719 0.013021
1 0.482422 0.204427 0.009766 0.018229
1 0.527344 0.148438 0.009766 0.018229
1 0.525391 0.116536 0.013672 0.022135
1 0.561523 0.125651 0.011719 0.014323
1 0.579102 0.159505 0.007812 0.014323
1 0.557129 0.334635 0.010742 0.015625
1 0.419922 0.456380 0.015625 0.016927
1 0.393066 0.496094 0.010742 0.015625
1 0.406738 0.522135 0.012695 0.020833
1 0.365723 0.763021 0.012695 0.015625
1 0.421387 0.723958 0.008789 0.018229
1 0.444824 0.625000 0.012695 0.015625
1 0.499512 0.688802 0.010742 0.015625
1 0.482910 0.740234 0.012695 0.019531
1 0.492676 0.757161 0.014648 0.014323
1 0.541504 0.854818 0.010742 0.022135
1 0.552246 0.902344 0.010742 0.015625
1 0.501465 0.975260 0.010742 0.018229
1 0.591309 0.930990 0.012695 0.020833
1 0.572754 0.852214 0.010742 0.014323
1 0.549805 0.537109 0.011719 0.019531
1 0.458984 0.350260 0.013672 0.018229
1 0.515625 0.591146 0.013672 0.015625
1 0.598145 0.535156 0.010742 0.015625
1 0.589355 0.487630 0.012695 0.024740
1 0.653320 0.497396 0.013672 0.020833
1 0.634766 0.512370 0.009766 0.014323
1 0.511230 0.653646 0.010742 0.015625
1 0.640625 0.664714 0.011719 0.019531
1 0.591797 0.748047 0.015625 0.019531
1 0.682617 0.780599 0.011719 0.019531
1 0.681152 0.807292 0.010742 0.013021
1 0.685547 0.829427 0.011719 0.013021
1 0.460449 0.478516 0.016602 0.016927
1 0.666992 0.565104 0.011719 0.018229
1 0.696289 0.616536 0.009766 0.019531
1 0.791016 0.641276 0.013672 0.022135
1 0.769531 0.573568 0.011719 0.016927
1 0.746582 0.811849 0.012695 0.022135
1 0.723145 0.932943 0.010742 0.014323
1 0.770508 0.893880 0.009766 0.014323
1 0.824707 0.921224 0.012695 0.016927
1 0.879883 0.965495 0.011719 0.019531
1 0.921875 0.925130 0.009766 0.011719
1 0.965820 0.919922 0.015625 0.019531
1 0.818848 0.805990 0.014648 0.018229
1 0.855469 0.773438 0.011719 0.018229
1 0.880859 0.757161 0.011719 0.014323
1 0.937012 0.810547 0.008789 0.011719
1 0.945312 0.803385 0.009766 0.015625
1 0.975586 0.651042 0.013672 0.018229
1 0.913574 0.635417 0.008789 0.015625
1 0.894531 0.600260 0.011719 0.013021
1 0.962891 0.563802 0.019531 0.020833
1 0.943359 0.612630 0.013672 0.016927
1 0.848145 0.529297 0.012695 0.014323
1 0.889160 0.500651 0.012695 0.011719
1 0.933105 0.507161 0.010742 0.016927
1 0.700684 0.424479 0.012695 0.018229
1 0.668457 0.464844 0.014648 0.020833
1 0.762695 0.413411 0.009766 0.011719
1 0.777832 0.453125 0.008789 0.015625
1 0.797363 0.416667 0.010742 0.015625
1 0.732910 0.371094 0.014648 0.020833
1 0.670410 0.296875 0.012695 0.015625
1 0.645020 0.268229 0.012695 0.018229
1 0.514160 0.057943 0.014648 0.022135
1 0.748047 0.230469 0.015625 0.018229
1 0.861816 0.311849 0.010742 0.014323
1 0.779297 0.201823 0.011719 0.013021
1 0.786133 0.164062 0.011719 0.013021
1 0.768555 0.154297 0.011719 0.011719
1 0.778320 0.062500 0.009766 0.013021
1 0.682617 0.095703 0.013672 0.011719
1 0.757812 0.007161 0.009766 0.011719
1 0.849609 0.115885 0.005859 0.010417
1 0.874512 0.151042 0.014648 0.015625
1 0.881348 0.126953 0.012695 0.014323
1 0.906250 0.141927 0.013672 0.015625
1 0.890137 0.166016 0.010742 0.014323
1 0.956543 0.056641 0.012695 0.014323
1 0.980957 0.071615 0.014648 0.015625
1 0.939941 0.231120 0.012695 0.014323
1 0.994629 0.257812 0.006836 0.013021
1 0.884277 0.324870 0.010742 0.011719
1 0.846191 0.386068 0.012695 0.016927
1 0.953613 0.428385 0.012695 0.018229
1 0.990234 0.466146 0.009766 0.015625
1 0.967285 0.333984 0.010742 0.014323
1 0.899902 0.869792 0.010742 0.010417
1 0.497070 0.815755 0.013672 0.019531
1 0.568359 0.030599 0.013672 0.014323
1 0.233398 0.410807 0.007812 0.014323
1 0.221191 0.411458 0.010742 0.015625
1 0.468262 0.502604 0.012695 0.020833
1 0.901367 0.214844 0.015625 0.013021
0 0.140625 0.513021 0.007812 0.007812
1 0.144043 0.525391 0.008789 0.011719
