0 0.063477 0.522135 0.017578 0.026042
0 0.164062 0.655599 0.015625 0.022135
0 0.182129 0.636068 0.014648 0.019531
0 0.369629 0.784505 0.016602 0.024740
0 0.374512 0.856120 0.014648 0.019531
0 0.379883 0.875000 0.013672 0.018229
0 0.534668 0.800781 0.014648 0.023438
0 0.423340 0.658203 0.016602 0.024740
0 0.494141 0.568359 0.017578 0.022135
0 0.495605 0.591797 0.018555 0.022135
0 0.402344 0.512370 0.013672 0.016927
0 0.402832 0.495443 0.014648 0.014323
0 0.138672 0.406901 0.017578 0.022135
0 0.303711 0.430339 0.017578 0.024740
0 0.475098 0.397786 0.016602 0.022135
0 0.522461 0.354818 0.017578 0.024740
0 0.314941 0.270833 0.018555 0.026042
0 0.204102 0.155599 0.015625 0.022135
0 0.389160 0.199219 0.014648 0.018229
1 0.330566 0.130859 0.016602 0.022135
1 0.331543 0.108724 0.016602 0.022135
0 0.684570 0.112630 0.017578 0.022135
0 0.787598 0.188151 0.020508 0.029948
0 0.741699 0.356771 0.016602 0.020833
0 0.814941 0.337891 0.018555 0.024740
0 0.972168 0.341146 0.022461 0.031250
0 0.694336 0.619141 0.015625 0.022135
0 0.738770 0.751302 0.018555 0.023438
0 0.833496 0.613932 0.018555 0.024740
0 0.836426 0.638021 0.018555 0.023438
0 0.698242 0.900391 0.015625 0.022135
0 0.801270 0.875651 0.016602 0.019531
0 0.807617 0.891276 0.015625 0.019531
0 0.924316 0.852865 0.016602 0.023438
1 0.139160 0.695964 0.014648 0.019531
0 0.025391 0.307943 0.019531 0.027344
