0 0.214844 0.970703 0.013672 0.022135
0 0.378418 0.973307 0.018555 0.027344
0 0.223633 0.910807 0.013672 0.019531
0 0.157227 0.801432 0.015625 0.019531
0 0.263672 0.811198 0.015625 0.023438
0 0.370605 0.859375 0.014648 0.020833
0 0.399414 0.892578 0.015625 0.022135
0 0.466797 0.927734 0.015625 0.022135
0 0.457031 0.768880 0.013672 0.022135
0 0.469238 0.763672 0.012695 0.019531
0 0.366699 0.765625 0.014648 0.020833
0 0.185547 0.740885 0.013672 0.020833
0 0.257812 0.679688 0.013672 0.020833
0 0.272461 0.675781 0.013672 0.020833
0 0.341797 0.742839 0.011719 0.016927
0 0.346680 0.682292 0.013672 0.018229
0 0.163574 0.654948 0.012695 0.020833
0 0.176270 0.649740 0.016602 0.023438
1 0.492676 0.692057 0.012695 0.016927
0 0.037109 0.570964 0.017578 0.022135
0 0.062500 0.600260 0.015625 0.020833
0 0.212402 0.532552 0.020508 0.028646
0 0.156738 0.477214 0.012695 0.019531
0 0.284668 0.575521 0.010742 0.018229
0 0.330566 0.539062 0.012695 0.018229
0 0.434570 0.498047 0.015625 0.016927
0 0.418945 0.488281 0.013672 0.018229
0 0.403320 0.457682 0.011719 0.016927
0 0.261719 0.499349 0.011719 0.014323
0 0.257812 0.484375 0.013672 0.013021
0 0.432617 0.414714 0.013672 0.019531
0 0.193359 0.449219 0.013672 0.018229
0 0.303711 0.414062 0.013672 0.020833
0 0.092285 0.376302 0.012695 0.015625
0 0.027832 0.258464 0.012695 0.022135
0 0.185059 0.270833 0.012695 0.020833
0 0.196289 0.293620 0.013672 0.016927
0 0.247559 0.341797 0.012695 0.019531
0 0.287109 0.330078 0.013672 0.019531
0 0.189453 0.155599 0.019531 0.027344
0 0.179199 0.185547 0.014648 0.022135
0 0.318359 0.115234 0.015625 0.019531
0 0.463867 0.094401 0.017578 0.027344
0 0.519043 0.044922 0.014648 0.019531
0 0.075684 0.021484 0.012695 0.022135
0 0.601562 0.105469 0.013672 0.018229
0 0.633301 0.079427 0.014648 0.015625
0 0.640137 0.064453 0.014648 0.022135
0 0.808105 0.029948 0.012695 0.018229
0 0.838867 0.041016 0.011719 0.019531
0 0.902832 0.072266 0.016602 0.022135
0 0.956543 0.078776 0.012695 0.016927
0 0.777344 0.105469 0.015625 0.020833
0 0.711914 0.130208 0.015625 0.020833
0 0.860352 0.119141 0.013672 0.016927
0 0.955078 0.150391 0.017578 0.022135
0 0.628418 0.266927 0.010742 0.018229
0 0.639648 0.269531 0.011719 0.018229
0 0.770508 0.279948 0.013672 0.018229
0 0.845215 0.229167 0.012695 0.018229
0 0.949219 0.259115 0.015625 0.023438
0 0.991699 0.227865 0.012695 0.023438
0 0.558105 0.339193 0.010742 0.016927
0 0.550781 0.352865 0.011719 0.018229
0 0.589355 0.350260 0.014648 0.023438
0 0.668945 0.371745 0.013672 0.016927
0 0.726074 0.374349 0.012695 0.016927
0 0.829102 0.348307 0.013672 0.019531
0 0.875488 0.358073 0.012695 0.020833
0 0.915039 0.365885 0.013672 0.020833
0 0.578613 0.472656 0.014648 0.020833
0 0.695801 0.444661 0.014648 0.019531
0 0.746094 0.451823 0.013672 0.015625
0 0.578125 0.529948 0.013672 0.015625
0 0.704590 0.569661 0.014648 0.019531
0 0.808105 0.461589 0.014648 0.016927
0 0.945312 0.512370 0.017578 0.024740
0 0.933594 0.582682 0.017578 0.022135
0 0.875000 0.612630 0.013672 0.019531
0 0.819336 0.789062 0.015625 0.023438
0 0.891113 0.741536 0.016602 0.019531
0 0.897949 0.727214 0.014648 0.019531
0 0.989746 0.757812 0.014648 0.020833
0 0.557129 0.873698 0.016602 0.020833
0 0.564941 0.889974 0.012695 0.016927
0 0.692871 0.914062 0.020508 0.028646
0 0.768555 0.907552 0.015625 0.020833
0 0.952148 0.833333 0.017578 0.023438
0 0.626953 0.726562 0.015625 0.020833
0 0.615723 0.760417 0.014648 0.018229
0 0.590332 0.736328 0.010742 0.014323
0 0.590820 0.723307 0.011719 0.011719
