0 0.377441 0.812500 0.014648 0.020833
0 0.483398 0.925130 0.015625 0.019531
0 0.458984 0.579427 0.015625 0.020833
0 0.413574 0.509766 0.014648 0.019531
0 0.112305 0.587240 0.013672 0.018229
0 0.119629 0.575521 0.012695 0.018229
0 0.343262 0.320312 0.014648 0.020833
0 0.379883 0.919922 0.011719 0.016927
0 0.389648 0.917969 0.011719 0.018229
0 0.868164 0.699870 0.017578 0.024740
0 0.895508 0.701172 0.015625 0.022135
0 0.661133 0.170573 0.015625 0.023438
0 0.666504 0.185547 0.014648 0.016927
0 0.674805 0.172526 0.013672 0.022135
0 0.875977 0.069010 0.013672 0.020833
0 0.887207 0.065755 0.014648 0.022135
