0 0.028320 0.949219 0.013672 0.020833
0 0.093262 0.865885 0.014648 0.018229
0 0.099609 0.853516 0.013672 0.019531
0 0.080078 0.723958 0.013672 0.018229
0 0.159668 0.699219 0.014648 0.020833
0 0.231445 0.776042 0.015625 0.020833
0 0.358398 0.811849 0.015625 0.022135
0 0.302246 0.909505 0.014648 0.019531
0 0.274414 0.979818 0.013672 0.019531
0 0.445801 0.968099 0.014648 0.022135
0 0.305176 0.927734 0.012695 0.014323
0 0.313965 0.914062 0.008789 0.018229
0 0.377930 0.731120 0.013672 0.022135
0 0.062988 0.572917 0.012695 0.015625
0 0.069336 0.587240 0.011719 0.015625
0 0.158203 0.581380 0.013672 0.016927
0 0.161621 0.598307 0.012695 0.014323
0 0.314941 0.638672 0.012695 0.016927
0 0.373535 0.578776 0.014648 0.019531
0 0.262695 0.492188 0.013672 0.015625
0 0.179199 0.417318 0.012695 0.016927
0 0.202148 0.406250 0.011719 0.015625
0 0.208496 0.394531 0.012695 0.015625
0 0.263672 0.385417 0.011719 0.018229
0 0.281250 0.280599 0.015625 0.019531
0 0.240723 0.215495 0.012695 0.014323
0 0.238770 0.200521 0.010742 0.013021
0 0.263672 0.196615 0.013672 0.018229
0 0.190918 0.037109 0.012695 0.016927
0 0.395508 0.030599 0.013672 0.016927
0 0.447266 0.105469 0.011719 0.018229
0 0.447754 0.217448 0.012695 0.015625
0 0.439941 0.291667 0.012695 0.018229
0 0.562500 0.988932 0.015625 0.019531
0 0.813477 0.981120 0.013672 0.022135
0 0.502930 0.765625 0.015625 0.023438
0 0.606934 0.779297 0.016602 0.022135
0 0.783691 0.785156 0.012695 0.018229
0 0.604980 0.649740 0.014648 0.018229
0 0.517090 0.555990 0.016602 0.023438
0 0.580078 0.607422 0.015625 0.022135
0 0.744141 0.580078 0.013672 0.019531
0 0.822754 0.572917 0.012695 0.018229
0 0.918945 0.620443 0.013672 0.019531
0 0.823242 0.688802 0.013672 0.015625
0 0.824707 0.704427 0.012695 0.013021
0 0.986328 0.641276 0.013672 0.016927
0 0.991699 0.654297 0.012695 0.016927
0 0.811035 0.469401 0.014648 0.019531
0 0.624512 0.360026 0.012695 0.016927
0 0.694824 0.152995 0.014648 0.019531
0 0.724121 0.146484 0.012695 0.019531
0 0.875488 0.215495 0.014648 0.016927
0 0.887207 0.125651 0.012695 0.016927
0 0.969238 0.168620 0.012695 0.016927
0 0.896973 0.108073 0.014648 0.015625
0 0.981934 0.070964 0.014648 0.019531
0 0.621094 0.046224 0.013672 0.014323
0 0.627930 0.035807 0.013672 0.011719
0 0.625488 0.020833 0.014648 0.018229
0 0.264648 0.634766 0.013672 0.014323
0 0.263184 0.619792 0.014648 0.013021
