0 0.182617 0.664062 0.013672 0.020833
0 0.145020 0.985677 0.014648 0.020833
0 0.173340 0.906901 0.014648 0.019531
0 0.273926 0.852865 0.014648 0.020833
0 0.307129 0.955729 0.012695 0.020833
0 0.039062 0.878906 0.013672 0.018229
0 0.057617 0.886719 0.011719 0.015625
0 0.073730 0.850260 0.012695 0.018229
0 0.424316 0.978516 0.016602 0.022135
0 0.353516 0.916667 0.015625 0.018229
0 0.355469 0.897786 0.015625 0.019531
0 0.454590 0.909505 0.016602 0.019531
0 0.465332 0.873047 0.016602 0.024740
0 0.510254 0.864583 0.014648 0.020833
0 0.512207 0.906901 0.014648 0.019531
0 0.330078 0.753255 0.017578 0.024740
0 0.383301 0.818359 0.012695 0.016927
0 0.166992 0.768880 0.015625 0.019531
0 0.171387 0.750000 0.018555 0.023438
0 0.034180 0.752604 0.013672 0.018229
0 0.047363 0.708333 0.014648 0.020833
0 0.031250 0.677734 0.013672 0.022135
0 0.343262 0.708333 0.014648 0.018229
0 0.350098 0.690104 0.014648 0.020833
0 0.456055 0.714844 0.013672 0.020833
0 0.273926 0.617839 0.014648 0.019531
0 0.371094 0.645833 0.011719 0.018229
0 0.418457 0.580729 0.016602 0.020833
0 0.340332 0.592448 0.012695 0.015625
0 0.342773 0.577474 0.011719 0.016927
0 0.010254 0.582682 0.014648 0.016927
0 0.016113 0.567708 0.012695 0.018229
0 0.335449 0.546875 0.014648 0.020833
0 0.359863 0.542318 0.016602 0.022135
0 0.426270 0.498047 0.014648 0.019531
0 0.270508 0.500000 0.015625 0.018229
0 0.285645 0.491536 0.012695 0.016927
0 0.285156 0.508464 0.015625 0.019531
0 0.324219 0.470052 0.013672 0.018229
0 0.337402 0.440755 0.014648 0.019531
0 0.336426 0.417318 0.014648 0.019531
0 0.350586 0.413411 0.013672 0.022135
0 0.219727 0.478516 0.013672 0.022135
0 0.253906 0.431641 0.011719 0.016927
0 0.346680 0.375000 0.015625 0.020833
0 0.007812 0.432943 0.011719 0.016927
0 0.009766 0.447917 0.013672 0.015625
0 0.250000 0.374349 0.015625 0.019531
0 0.059570 0.248698 0.017578 0.020833
0 0.062012 0.229818 0.016602 0.022135
0 0.029297 0.128255 0.017578 0.022135
0 0.155762 0.102214 0.012695 0.019531
0 0.076172 0.199219 0.013672 0.018229
0 0.076660 0.184896 0.012695 0.018229
0 0.025879 0.046875 0.014648 0.015625
0 0.042480 0.047526 0.014648 0.019531
0 0.026855 0.029948 0.014648 0.020833
0 0.206543 0.334635 0.012695 0.020833
0 0.135742 0.214193 0.015625 0.022135
0 0.303711 0.303385 0.013672 0.020833
0 0.123047 0.234375 0.009766 0.018229
0 0.353027 0.129557 0.014648 0.019531
0 0.391113 0.085938 0.014648 0.020833
0 0.415039 0.090495 0.015625 0.019531
0 0.450195 0.080078 0.015625 0.022135
0 0.456543 0.106771 0.014648 0.020833
0 0.469727 0.122396 0.019531 0.031250
0 0.495605 0.026042 0.014648 0.018229
1 0.395020 0.135417 0.016602 0.023438
0 0.561035 0.300130 0.012695 0.019531
0 0.567383 0.143229 0.015625 0.023438
0 0.605957 0.133464 0.014648 0.019531
0 0.666504 0.139974 0.016602 0.022135
0 0.657227 0.199219 0.013672 0.018229
0 0.686523 0.214193 0.013672 0.019531
0 0.696289 0.176432 0.017578 0.022135
0 0.726074 0.110026 0.016602 0.022135
0 0.770996 0.084635 0.016602 0.020833
0 0.770508 0.105469 0.015625 0.020833
0 0.705566 0.049479 0.014648 0.015625
0 0.707520 0.033203 0.014648 0.019531
0 0.818848 0.084635 0.016602 0.020833
0 0.808594 0.128255 0.013672 0.019531
0 0.897949 0.107422 0.014648 0.019531
0 0.959961 0.166016 0.013672 0.019531
0 0.578613 0.468099 0.012695 0.019531
0 0.621094 0.401693 0.011719 0.019531
0 0.714844 0.419271 0.015625 0.020833
0 0.743652 0.377604 0.014648 0.023438
0 0.787598 0.321615 0.016602 0.020833
0 0.834473 0.311198 0.014648 0.020833
0 0.936035 0.263021 0.014648 0.023438
0 0.973633 0.329427 0.015625 0.020833
0 0.977539 0.361328 0.015625 0.022135
0 0.968262 0.397786 0.014648 0.019531
0 0.845215 0.405599 0.016602 0.019531
0 0.760254 0.464193 0.018555 0.022135
1 0.707031 0.351562 0.017578 0.026042
0 0.854004 0.328776 0.016602 0.019531
0 0.861816 0.314453 0.014648 0.022135
0 0.816895 0.375651 0.018555 0.022135
0 0.819824 0.357422 0.018555 0.022135
0 0.830078 0.345052 0.013672 0.020833
0 0.882324 0.460286 0.014648 0.016927
0 0.889160 0.485677 0.014648 0.018229
0 0.956055 0.527995 0.013672 0.016927
0 0.692383 0.634766 0.015625 0.019531
0 0.624023 0.653646 0.011719 0.018229
0 0.606934 0.621745 0.016602 0.019531
0 0.676270 0.673828 0.016602 0.022135
0 0.575195 0.791667 0.015625 0.020833
0 0.855469 0.643229 0.015625 0.018229
0 0.944824 0.728516 0.014648 0.019531
0 0.715332 0.846354 0.014648 0.020833
0 0.799805 0.763672 0.015625 0.022135
0 0.801270 0.745443 0.016602 0.014323
0 0.802734 0.728516 0.015625 0.016927
0 0.845703 0.804688 0.015625 0.020833
0 0.853027 0.820964 0.018555 0.016927
0 0.859375 0.837891 0.015625 0.016927
0 0.864746 0.714844 0.014648 0.020833
0 0.884277 0.769531 0.014648 0.018229
0 0.651367 0.552734 0.013672 0.024740
0 0.732910 0.569661 0.014648 0.019531
0 0.729004 0.586589 0.016602 0.016927
0 0.959961 0.690104 0.013672 0.018229
0 0.964355 0.677083 0.012695 0.018229
0 0.634766 0.895833 0.015625 0.020833
0 0.638184 0.913411 0.014648 0.019531
0 0.866211 0.908854 0.017578 0.023438
0 0.915039 0.893880 0.013672 0.022135
0 0.976562 0.911458 0.015625 0.020833
0 0.980469 0.945964 0.015625 0.024740
0 0.795410 0.990885 0.014648 0.018229
0 0.763184 0.666016 0.016602 0.016927
0 0.765137 0.650391 0.014648 0.016927
0 0.533691 0.725911 0.014648 0.016927
0 0.535156 0.710286 0.013672 0.016927
0 0.645508 0.854818 0.013672 0.016927
0 0.629395 0.845703 0.010742 0.019531
0 0.628906 0.866536 0.017578 0.024740
0 0.640137 0.838542 0.014648 0.018229
0 0.878906 0.960938 0.013672 0.015625
0 0.878418 0.944661 0.012695 0.016927
0 0.217285 0.008464 0.012695 0.014323
0 0.956055 0.544922 0.013672 0.016927
0 0.966797 0.538411 0.013672 0.016927
0 0.133301 0.230469 0.010742 0.018229
