0 0.064941 0.770182 0.014648 0.019531
0 0.207031 0.779297 0.015625 0.019531
0 0.425781 0.580078 0.015625 0.019531
0 0.390137 0.744792 0.012695 0.018229
0 0.399902 0.748698 0.012695 0.018229
1 0.451660 0.806641 0.012695 0.016927
1 0.453613 0.822266 0.012695 0.014323
0 0.258789 0.698568 0.011719 0.016927
0 0.269531 0.696615 0.011719 0.015625
0 0.274414 0.710938 0.015625 0.020833
0 0.321289 0.432943 0.017578 0.022135
0 0.277832 0.271484 0.016602 0.022135
0 0.569824 0.271484 0.016602 0.019531
0 0.604980 0.328125 0.016602 0.020833
0 0.569824 0.206380 0.014648 0.019531
0 0.729004 0.380859 0.012695 0.016927
0 0.739746 0.386068 0.012695 0.019531
0 0.891113 0.537109 0.014648 0.016927
1 0.139648 0.428385 0.013672 0.018229
0 0.980469 0.952474 0.015625 0.016927
0 0.984863 0.968099 0.014648 0.016927
0 0.952637 0.297526 0.014648 0.016927
0 0.960449 0.284505 0.014648 0.019531
