0 0.040527 0.801432 0.012695 0.016927
0 0.090332 0.787760 0.014648 0.020833
0 0.213867 0.743490 0.011719 0.015625
0 0.263184 0.770182 0.010742 0.014323
0 0.271973 0.758464 0.010742 0.014323
0 0.252441 0.952474 0.012695 0.016927
0 0.275879 0.987630 0.010742 0.014323
0 0.418457 0.904297 0.010742 0.014323
0 0.427246 0.958984 0.010742 0.014323
1 0.420898 0.886719 0.013672 0.015625
0 0.352539 0.868490 0.011719 0.013021
0 0.398926 0.798177 0.010742 0.015625
0 0.340332 0.757161 0.010742 0.014323
0 0.462891 0.777995 0.009766 0.014323
0 0.469238 0.768880 0.008789 0.014323
0 0.432129 0.692708 0.010742 0.013021
0 0.291016 0.622396 0.011719 0.010417
0 0.291504 0.608073 0.010742 0.013021
0 0.106445 0.610026 0.015625 0.019531
0 0.365234 0.601562 0.011719 0.015625
0 0.374512 0.627604 0.010742 0.015625
0 0.004883 0.404297 0.007812 0.016927
0 0.052734 0.418620 0.011719 0.014323
0 0.055664 0.436849 0.011719 0.014323
0 0.166016 0.503906 0.011719 0.015625
0 0.203613 0.460938 0.012695 0.018229
0 0.290527 0.494141 0.010742 0.011719
0 0.338379 0.294922 0.010742 0.019531
0 0.299805 0.227214 0.011719 0.016927
0 0.359375 0.255859 0.009766 0.014323
0 0.497559 0.299479 0.010742 0.015625
0 0.072266 0.042969 0.011719 0.015625
0 0.253418 0.089844 0.012695 0.020833
0 0.249023 0.106771 0.009766 0.010417
0 0.246582 0.119141 0.010742 0.011719
0 0.259766 0.109375 0.009766 0.013021
0 0.263672 0.122396 0.013672 0.013021
0 0.394043 0.166667 0.010742 0.015625
0 0.392578 0.186198 0.009766 0.013021
0 0.402344 0.173828 0.009766 0.014323
0 0.413086 0.160807 0.009766 0.014323
0 0.413574 0.175130 0.010742 0.014323
0 0.465820 0.177734 0.011719 0.014323
0 0.497070 0.013021 0.009766 0.015625
0 0.529297 0.123047 0.011719 0.014323
0 0.578613 0.189453 0.010742 0.014323
0 0.540527 0.265625 0.012695 0.023438
0 0.637695 0.250000 0.011719 0.015625
0 0.724609 0.120443 0.011719 0.014323
0 0.753906 0.119792 0.009766 0.013021
0 0.748535 0.132812 0.008789 0.010417
0 0.758301 0.133464 0.010742 0.011719
0 0.805664 0.145833 0.011719 0.013021
0 0.969238 0.091146 0.014648 0.015625
0 0.837891 0.203776 0.011719 0.014323
0 0.829102 0.233073 0.011719 0.015625
0 0.832031 0.216797 0.011719 0.011719
0 0.959961 0.157552 0.011719 0.010417
0 0.961914 0.141927 0.011719 0.013021
0 0.971680 0.152344 0.009766 0.015625
0 0.525391 0.469401 0.011719 0.016927
0 0.533203 0.492188 0.011719 0.015625
0 0.529785 0.587240 0.012695 0.015625
0 0.690430 0.544271 0.011719 0.018229
0 0.726074 0.347005 0.010742 0.014323
0 0.963867 0.317057 0.015625 0.022135
0 0.833984 0.486979 0.009766 0.013021
0 0.835938 0.501953 0.011719 0.014323
0 0.824707 0.537760 0.010742 0.015625
0 0.905762 0.529297 0.010742 0.014323
0 0.917969 0.521484 0.011719 0.014323
0 0.976074 0.536458 0.012695 0.015625
0 0.960938 0.565104 0.013672 0.015625
0 0.958984 0.580729 0.011719 0.015625
0 0.576660 0.645182 0.010742 0.014323
0 0.585938 0.660156 0.015625 0.015625
0 0.624512 0.727865 0.010742 0.015625
0 0.620117 0.773438 0.011719 0.015625
0 0.684082 0.760417 0.010742 0.015625
0 0.599609 0.833984 0.011719 0.016927
0 0.609863 0.824870 0.014648 0.016927
0 0.575684 0.935547 0.014648 0.016927
0 0.687012 0.975260 0.014648 0.018229
0 0.855469 0.722656 0.013672 0.018229
0 0.944336 0.826823 0.013672 0.018229
0 0.884766 0.884766 0.007812 0.011719
0 0.892578 0.878906 0.007812 0.010417
0 0.890625 0.890625 0.009766 0.010417
0 0.565430 0.727214 0.007812 0.014323
