0 0.172363 0.876302 0.014648 0.020833
0 0.173828 0.857422 0.015625 0.019531
0 0.230957 0.775391 0.016602 0.022135
0 0.284180 0.675130 0.017578 0.024740
0 0.086426 0.658203 0.016602 0.027344
0 0.178223 0.615885 0.014648 0.020833
0 0.394531 0.666667 0.017578 0.026042
0 0.454590 0.769531 0.016602 0.018229
0 0.453613 0.787109 0.014648 0.016927
0 0.557129 0.895833 0.014648 0.020833
0 0.550293 0.734375 0.018555 0.023438
0 0.507324 0.652344 0.014648 0.020833
0 0.088867 0.572266 0.013672 0.019531
0 0.014160 0.531250 0.016602 0.026042
0 0.122070 0.453776 0.013672 0.019531
0 0.132812 0.512370 0.015625 0.019531
0 0.132324 0.493490 0.014648 0.020833
0 0.351074 0.585938 0.014648 0.020833
1 0.275879 0.632161 0.016602 0.019531
0 0.478516 0.570312 0.017578 0.023438
0 0.447754 0.546875 0.016602 0.023438
0 0.311523 0.558594 0.015625 0.020833
0 0.259277 0.528646 0.018555 0.020833
0 0.258301 0.507161 0.016602 0.019531
0 0.309082 0.508464 0.014648 0.022135
0 0.313477 0.528646 0.013672 0.020833
0 0.444824 0.513021 0.014648 0.020833
0 0.537598 0.515625 0.016602 0.020833
0 0.514160 0.517578 0.014648 0.019531
0 0.520020 0.535156 0.014648 0.018229
0 0.350586 0.443359 0.015625 0.022135
0 0.296387 0.403646 0.016602 0.023438
0 0.231445 0.349609 0.013672 0.019531
0 0.011230 0.279297 0.016602 0.024740
0 0.491699 0.294922 0.014648 0.019531
0 0.196777 0.218099 0.014648 0.016927
0 0.186523 0.182943 0.015625 0.019531
0 0.096191 0.123698 0.014648 0.020833
0 0.031738 0.097656 0.014648 0.020833
0 0.099121 0.061849 0.016602 0.024740
0 0.022949 0.022135 0.018555 0.026042
0 0.256836 0.085286 0.015625 0.019531
0 0.208496 0.108724 0.014648 0.016927
0 0.206543 0.093750 0.014648 0.015625
0 0.358887 0.018229 0.016602 0.020833
0 0.406738 0.166667 0.020508 0.020833
0 0.412598 0.184896 0.014648 0.020833
0 0.602051 0.287109 0.014648 0.022135
0 0.661621 0.296875 0.016602 0.023438
0 0.666016 0.320964 0.017578 0.024740
0 0.759277 0.171875 0.016602 0.023438
0 0.841309 0.138672 0.020508 0.029948
0 0.866699 0.133464 0.016602 0.022135
0 0.962891 0.108724 0.013672 0.022135
0 0.819824 0.213542 0.014648 0.018229
0 0.820801 0.232422 0.016602 0.016927
0 0.870605 0.242188 0.016602 0.026042
0 0.859863 0.274740 0.016602 0.018229
0 0.960449 0.300781 0.016602 0.018229
0 0.959961 0.319010 0.015625 0.015625
1 0.846191 0.317708 0.014648 0.020833
0 0.845215 0.339844 0.016602 0.020833
0 0.614258 0.455078 0.017578 0.022135
0 0.673828 0.485677 0.017578 0.026042
0 0.719238 0.422526 0.014648 0.019531
0 0.716797 0.441406 0.015625 0.018229
0 0.978516 0.436198 0.013672 0.020833
0 0.933105 0.470052 0.016602 0.018229
0 0.933105 0.490234 0.016602 0.019531
0 0.843262 0.536458 0.016602 0.026042
0 0.571289 0.652995 0.015625 0.022135
0 0.667969 0.636068 0.015625 0.022135
0 0.661621 0.656901 0.016602 0.022135
0 0.731934 0.656901 0.018555 0.022135
0 0.733887 0.679688 0.018555 0.023438
0 0.802246 0.564453 0.014648 0.022135
0 0.840332 0.664714 0.014648 0.019531
0 0.839844 0.682943 0.013672 0.016927
0 0.629883 0.540365 0.019531 0.023438
0 0.633789 0.561849 0.013672 0.016927
0 0.645020 0.550781 0.012695 0.018229
0 0.711426 0.880859 0.016602 0.022135
0 0.893555 0.822266 0.019531 0.024740
0 0.739258 0.977214 0.017578 0.019531
1 0.705566 0.843099 0.016602 0.022135
