0 0.018066 0.723958 0.014648 0.020833
0 0.070312 0.735026 0.015625 0.022135
0 0.011230 0.798828 0.012695 0.016927
0 0.023926 0.899089 0.014648 0.016927
0 0.087402 0.867839 0.012695 0.019531
0 0.177246 0.962891 0.014648 0.019531
0 0.194336 0.936198 0.015625 0.020833
0 0.206055 0.977865 0.013672 0.018229
0 0.250977 0.919922 0.015625 0.019531
0 0.309570 0.929688 0.011719 0.018229
0 0.325195 0.972656 0.013672 0.020833
0 0.228516 0.823568 0.015625 0.022135
0 0.225586 0.701172 0.013672 0.019531
0 0.325684 0.797526 0.012695 0.016927
0 0.385254 0.816406 0.012695 0.018229
0 0.418457 0.869141 0.014648 0.016927
0 0.418945 0.888672 0.013672 0.019531
0 0.482422 0.849609 0.015625 0.019531
0 0.289062 0.667318 0.015625 0.022135
0 0.421875 0.707682 0.013672 0.019531
0 0.441406 0.727214 0.011719 0.016927
0 0.311523 0.763021 0.013672 0.020833
0 0.319824 0.748698 0.014648 0.018229
0 0.324707 0.766927 0.014648 0.018229
0 0.448242 0.829427 0.011719 0.018229
0 0.122559 0.653646 0.012695 0.018229
0 0.180176 0.630859 0.014648 0.019531
0 0.050781 0.586589 0.013672 0.016927
0 0.100098 0.600911 0.012695 0.016927
0 0.017090 0.514974 0.014648 0.019531
0 0.008789 0.848958 0.015625 0.018229
0 0.331055 0.636068 0.013672 0.016927
0 0.330566 0.617839 0.014648 0.016927
0 0.438965 0.568359 0.012695 0.019531
0 0.352051 0.576823 0.014648 0.020833
0 0.153809 0.891927 0.014648 0.018229
0 0.052246 0.382812 0.012695 0.018229
0 0.150391 0.390625 0.015625 0.023438
0 0.203125 0.406250 0.013672 0.018229
0 0.233887 0.389974 0.014648 0.019531
0 0.366211 0.494141 0.013672 0.016927
0 0.400391 0.461589 0.013672 0.016927
0 0.404297 0.445312 0.013672 0.018229
0 0.425781 0.477865 0.011719 0.015625
0 0.429199 0.518229 0.014648 0.018229
0 0.436523 0.505208 0.013672 0.018229
0 0.459961 0.431641 0.015625 0.019531
0 0.476562 0.385417 0.015625 0.020833
0 0.473633 0.327474 0.013672 0.016927
0 0.469727 0.311198 0.013672 0.015625
0 0.362793 0.297526 0.016602 0.016927
0 0.135742 0.279948 0.013672 0.015625
0 0.008301 0.296875 0.012695 0.018229
0 0.008789 0.325521 0.015625 0.018229
0 0.027832 0.279297 0.012695 0.016927
0 0.085938 0.266927 0.011719 0.015625
0 0.209473 0.207682 0.012695 0.019531
0 0.129395 0.134766 0.012695 0.016927
0 0.144531 0.176432 0.013672 0.019531
0 0.162598 0.160807 0.012695 0.014323
0 0.163574 0.175130 0.014648 0.014323
0 0.162598 0.190755 0.010742 0.016927
0 0.174316 0.192057 0.012695 0.014323
0 0.027832 0.152344 0.012695 0.015625
0 0.040527 0.132812 0.014648 0.018229
0 0.012207 0.104167 0.014648 0.020833
0 0.017578 0.042318 0.013672 0.016927
0 0.049805 0.031901 0.013672 0.016927
0 0.155273 0.113281 0.013672 0.018229
0 0.233398 0.158854 0.015625 0.020833
0 0.235840 0.143880 0.016602 0.019531
0 0.241699 0.090495 0.012695 0.014323
0 0.299805 0.040365 0.013672 0.018229
0 0.367188 0.216797 0.013672 0.016927
0 0.366699 0.199870 0.014648 0.016927
0 0.410156 0.154297 0.015625 0.022135
0 0.357422 0.065104 0.013672 0.018229
0 0.397949 0.082682 0.012695 0.019531
0 0.480957 0.164062 0.012695 0.018229
0 0.486328 0.179036 0.013672 0.016927
0 0.432617 0.220052 0.013672 0.018229
0 0.423340 0.240234 0.012695 0.016927
0 0.434570 0.236328 0.011719 0.014323
0 0.507324 0.272786 0.014648 0.019531
1 0.406738 0.193359 0.010742 0.014323
0 0.589844 0.192057 0.015625 0.019531
0 0.620117 0.216146 0.013672 0.018229
0 0.648926 0.199219 0.012695 0.018229
0 0.667969 0.245443 0.015625 0.019531
0 0.614258 0.238281 0.011719 0.015625
0 0.699219 0.130859 0.013672 0.016927
0 0.708008 0.205078 0.013672 0.016927
0 0.708984 0.223307 0.013672 0.016927
0 0.739746 0.220052 0.014648 0.018229
0 0.815430 0.146484 0.011719 0.016927
0 0.716797 0.289714 0.013672 0.022135
0 0.690430 0.305990 0.015625 0.023438
0 0.607422 0.388672 0.013672 0.019531
0 0.696289 0.382812 0.015625 0.020833
0 0.770020 0.402344 0.014648 0.020833
0 0.870117 0.447917 0.015625 0.020833
0 0.879883 0.434896 0.015625 0.020833
0 0.886230 0.421224 0.014648 0.014323
0 0.882812 0.404948 0.013672 0.015625
0 0.925781 0.409505 0.013672 0.016927
0 0.741211 0.343099 0.011719 0.016927
0 0.739258 0.361979 0.017578 0.020833
0 0.751465 0.350260 0.010742 0.018229
1 0.753906 0.436198 0.015625 0.023438
0 0.641113 0.419271 0.016602 0.020833
0 0.515625 0.467448 0.013672 0.020833
0 0.570801 0.461589 0.012695 0.014323
0 0.568359 0.476562 0.015625 0.015625
0 0.517090 0.513672 0.012695 0.014323
0 0.519043 0.528646 0.014648 0.015625
0 0.541016 0.507812 0.013672 0.018229
0 0.548340 0.535156 0.012695 0.018229
0 0.538086 0.550130 0.013672 0.016927
0 0.681152 0.453776 0.012695 0.019531
0 0.692383 0.460286 0.013672 0.022135
0 0.668945 0.493490 0.013672 0.013021
0 0.672363 0.508464 0.012695 0.016927
0 0.688477 0.499349 0.011719 0.016927
0 0.566406 0.577474 0.013672 0.019531
0 0.621582 0.585938 0.012695 0.015625
0 0.618652 0.600911 0.012695 0.016927
0 0.698242 0.643229 0.013672 0.018229
0 0.784668 0.542318 0.014648 0.019531
0 0.781250 0.525391 0.011719 0.016927
0 0.791992 0.523438 0.013672 0.015625
0 0.880371 0.528646 0.010742 0.015625
0 0.877441 0.546224 0.012695 0.014323
0 0.909180 0.581380 0.013672 0.019531
0 0.850586 0.638672 0.013672 0.014323
0 0.851074 0.654948 0.012695 0.018229
0 0.904785 0.664062 0.014648 0.020833
0 0.672363 0.750651 0.014648 0.016927
0 0.741211 0.736328 0.013672 0.019531
0 0.859375 0.727214 0.013672 0.019531
0 0.932129 0.766276 0.012695 0.016927
0 0.833496 0.777995 0.012695 0.016927
0 0.813477 0.811849 0.013672 0.016927
0 0.685059 0.864583 0.016602 0.020833
0 0.652344 0.892578 0.015625 0.019531
0 0.662598 0.942057 0.012695 0.022135
0 0.744629 0.932292 0.014648 0.020833
0 0.701172 0.888672 0.013672 0.014323
0 0.561523 0.826172 0.015625 0.019531
0 0.554688 0.808594 0.013672 0.018229
0 0.562988 0.797526 0.012695 0.014323
0 0.572266 0.804688 0.011719 0.015625
0 0.658203 0.677083 0.013672 0.018229
0 0.649902 0.666016 0.010742 0.019531
0 0.659668 0.660807 0.012695 0.016927
1 0.480469 0.953776 0.013672 0.022135
0 0.815918 0.986979 0.012695 0.018229
0 0.639648 0.806641 0.015625 0.016927
0 0.635254 0.822266 0.014648 0.019531
0 0.625977 0.833333 0.013672 0.013021
0 0.625000 0.850260 0.013672 0.015625
0 0.074219 0.826823 0.013672 0.018229
0 0.075195 0.811198 0.013672 0.015625
0 0.073242 0.795573 0.013672 0.015625
1 0.123047 0.339844 0.011719 0.015625
0 0.977051 0.731120 0.012695 0.014323
0 0.980469 0.744141 0.011719 0.014323
0 0.988281 0.891276 0.015625 0.019531
0 0.716309 0.877604 0.014648 0.018229
0 0.759277 0.036458 0.014648 0.020833
0 0.759277 0.017578 0.014648 0.016927
0 0.795898 0.016927 0.011719 0.018229
0 0.806641 0.013021 0.011719 0.015625
0 0.854492 0.038411 0.011719 0.016927
0 0.875000 0.091146 0.013672 0.018229
0 0.845703 0.121094 0.011719 0.013021
0 0.847656 0.143880 0.013672 0.016927
0 0.636719 0.103516 0.013672 0.014323
0 0.635742 0.086589 0.013672 0.016927
0 0.546387 0.108073 0.012695 0.018229
0 0.509277 0.079427 0.012695 0.013021
0 0.514160 0.065755 0.012695 0.014323
0 0.526855 0.070964 0.012695 0.016927
0 0.606934 0.070312 0.014648 0.018229
0 0.607910 0.054036 0.014648 0.016927
0 0.615234 0.039062 0.015625 0.018229
0 0.617188 0.009115 0.015625 0.015625
