0 0.106445 0.831380 0.017578 0.022135
0 0.306641 0.940104 0.015625 0.020833
0 0.085449 0.754557 0.012695 0.014323
0 0.056641 0.707682 0.009766 0.014323
0 0.067383 0.713542 0.009766 0.013021
0 0.152832 0.757161 0.012695 0.016927
0 0.171387 0.733073 0.014648 0.018229
0 0.453125 0.796875 0.015625 0.015625
0 0.073242 0.516927 0.015625 0.018229
0 0.079102 0.632161 0.017578 0.019531
0 0.149414 0.484375 0.011719 0.015625
0 0.148438 0.616536 0.015625 0.016927
0 0.149902 0.637370 0.014648 0.016927
0 0.191406 0.434896 0.013672 0.020833
0 0.201660 0.367839 0.016602 0.019531
0 0.220703 0.339844 0.013672 0.020833
0 0.299316 0.391927 0.014648 0.018229
0 0.318359 0.432292 0.011719 0.015625
0 0.376465 0.435547 0.012695 0.016927
0 0.440430 0.608073 0.011719 0.018229
0 0.417480 0.345703 0.012695 0.019531
0 0.387207 0.330078 0.016602 0.022135
0 0.349121 0.137370 0.014648 0.019531
0 0.223145 0.194010 0.014648 0.020833
0 0.103516 0.175781 0.019531 0.023438
0 0.127441 0.085286 0.014648 0.019531
0 0.301270 0.029948 0.014648 0.020833
0 0.465332 0.116536 0.014648 0.019531
0 0.553223 0.315755 0.016602 0.019531
0 0.585449 0.186198 0.014648 0.018229
0 0.522461 0.121094 0.013672 0.018229
0 0.534180 0.126302 0.011719 0.020833
0 0.754883 0.125651 0.019531 0.024740
0 0.773438 0.149089 0.015625 0.019531
0 0.710938 0.171875 0.017578 0.018229
0 0.820312 0.069661 0.013672 0.019531
0 0.829590 0.083333 0.018555 0.018229
0 0.959473 0.059245 0.014648 0.022135
0 0.990723 0.073568 0.018555 0.024740
0 0.990234 0.162109 0.015625 0.016927
0 0.964844 0.221354 0.019531 0.028646
0 0.982910 0.259766 0.014648 0.019531
0 0.883301 0.345703 0.016602 0.022135
0 0.639648 0.327474 0.019531 0.024740
0 0.737793 0.250000 0.014648 0.020833
0 0.735840 0.302734 0.018555 0.019531
0 0.713379 0.323568 0.012695 0.016927
0 0.625000 0.418620 0.015625 0.019531
0 0.946777 0.337891 0.016602 0.024740
0 0.851562 0.427083 0.015625 0.018229
0 0.877441 0.420573 0.016602 0.020833
1 0.796875 0.436198 0.017578 0.020833
1 0.805664 0.418620 0.013672 0.016927
0 0.960449 0.503906 0.016602 0.023438
0 0.811523 0.533203 0.017578 0.024740
0 0.938965 0.570312 0.016602 0.020833
0 0.812988 0.580729 0.018555 0.023438
0 0.561523 0.606771 0.015625 0.023438
0 0.574219 0.762370 0.019531 0.029948
0 0.539551 0.796224 0.016602 0.022135
0 0.649902 0.755859 0.016602 0.022135
0 0.724609 0.776042 0.017578 0.023438
0 0.563965 0.847005 0.018555 0.024740
0 0.634277 0.923177 0.016602 0.023438
0 0.713867 0.872396 0.017578 0.026042
0 0.826660 0.657552 0.014648 0.020833
0 0.853027 0.766927 0.016602 0.023438
0 0.948730 0.846354 0.014648 0.018229
0 0.874023 0.942708 0.013672 0.020833
0 0.760254 0.555339 0.012695 0.019531
0 0.780273 0.574219 0.013672 0.023438
1 0.217285 0.837240 0.014648 0.020833
1 0.880371 0.865885 0.014648 0.018229
0 0.398438 0.053385 0.013672 0.015625
0 0.406250 0.072917 0.013672 0.015625
0 0.600098 0.210938 0.014648 0.018229
0 0.592285 0.202474 0.014648 0.019531
0 0.413574 0.301432 0.014648 0.019531
0 0.421387 0.285807 0.014648 0.019531
0 0.107422 0.988932 0.015625 0.019531
0 0.708984 0.698568 0.015625 0.019531
0 0.717285 0.692708 0.014648 0.018229
0 0.831055 0.013672 0.015625 0.019531
0 0.872559 0.805990 0.014648 0.018229
0 0.874023 0.832682 0.015625 0.022135
0 0.885254 0.818359 0.016602 0.022135
