0 0.126465 0.989583 0.008789 0.015625
0 0.193359 0.988932 0.011719 0.016927
0 0.239746 0.749349 0.014648 0.019531
0 0.405762 0.763021 0.010742 0.018229
0 0.471680 0.895833 0.013672 0.020833
0 0.277344 0.700521 0.015625 0.020833
0 0.283691 0.684896 0.012695 0.020833
0 0.104492 0.641927 0.015625 0.020833
0 0.176270 0.611328 0.012695 0.016927
0 0.175781 0.594401 0.011719 0.016927
0 0.198242 0.606771 0.011719 0.018229
0 0.016113 0.735026 0.012695 0.019531
0 0.208984 0.789714 0.011719 0.016927
0 0.215332 0.782552 0.010742 0.015625
0 0.059570 0.500000 0.015625 0.020833
0 0.151855 0.509115 0.016602 0.023438
0 0.067383 0.548828 0.017578 0.022135
0 0.064453 0.569010 0.013672 0.018229
0 0.214355 0.472656 0.012695 0.018229
0 0.214844 0.456380 0.011719 0.019531
0 0.237305 0.539062 0.013672 0.018229
0 0.163574 0.561849 0.014648 0.022135
0 0.245117 0.559245 0.013672 0.019531
0 0.348145 0.557943 0.014648 0.022135
0 0.340332 0.511719 0.012695 0.018229
0 0.402344 0.483724 0.011719 0.019531
0 0.038086 0.415365 0.013672 0.020833
0 0.008301 0.352865 0.014648 0.026042
0 0.102539 0.374349 0.009766 0.014323
0 0.400879 0.393229 0.012695 0.018229
0 0.231934 0.311198 0.012695 0.018229
0 0.037598 0.229167 0.012695 0.018229
0 0.082520 0.227214 0.012695 0.022135
0 0.173340 0.258464 0.012695 0.016927
0 0.193848 0.278646 0.016602 0.020833
0 0.154297 0.445312 0.013672 0.018229
0 0.167480 0.447917 0.012695 0.020833
0 0.333008 0.279948 0.015625 0.020833
0 0.371582 0.252604 0.012695 0.018229
0 0.416992 0.228516 0.013672 0.019531
0 0.453613 0.299479 0.012695 0.018229
0 0.515137 0.408203 0.014648 0.016927
0 0.515625 0.390625 0.013672 0.018229
0 0.570312 0.537109 0.015625 0.022135
0 0.588867 0.552734 0.015625 0.024740
0 0.578613 0.244141 0.014648 0.019531
0 0.593262 0.205078 0.014648 0.019531
0 0.542480 0.191406 0.014648 0.018229
0 0.492676 0.175781 0.014648 0.020833
0 0.245605 0.148438 0.014648 0.020833
1 0.286621 0.097005 0.014648 0.024740
1 0.567383 0.234375 0.011719 0.018229
0 0.509277 0.087891 0.016602 0.024740
0 0.570312 0.046224 0.015625 0.022135
0 0.645996 0.243490 0.012695 0.018229
0 0.694336 0.232422 0.013672 0.022135
0 0.717285 0.123047 0.012695 0.022135
0 0.729980 0.049479 0.014648 0.023438
0 0.769043 0.202474 0.016602 0.024740
0 0.774414 0.261719 0.017578 0.023438
0 0.798828 0.247396 0.015625 0.018229
0 0.776855 0.339193 0.016602 0.024740
0 0.761230 0.388021 0.014648 0.018229
0 0.735840 0.464844 0.014648 0.020833
0 0.740723 0.520833 0.014648 0.020833
0 0.610352 0.458984 0.013672 0.019531
0 0.620117 0.453125 0.011719 0.018229
0 0.632812 0.581380 0.015625 0.022135
0 0.624023 0.688151 0.017578 0.022135
0 0.604004 0.634766 0.012695 0.016927
0 0.611816 0.626302 0.012695 0.018229
0 0.736328 0.683594 0.013672 0.018229
0 0.836914 0.576823 0.017578 0.026042
0 0.869141 0.688151 0.013672 0.022135
1 0.733398 0.667318 0.017578 0.022135
0 0.548828 0.839844 0.017578 0.020833
0 0.514160 0.983073 0.014648 0.020833
0 0.661133 0.980469 0.013672 0.018229
0 0.582031 0.891276 0.013672 0.019531
0 0.666992 0.841797 0.011719 0.016927
0 0.713379 0.839193 0.012695 0.022135
0 0.821777 0.892578 0.016602 0.019531
1 0.586914 0.818359 0.013672 0.024740
1 0.589844 0.836589 0.015625 0.027344
0 0.928223 0.895182 0.016602 0.022135
0 0.935059 0.912109 0.012695 0.019531
0 0.939941 0.942057 0.014648 0.019531
0 0.990234 0.663411 0.015625 0.022135
0 0.954102 0.498047 0.015625 0.022135
0 0.951660 0.390625 0.014648 0.020833
0 0.919434 0.333984 0.014648 0.019531
0 0.947266 0.136719 0.013672 0.020833
0 0.974121 0.107422 0.014648 0.019531
0 0.967285 0.179036 0.012695 0.014323
0 0.975098 0.188802 0.012695 0.018229
0 0.899902 0.035156 0.014648 0.020833
0 0.930664 0.013672 0.015625 0.022135
0 0.521484 0.159505 0.013672 0.019531
0 0.681152 0.428385 0.014648 0.020833
0 0.680176 0.447917 0.014648 0.020833
0 0.669922 0.457031 0.015625 0.020833
0 0.462402 0.061198 0.014648 0.020833
0 0.472168 0.048177 0.014648 0.020833
0 0.668457 0.014323 0.014648 0.020833
0 0.006348 0.435547 0.010742 0.019531
