0 0.201563 0.985417 0.025000 0.029167
1 0.883594 0.085417 0.023438 0.033333
1 0.164062 0.268750 0.021875 0.029167
1 0.310156 0.443750 0.023438 0.029167
1 0.558594 0.225000 0.020313 0.029167
1 0.992188 0.918750 0.015625 0.029167
1 0.121094 0.369792 0.026562 0.027083
1 0.280469 0.218750 0.017188 0.025000
0 0.023438 0.078125 0.025000 0.027083
0 0.037500 0.116667 0.025000 0.033333
0 0.050000 0.170833 0.021875 0.025000
0 0.056250 0.130208 0.021875 0.022917
0 0.069531 0.070833 0.020313 0.025000
0 0.090625 0.043750 0.025000 0.029167
0 0.109375 0.108333 0.018750 0.025000
0 0.122656 0.121875 0.020313 0.027083
0 0.081250 0.207292 0.018750 0.027083
0 0.149219 0.073958 0.017188 0.022917
0 0.200000 0.014583 0.025000 0.025000
0 0.192188 0.094792 0.025000 0.031250
0 0.227344 0.051042 0.020313 0.027083
0 0.283594 0.098958 0.017188 0.022917
0 0.308594 0.016667 0.023438 0.025000
0 0.310937 0.052083 0.021875 0.025000
0 0.360938 0.050000 0.021875 0.025000
0 0.393750 0.023958 0.021875 0.027083
0 0.217969 0.168750 0.020313 0.025000
0 0.382812 0.121875 0.018750 0.022917
0 0.163281 0.223958 0.020313 0.027083
0 0.546875 0.006250 0.018750 0.008333
0 0.507031 0.014583 0.020313 0.025000
0 0.511719 0.033333 0.020313 0.020833
0 0.675000 0.035417 0.018750 0.025000
0 0.657813 0.062500 0.018750 0.029167
0 0.569531 0.044792 0.020313 0.027083
0 0.540625 0.061458 0.021875 0.027083
0 0.538281 0.118750 0.020313 0.025000
0 0.457031 0.141667 0.020313 0.025000
0 0.578125 0.222917 0.018750 0.020833
0 0.539062 0.169792 0.018750 0.022917
0 0.481250 0.170833 0.021875 0.029167
0 0.498437 0.231250 0.018750 0.025000
0 0.439844 0.202083 0.017188 0.025000
0 0.383594 0.184375 0.017188 0.022917
0 0.545312 0.235417 0.018750 0.025000
0 0.562500 0.278125 0.021875 0.022917
0 0.603906 0.317708 0.020313 0.027083
0 0.638281 0.368750 0.017188 0.025000
0 0.667969 0.387500 0.020313 0.025000
0 0.535937 0.292708 0.018750 0.027083
0 0.482031 0.326042 0.020313 0.027083
0 0.452344 0.310417 0.020313 0.025000
0 0.502344 0.292708 0.026562 0.035417
0 0.632812 0.438542 0.018750 0.027083
0 0.678906 0.525000 0.017188 0.029167
0 0.655469 0.520833 0.017188 0.025000
0 0.614844 0.526042 0.020313 0.031250
0 0.612500 0.586458 0.018750 0.022917
0 0.585156 0.526042 0.020313 0.027083
0 0.613281 0.470833 0.023438 0.029167
0 0.538281 0.590625 0.020313 0.022917
0 0.493750 0.563542 0.018750 0.022917
0 0.520312 0.496875 0.015625 0.022917
0 0.465625 0.485417 0.018750 0.029167
0 0.436719 0.513542 0.017188 0.022917
0 0.410938 0.520833 0.015625 0.029167
0 0.442188 0.452083 0.015625 0.025000
0 0.395313 0.390625 0.021875 0.022917
0 0.337500 0.521875 0.018750 0.027083
0 0.325000 0.522917 0.018750 0.025000
0 0.180469 0.584375 0.020313 0.027083
0 0.153125 0.584375 0.018750 0.027083
0 0.103906 0.562500 0.017188 0.025000
0 0.022656 0.539583 0.017188 0.025000
0 0.075781 0.473958 0.017188 0.022917
0 0.166406 0.487500 0.017188 0.025000
0 0.143750 0.467708 0.018750 0.027083
0 0.128906 0.518750 0.017188 0.025000
0 0.110156 0.525000 0.017188 0.020833
0 0.113281 0.507292 0.020313 0.027083
0 0.010937 0.497917 0.018750 0.025000
0 0.007812 0.480208 0.012500 0.027083
0 0.059375 0.365625 0.018750 0.027083
0 0.011719 0.344792 0.020313 0.022917
0 0.114062 0.279167 0.018750 0.025000
0 0.214062 0.227083 0.018750 0.025000
0 0.287500 0.232292 0.015625 0.022917
0 0.246094 0.247917 0.014063 0.020833
0 0.132031 0.303125 0.020313 0.022917
0 0.174219 0.304167 0.023438 0.029167
0 0.170313 0.358333 0.018750 0.025000
0 0.215625 0.290625 0.018750 0.022917
0 0.229687 0.297917 0.018750 0.025000
0 0.274219 0.339583 0.017188 0.025000
0 0.291406 0.382292 0.020313 0.022917
0 0.325781 0.352083 0.020313 0.025000
0 0.310937 0.275000 0.018750 0.025000
0 0.373437 0.246875 0.018750 0.022917
0 0.340625 0.411458 0.018750 0.027083
0 0.276562 0.481250 0.021875 0.029167
0 0.252344 0.434375 0.017188 0.022917
0 0.196875 0.435417 0.018750 0.020833
0 0.200000 0.464583 0.021875 0.025000
0 0.237500 0.454167 0.018750 0.025000
1 0.222656 0.436458 0.023438 0.035417
0 0.385156 0.218750 0.020313 0.029167
0 0.264844 0.179167 0.020313 0.029167
0 0.269531 0.198958 0.020313 0.022917
0 0.139063 0.613542 0.018750 0.022917
0 0.078906 0.651042 0.020313 0.022917
0 0.079687 0.675000 0.018750 0.025000
0 0.125000 0.639583 0.018750 0.025000
0 0.289062 0.611458 0.021875 0.027083
0 0.436719 0.595833 0.020313 0.025000
0 0.594531 0.623958 0.017188 0.027083
0 0.652344 0.627083 0.017188 0.020833
0 0.664062 0.662500 0.018750 0.025000
0 0.529687 0.634375 0.018750 0.022917
0 0.528906 0.669792 0.017188 0.022917
0 0.497656 0.675000 0.020313 0.025000
0 0.410156 0.646875 0.017188 0.022917
0 0.394531 0.656250 0.020313 0.025000
0 0.378906 0.675000 0.020313 0.025000
0 0.344531 0.706250 0.020313 0.029167
0 0.311719 0.709375 0.020313 0.027083
0 0.273438 0.641667 0.018750 0.025000
0 0.255469 0.670833 0.017188 0.025000
0 0.242969 0.680208 0.017188 0.022917
0 0.282031 0.685417 0.017188 0.020833
0 0.275781 0.669792 0.020313 0.027083
0 0.264062 0.708333 0.018750 0.025000
0 0.223438 0.706250 0.018750 0.025000
0 0.220312 0.722917 0.018750 0.020833
0 0.197656 0.728125 0.020313 0.027083
0 0.096875 0.738542 0.021875 0.027083
0 0.177344 0.748958 0.017188 0.027083
0 0.190625 0.753125 0.018750 0.022917
0 0.234375 0.767708 0.018750 0.022917
0 0.367188 0.773958 0.018750 0.022917
0 0.395313 0.759375 0.021875 0.022917
0 0.467969 0.763542 0.017188 0.027083
0 0.606250 0.751042 0.015625 0.022917
0 0.517969 0.812500 0.017188 0.025000
0 0.607031 0.772917 0.017188 0.025000
0 0.007031 0.810417 0.010937 0.025000
0 0.158594 0.793750 0.017188 0.020833
0 0.202344 0.793750 0.020313 0.025000
0 0.322656 0.821875 0.020313 0.027083
0 0.414844 0.802083 0.020313 0.025000
0 0.397656 0.807292 0.023438 0.027083
0 0.382812 0.793750 0.021875 0.025000
0 0.567969 0.815625 0.017188 0.022917
0 0.590625 0.809375 0.015625 0.027083
0 0.610156 0.807292 0.017188 0.022917
0 0.629687 0.842708 0.021875 0.022917
0 0.582031 0.839583 0.017188 0.020833
0 0.568750 0.834375 0.015625 0.018750
0 0.558594 0.852083 0.017188 0.025000
0 0.545312 0.835417 0.015625 0.029167
0 0.532031 0.836458 0.017188 0.027083
0 0.595313 0.881250 0.015625 0.020833
0 0.578125 0.885417 0.021875 0.025000
0 0.452344 0.910417 0.020313 0.025000
0 0.664062 0.955208 0.015625 0.022917
0 0.605469 0.944792 0.020313 0.027083
0 0.567187 0.944792 0.021875 0.027083
0 0.557813 0.957292 0.018750 0.022917
0 0.542969 0.950000 0.020313 0.025000
0 0.493750 0.980208 0.018750 0.022917
0 0.530469 0.990625 0.020313 0.018750
0 0.380469 0.992708 0.020313 0.014583
0 0.334375 0.991667 0.015625 0.016667
0 0.367188 0.958333 0.018750 0.025000
0 0.217969 0.846875 0.020313 0.022917
0 0.230469 0.886458 0.017188 0.022917
0 0.230469 0.903125 0.017188 0.022917
0 0.215625 0.907292 0.018750 0.027083
0 0.205469 0.922917 0.020313 0.025000
0 0.181250 0.915625 0.018750 0.022917
0 0.170313 0.890625 0.018750 0.022917
0 0.135156 0.908333 0.020313 0.020833
0 0.153125 0.884375 0.018750 0.018750
0 0.142969 0.851042 0.020313 0.022917
0 0.143750 0.875000 0.021875 0.025000
0 0.097656 0.854167 0.020313 0.025000
0 0.070312 0.852083 0.021875 0.029167
0 0.048438 0.868750 0.021875 0.020833
0 0.082031 0.902083 0.017188 0.020833
0 0.070312 0.890625 0.018750 0.022917
0 0.028125 0.905208 0.021875 0.022917
0 0.707031 0.862500 0.023438 0.025000
0 0.809375 0.956250 0.018750 0.025000
0 0.803125 0.976042 0.018750 0.022917
0 0.877344 0.981250 0.017188 0.025000
0 0.913281 0.993750 0.017188 0.012500
0 0.940625 0.993750 0.015625 0.012500
0 0.935937 0.966667 0.015625 0.020833
0 0.988281 0.961458 0.020313 0.027083
0 0.982031 0.882292 0.017188 0.027083
0 0.946094 0.879167 0.023438 0.025000
0 0.931250 0.890625 0.018750 0.027083
0 0.911719 0.896875 0.017188 0.027083
0 0.883594 0.898958 0.017188 0.022917
0 0.838281 0.909375 0.017188 0.022917
0 0.818750 0.869792 0.021875 0.027083
0 0.772656 0.858333 0.017188 0.020833
0 0.847656 0.852083 0.020313 0.025000
0 0.775781 0.835417 0.020313 0.025000
0 0.904687 0.820833 0.021875 0.029167
0 0.964844 0.793750 0.017188 0.025000
0 0.896094 0.795833 0.020313 0.020833
0 0.782031 0.796875 0.023438 0.027083
0 0.777344 0.776042 0.014063 0.018750
0 0.767188 0.777083 0.012500 0.020833
0 0.755469 0.763542 0.017188 0.022917
0 0.719531 0.665625 0.020313 0.022917
0 0.781250 0.657292 0.018750 0.022917
0 0.805469 0.669792 0.020313 0.027083
0 0.793750 0.616667 0.018750 0.025000
0 0.860156 0.701042 0.017188 0.022917
0 0.866406 0.681250 0.017188 0.029167
0 0.937500 0.688542 0.018750 0.022917
0 0.975000 0.671875 0.015625 0.027083
0 0.953906 0.682292 0.017188 0.022917
0 0.957812 0.667708 0.018750 0.022917
0 0.836719 0.659375 0.017188 0.022917
0 0.829688 0.634375 0.018750 0.027083
0 0.814063 0.629167 0.018750 0.029167
0 0.903125 0.632292 0.018750 0.022917
0 0.882812 0.633333 0.018750 0.029167
0 0.850781 0.579167 0.017188 0.029167
0 0.870313 0.571875 0.018750 0.022917
0 0.884375 0.564583 0.018750 0.029167
0 0.990625 0.585417 0.018750 0.025000
0 0.971875 0.559375 0.021875 0.022917
0 0.890625 0.537500 0.018750 0.020833
0 0.793750 0.561458 0.018750 0.022917
0 0.751563 0.561458 0.018750 0.022917
0 0.762500 0.533333 0.021875 0.025000
0 0.715625 0.472917 0.018750 0.020833
0 0.764844 0.476042 0.017188 0.022917
0 0.771875 0.497917 0.018750 0.025000
0 0.814063 0.482292 0.018750 0.022917
0 0.985156 0.514583 0.020313 0.025000
0 0.943750 0.469792 0.018750 0.027083
0 0.907031 0.447917 0.020313 0.025000
0 0.992969 0.461458 0.014063 0.022917
0 0.971094 0.421875 0.023438 0.027083
0 0.842187 0.428125 0.018750 0.022917
0 0.771875 0.416667 0.018750 0.025000
0 0.738281 0.420833 0.017188 0.020833
0 0.752344 0.408333 0.017188 0.025000
0 0.742969 0.388542 0.023438 0.031250
0 0.805469 0.401042 0.020313 0.022917
0 0.726562 0.366667 0.018750 0.025000
0 0.855469 0.381250 0.017188 0.025000
0 0.846094 0.401042 0.020313 0.022917
0 0.823438 0.407292 0.018750 0.031250
0 0.908594 0.376042 0.020313 0.027083
0 0.920312 0.383333 0.018750 0.025000
0 0.935937 0.403125 0.018750 0.027083
0 0.960156 0.386458 0.020313 0.022917
0 0.980469 0.311458 0.026562 0.039583
0 0.728906 0.288542 0.017188 0.027083
0 0.769531 0.266667 0.023438 0.025000
0 0.789844 0.259375 0.017188 0.018750
0 0.857031 0.218750 0.017188 0.020833
0 0.921094 0.247917 0.017188 0.025000
0 0.907031 0.246875 0.020313 0.027083
0 0.871094 0.201042 0.017188 0.022917
0 0.869531 0.177083 0.017188 0.020833
0 0.925781 0.183333 0.017188 0.025000
0 0.959375 0.211458 0.021875 0.027083
0 0.992969 0.218750 0.014063 0.025000
0 0.951562 0.173958 0.015625 0.022917
0 0.936719 0.166667 0.017188 0.025000
0 0.962500 0.144792 0.021875 0.027083
0 0.973437 0.166667 0.018750 0.025000
0 0.990625 0.139583 0.018750 0.029167
0 0.829688 0.181250 0.025000 0.033333
0 0.721094 0.161458 0.023438 0.022917
0 0.835938 0.142708 0.021875 0.022917
0 0.782813 0.133333 0.021875 0.025000
0 0.719531 0.115625 0.017188 0.018750
0 0.695312 0.111458 0.018750 0.022917
0 0.708594 0.083333 0.020313 0.025000
0 0.735938 0.100000 0.021875 0.025000
0 0.762500 0.089583 0.021875 0.029167
0 0.785937 0.104167 0.018750 0.020833
0 0.828125 0.055208 0.021875 0.022917
0 0.799219 0.031250 0.020313 0.025000
0 0.775781 0.009375 0.020313 0.014583
0 0.848437 0.030208 0.018750 0.022917
0 0.906250 0.109375 0.021875 0.022917
0 0.932031 0.066667 0.020313 0.025000
0 0.934375 0.044792 0.021875 0.027083
0 0.960938 0.011458 0.015625 0.018750
0 0.939844 0.010417 0.020313 0.016667
