1 0.197159 0.146970 0.037500 0.045455
1 0.165341 0.261364 0.044318 0.056061
1 0.386932 0.256061 0.039773 0.057576
1 0.311932 0.456061 0.044318 0.057576
1 0.339773 0.525000 0.043182 0.059091
1 0.414773 0.517424 0.056818 0.062121
1 0.305114 0.727273 0.048864 0.066667
1 0.322159 0.877273 0.046591 0.066667
1 0.280114 0.942424 0.046591 0.078788
1 0.680682 0.952273 0.052273 0.071212
1 0.755682 0.840152 0.052273 0.059091
1 0.877841 0.865152 0.055682 0.060606
1 0.609091 0.396212 0.029545 0.040909
0 0.221023 0.018182 0.046591 0.033333
0 0.014205 0.225758 0.026136 0.051515
0 0.234091 0.115152 0.043182 0.051515
0 0.348864 0.112879 0.038636 0.053030
0 0.611364 0.053788 0.043182 0.050000
0 0.333523 0.267424 0.042045 0.059091
0 0.198864 0.486364 0.040909 0.045455
0 0.381250 0.572727 0.037500 0.069697
0 0.621591 0.768182 0.040909 0.048485
0 0.581250 0.903788 0.037500 0.062121
0 0.490341 0.940152 0.053409 0.059091
0 0.422159 0.965152 0.042045 0.063636
0 0.823864 0.656061 0.038636 0.051515
0 0.374432 0.865152 0.035227 0.048485
0 0.136932 0.945455 0.028409 0.030303
0 0.509659 0.419697 0.026136 0.030303
1 0.036364 0.503030 0.045455 0.060606
1 0.943750 0.659848 0.048864 0.080303
1 0.881818 0.629545 0.050000 0.083333
