0 0.182955 0.684848 0.038636 0.048485
0 0.473864 0.598485 0.038636 0.051515
0 0.629545 0.768182 0.036364 0.051515
0 0.598864 0.918182 0.038636 0.048485
0 0.686364 0.786364 0.045455 0.063636
0 0.802273 0.518182 0.045455 0.060606
0 0.926136 0.650000 0.034091 0.045455
0 0.445455 0.771212 0.027273 0.039394
0 0.361364 0.930303 0.027273 0.036364
0 0.620455 0.228788 0.045455 0.057576
0 0.370455 0.637879 0.027273 0.039394
0 0.348864 0.268182 0.029545 0.039394
0 0.393182 0.278788 0.027273 0.042424
1 0.223864 0.146970 0.038636 0.051515
1 0.296591 0.527273 0.034091 0.048485
1 0.927273 0.509091 0.036364 0.048485
1 0.973864 0.618182 0.043182 0.060606
1 0.832955 0.250000 0.029545 0.039394
1 0.557955 0.107576 0.029545 0.039394
