0 0.220455 0.018182 0.045455 0.030303
0 0.093182 0.148485 0.040909 0.048485
0 0.014773 0.715152 0.025000 0.078788
0 0.159091 0.698485 0.040909 0.051515
0 0.196591 0.815152 0.043182 0.054545
0 0.395455 0.778788 0.036364 0.048485
0 0.307955 0.409091 0.038636 0.048485
0 0.211364 0.528788 0.040909 0.051515
0 0.236364 0.537879 0.036364 0.051515
0 0.364773 0.575758 0.038636 0.048485
0 0.477273 0.606061 0.036364 0.048485
0 0.570455 0.937879 0.036364 0.051515
0 0.520455 0.978788 0.050000 0.042424
0 0.782955 0.978788 0.034091 0.042424
0 0.711364 0.718182 0.036364 0.048485
0 0.886364 0.856061 0.040909 0.051515
0 0.207955 0.218182 0.025000 0.030303
0 0.952273 0.051515 0.027273 0.042424
0 0.905682 0.089394 0.043182 0.057576
0 0.842045 0.395455 0.034091 0.039394
1 0.846591 0.024242 0.029545 0.042424
